    Energy    <xanes>    
  11364.00  1.4727692E-02
  11364.01  1.4727868E-02
  11364.01  1.4728200E-02
  11364.03  1.4728840E-02
  11364.04  1.4729070E-02
  11364.06  1.4729791E-02
  11364.07  1.4730415E-02
  11364.09  1.4731086E-02
  11364.09  1.4731360E-02
  11364.10  1.4731638E-02
  11364.10  1.4731925E-02
  11364.10  1.4731976E-02
  11364.11  1.4732132E-02
  11364.11  1.4732239E-02
  11364.12  1.4733120E-02
  11364.13  1.4733290E-02
  11364.13  1.4733691E-02
  11364.14  1.4733927E-02
  11364.14  1.4734052E-02
  11364.14  1.4734115E-02
  11364.15  1.4734376E-02
  11364.17  1.4736114E-02
  11364.18  1.4736324E-02
  11364.18  1.4736610E-02
  11364.19  1.4737415E-02
  11364.20  1.4738472E-02
  11364.21  1.4738626E-02
  11364.21  1.4738705E-02
  11364.21  1.4738785E-02
  11364.21  1.4738947E-02
  11364.21  1.4739112E-02
  11364.21  1.4739196E-02
  11364.22  1.4739785E-02
  11364.22  1.4739957E-02
  11364.22  1.4740219E-02
  11364.23  1.4741026E-02
  11364.25  1.4742851E-02
  11364.26  1.4743399E-02
  11364.26  1.4743490E-02
  11364.26  1.4743673E-02
  11364.29  1.4745864E-02
  11364.29  1.4745955E-02
  11364.30  1.4746686E-02
  11364.30  1.4746959E-02
  11364.30  1.4747416E-02
  11364.32  1.4748695E-02
  11364.32  1.4749152E-02
  11364.33  1.4749517E-02
  11364.33  1.4749791E-02
  11364.34  1.4750248E-02
  11364.34  1.4750614E-02
  11364.34  1.4750705E-02
  11364.34  1.4751071E-02
  11364.36  1.4752442E-02
  11364.39  1.4755093E-02
  11364.40  1.4755733E-02
  11364.41  1.4756830E-02
  11364.41  1.4757013E-02
  11364.91  1.4802832E-02
  11365.41  1.4848896E-02
  11365.91  1.4895206E-02
  11366.41  1.4941764E-02
  11366.91  1.4988572E-02
  11367.41  1.5035633E-02
  11367.91  1.5082948E-02
  11368.41  1.5130518E-02
  11368.91  1.5178347E-02
  11369.41  1.5226436E-02
  11369.91  1.5274787E-02
  11370.41  1.5323403E-02
  11370.91  1.5372285E-02
  11371.41  1.5421435E-02
  11371.91  1.5470857E-02
  11372.41  1.5520551E-02
  11372.91  1.5570520E-02
  11373.41  1.5620767E-02
  11373.91  1.5671293E-02
  11374.41  1.5722101E-02
  11374.91  1.5773193E-02
  11375.41  1.5824572E-02
  11375.91  1.5876239E-02
  11376.41  1.5928198E-02
  11376.91  1.5980451E-02
  11377.41  1.6032999E-02
  11377.91  1.6085846E-02
  11378.41  1.6138994E-02
  11378.91  1.6192445E-02
  11379.41  1.6246203E-02
  11379.91  1.6300269E-02
  11380.41  1.6354646E-02
  11380.91  1.6409337E-02
  11381.41  1.6464345E-02
  11381.91  1.6519671E-02
  11382.41  1.6575320E-02
  11382.91  1.6631293E-02
  11383.41  1.6687593E-02
  11383.91  1.6744224E-02
  11384.41  1.6801188E-02
  11384.91  1.6858487E-02
  11385.41  1.6916125E-02
  11385.91  1.6974105E-02
  11386.41  1.7032430E-02
  11386.91  1.7091103E-02
  11387.41  1.7150126E-02
  11387.91  1.7209503E-02
  11388.41  1.7269236E-02
  11388.91  1.7329330E-02
  11389.41  1.7389787E-02
  11389.91  1.7450611E-02
  11390.41  1.7511804E-02
  11390.91  1.7573371E-02
  11391.41  1.7635313E-02
  11391.91  1.7697636E-02
  11392.41  1.7760341E-02
  11392.91  1.7823434E-02
  11393.41  1.7886916E-02
  11393.91  1.7950792E-02
  11394.41  1.8015065E-02
  11394.91  1.8079739E-02
  11395.41  1.8144817E-02
  11395.91  1.8210304E-02
  11396.41  1.8276203E-02
  11396.91  1.8342517E-02
  11397.41  1.8409251E-02
  11397.91  1.8476409E-02
  11398.41  1.8543994E-02
  11398.91  1.8612011E-02
  11399.41  1.8680463E-02
  11399.91  1.8749355E-02
  11400.41  1.8818691E-02
  11400.91  1.8888474E-02
  11401.41  1.8958710E-02
  11401.91  1.9029403E-02
  11402.41  1.9100556E-02
  11402.91  1.9172175E-02
  11403.41  1.9244264E-02
  11403.91  1.9316827E-02
  11404.41  1.9389868E-02
  11404.91  1.9463394E-02
  11405.41  1.9537408E-02
  11405.91  1.9611914E-02
  11406.41  1.9686919E-02
  11406.91  1.9762427E-02
  11407.41  1.9838442E-02
  11407.91  1.9914970E-02
  11408.41  1.9992016E-02
  11408.91  2.0069585E-02
  11409.41  2.0147682E-02
  11409.91  2.0226313E-02
  11410.41  2.0305482E-02
  11410.91  2.0385196E-02
  11411.41  2.0465460E-02
  11411.91  2.0546280E-02
  11412.41  2.0627660E-02
  11412.91  2.0709607E-02
  11413.41  2.0792127E-02
  11413.91  2.0875226E-02
  11414.41  2.0958909E-02
  11414.91  2.1043182E-02
  11415.41  2.1128053E-02
  11415.91  2.1213526E-02
  11416.41  2.1299609E-02
  11416.91  2.1386307E-02
  11417.41  2.1473628E-02
  11417.91  2.1561577E-02
  11418.41  2.1650162E-02
  11418.91  2.1739389E-02
  11419.41  2.1829265E-02
  11419.91  2.1919797E-02
  11420.41  2.2010992E-02
  11420.91  2.2102858E-02
  11421.41  2.2195401E-02
  11421.91  2.2288628E-02
  11422.41  2.2382549E-02
  11422.91  2.2477169E-02
  11423.41  2.2572497E-02
  11423.91  2.2668541E-02
  11424.41  2.2765307E-02
  11424.91  2.2862806E-02
  11425.41  2.2961044E-02
  11425.91  2.3060030E-02
  11426.41  2.3159772E-02
  11426.91  2.3260279E-02
  11427.41  2.3361560E-02
  11427.91  2.3463623E-02
  11428.41  2.3566477E-02
  11428.91  2.3670131E-02
  11429.41  2.3774596E-02
  11429.91  2.3879878E-02
  11430.41  2.3985990E-02
  11430.91  2.4092939E-02
  11431.41  2.4200736E-02
  11431.91  2.4309391E-02
  11432.41  2.4418913E-02
  11432.91  2.4529314E-02
  11433.41  2.4640603E-02
  11433.91  2.4752791E-02
  11434.41  2.4865889E-02
  11434.91  2.4979907E-02
  11435.41  2.5094857E-02
  11435.91  2.5210751E-02
  11436.41  2.5327599E-02
  11436.91  2.5445412E-02
  11437.41  2.5564204E-02
  11437.91  2.5683986E-02
  11438.41  2.5804770E-02
  11438.91  2.5926569E-02
  11439.41  2.6049394E-02
  11439.91  2.6173260E-02
  11440.41  2.6298179E-02
  11440.91  2.6424164E-02
  11441.41  2.6551229E-02
  11441.91  2.6679388E-02
  11442.41  2.6808654E-02
  11442.91  2.6939042E-02
  11443.41  2.7070565E-02
  11443.91  2.7203240E-02
  11444.41  2.7337080E-02
  11444.91  2.7472101E-02
  11445.41  2.7608318E-02
  11445.91  2.7745748E-02
  11446.41  2.7884405E-02
  11446.91  2.8024306E-02
  11447.41  2.8165469E-02
  11447.91  2.8307909E-02
  11448.41  2.8451644E-02
  11448.91  2.8596691E-02
  11449.41  2.8743068E-02
  11449.91  2.8890793E-02
  11450.41  2.9039885E-02
  11450.91  2.9190363E-02
  11451.41  2.9342245E-02
  11451.91  2.9495550E-02
  11452.41  2.9650300E-02
  11452.91  2.9806513E-02
  11453.41  2.9964211E-02
  11453.91  3.0123414E-02
  11454.41  3.0284144E-02
  11454.91  3.0446422E-02
  11455.41  3.0610272E-02
  11455.91  3.0775714E-02
  11456.41  3.0942773E-02
  11456.91  3.1111471E-02
  11457.41  3.1281833E-02
  11457.91  3.1453883E-02
  11458.41  3.1627646E-02
  11458.91  3.1803148E-02
  11459.41  3.1980413E-02
  11459.91  3.2159469E-02
  11460.41  3.2340342E-02
  11460.91  3.2523060E-02
  11461.41  3.2707650E-02
  11461.91  3.2894142E-02
  11462.41  3.3082565E-02
  11462.91  3.3272947E-02
  11463.41  3.3465320E-02
  11463.91  3.3659715E-02
  11464.41  3.3856163E-02
  11464.91  3.4054696E-02
  11465.41  3.4255347E-02
  11465.91  3.4458150E-02
  11466.41  3.4663139E-02
  11466.91  3.4870350E-02
  11467.41  3.5079818E-02
  11467.91  3.5291580E-02
  11468.41  3.5505674E-02
  11468.91  3.5722136E-02
  11469.41  3.5941007E-02
  11469.91  3.6162327E-02
  11470.41  3.6386136E-02
  11470.91  3.6612476E-02
  11471.41  3.6841390E-02
  11471.91  3.7072921E-02
  11472.41  3.7307113E-02
  11472.91  3.7544014E-02
  11473.41  3.7783668E-02
  11473.91  3.8026124E-02
  11474.41  3.8271431E-02
  11474.91  3.8519639E-02
  11475.41  3.8770799E-02
  11475.91  3.9024963E-02
  11476.41  3.9282184E-02
  11476.91  3.9542519E-02
  11477.41  3.9806022E-02
  11477.91  4.0072752E-02
  11478.41  4.0342768E-02
  11478.91  4.0616129E-02
  11479.41  4.0892898E-02
  11479.91  4.1173138E-02
  11480.41  4.1456914E-02
  11480.91  4.1744293E-02
  11481.41  4.2035343E-02
  11481.91  4.2330135E-02
  11482.41  4.2628739E-02
  11482.91  4.2931229E-02
  11483.41  4.3237682E-02
  11483.91  4.3548175E-02
  11484.41  4.3862787E-02
  11484.91  4.4181600E-02
  11485.41  4.4504697E-02
  11485.91  4.4832165E-02
  11486.41  4.5164093E-02
  11486.91  4.5500571E-02
  11487.41  4.5841691E-02
  11487.91  4.6187551E-02
  11488.41  4.6538248E-02
  11488.91  4.6893884E-02
  11489.41  4.7254563E-02
  11489.91  4.7620391E-02
  11490.41  4.7991479E-02
  11490.91  4.8367940E-02
  11491.41  4.8749890E-02
  11491.91  4.9137448E-02
  11492.41  4.9530739E-02
  11492.91  4.9929889E-02
  11493.41  5.0335029E-02
  11493.91  5.0746293E-02
  11494.41  5.1163820E-02
  11494.91  5.1587752E-02
  11495.41  5.2018238E-02
  11495.91  5.2455427E-02
  11496.41  5.2899478E-02
  11496.91  5.3350551E-02
  11497.41  5.3808813E-02
  11497.91  5.4274434E-02
  11498.41  5.4747593E-02
  11498.91  5.5228472E-02
  11499.41  5.5717260E-02
  11499.91  5.6214152E-02
  11500.41  5.6719349E-02
  11500.91  5.7233059E-02
  11501.41  5.7755497E-02
  11501.91  5.8286887E-02
  11502.41  5.8827456E-02
  11502.91  5.9377445E-02
  11503.41  5.9937097E-02
  11503.91  6.0506669E-02
  11504.41  6.1086424E-02
  11504.91  6.1676635E-02
  11505.41  6.2277585E-02
  11505.91  6.2889567E-02
  11506.41  6.3512886E-02
  11506.91  6.4147855E-02
  11507.41  6.4794802E-02
  11507.91  6.5454066E-02
  11508.41  6.6126000E-02
  11508.91  6.6810967E-02
  11509.41  6.7509349E-02
  11509.91  6.8221540E-02
  11510.41  6.8947949E-02
  11510.91  6.9689003E-02
  11511.41  7.0445144E-02
  11511.91  7.1216836E-02
  11512.41  7.2004557E-02
  11512.91  7.2808808E-02
  11513.41  7.3630110E-02
  11513.91  7.4469006E-02
  11514.41  7.5326062E-02
  11514.91  7.6201869E-02
  11515.41  7.7097044E-02
  11515.91  7.8012230E-02
  11516.41  7.8948099E-02
  11516.91  7.9905354E-02
  11517.41  8.0884729E-02
  11517.91  8.1886993E-02
  11518.41  8.2912950E-02
  11518.91  8.3963442E-02
  11519.41  8.5039350E-02
  11519.91  8.6141600E-02
  11520.41  8.7271161E-02
  11520.91  8.8429051E-02
  11521.41  8.9616337E-02
  11521.91  9.0834143E-02
  11522.41  9.2083647E-02
  11522.91  9.3366092E-02
  11523.41  9.4682782E-02
  11523.91  9.6035093E-02
  11524.41  9.7424475E-02
  11524.91  9.8852455E-02
  11525.41  1.0032065E-01
  11525.91  1.0183076E-01
  11526.41  1.0338458E-01
  11526.91  1.0498402E-01
  11527.41  1.0663109E-01
  11527.91  1.0832793E-01
  11528.41  1.1007680E-01
  11528.91  1.1188010E-01
  11529.41  1.1374038E-01
  11529.91  1.1566034E-01
  11530.41  1.1764286E-01
  11530.91  1.1969102E-01
  11531.41  1.2180808E-01
  11531.91  1.2399752E-01
  11532.41  1.2626307E-01
  11532.91  1.2860871E-01
  11533.41  1.3103869E-01
  11533.91  1.3355757E-01
  11534.41  1.3617026E-01
  11534.91  1.3888199E-01
  11535.41  1.4169841E-01
  11535.91  1.4462561E-01
  11536.41  1.4767012E-01
  11536.91  1.5083901E-01
  11537.41  1.5413993E-01
  11537.91  1.5758114E-01
  11538.41  1.6117159E-01
  11538.91  1.6492102E-01
  11539.41  1.6883998E-01
  11539.91  1.7294000E-01
  11540.41  1.7723363E-01
  11540.91  1.8173461E-01
  11541.41  1.8645795E-01
  11541.91  1.9142014E-01
  11542.41  1.9663930E-01
  11542.91  2.0213540E-01
  11543.41  2.0793046E-01
  11543.91  2.1404886E-01
  11544.41  2.2051764E-01
  11544.91  2.2736685E-01
  11545.41  2.3463000E-01
  11545.91  2.4234453E-01
  11546.41  2.5055241E-01
  11546.91  2.5930085E-01
  11547.41  2.6864305E-01
  11547.91  2.7863922E-01
  11548.41  2.8935774E-01
  11548.91  3.0087650E-01
  11549.41  3.1328461E-01
  11549.91  3.2668443E-01
  11550.41  3.4119398E-01
  11550.91  3.5695005E-01
  11551.41  3.7411182E-01
  11551.91  3.9286556E-01
  11552.41  4.1343035E-01
  11552.91  4.3606531E-01
  11553.41  4.6107874E-01
  11553.91  4.8883980E-01
  11554.41  5.1943348E-01
  11554.51  5.2604117E-01
  11554.61  5.3280214E-01
  11554.71  5.3972140E-01
  11554.81  5.4680419E-01
  11554.91  5.5405595E-01
  11555.01  5.6148234E-01
  11555.11  5.6908929E-01
  11555.21  5.7688297E-01
  11555.31  5.8486980E-01
  11555.41  5.9305650E-01
  11555.51  6.0145008E-01
  11555.61  6.1005785E-01
  11555.71  6.1888746E-01
  11555.81  6.2794689E-01
  11555.91  6.3724448E-01
  11556.01  6.4678897E-01
  11556.11  6.5658946E-01
  11556.21  6.6665551E-01
  11556.31  6.7699711E-01
  11556.41  6.8762471E-01
  11556.51  6.9854927E-01
  11556.61  7.0978225E-01
  11556.71  7.2133568E-01
  11556.81  7.3322215E-01
  11556.91  7.4545489E-01
  11557.01  7.5804774E-01
  11557.11  7.7101524E-01
  11557.21  7.8437267E-01
  11557.31  7.9813603E-01
  11557.41  8.1232216E-01
  11557.51  8.2694874E-01
  11557.61  8.4203433E-01
  11557.71  8.5759847E-01
  11557.81  8.7366167E-01
  11557.91  8.9024552E-01
  11558.01  9.0737273E-01
  11558.11  9.2506718E-01
  11558.21  9.4335401E-01
  11558.31  9.6225968E-01
  11558.41  9.8181204E-01
  11558.51  1.0020404E+00
  11558.61  1.0229757E+00
  11558.71  1.0446503E+00
  11558.81  1.0670985E+00
  11558.91  1.0903564E+00
  11559.01  1.1144619E+00
  11559.11  1.1394549E+00
  11559.21  1.1653774E+00
  11559.31  1.1922738E+00
  11559.41  1.2201906E+00
  11559.51  1.2491766E+00
  11559.61  1.2792833E+00
  11559.71  1.3105647E+00
  11559.81  1.3430775E+00
  11559.91  1.3768810E+00
  11560.01  1.4120375E+00
  11560.11  1.4486120E+00
  11560.21  1.4866725E+00
  11560.31  1.5262897E+00
  11560.41  1.5675374E+00
  11560.51  1.6104919E+00
  11560.61  1.6552324E+00
  11560.71  1.7018404E+00
  11560.81  1.7503996E+00
  11560.91  1.8009956E+00
  11561.01  1.8537155E+00
  11561.11  1.9086470E+00
  11561.21  1.9658782E+00
  11561.31  2.0254962E+00
  11561.41  2.0875866E+00
  11561.51  2.1522315E+00
  11561.61  2.2195088E+00
  11561.71  2.2894897E+00
  11561.81  2.3622373E+00
  11561.91  2.4378034E+00
  11562.01  2.5162267E+00
  11562.11  2.5975292E+00
  11562.21  2.6817128E+00
  11562.31  2.7687559E+00
  11562.41  2.8586095E+00
  11562.51  2.9511928E+00
  11562.61  3.0463891E+00
  11562.71  3.1440417E+00
  11562.81  3.2439500E+00
  11562.91  3.3458656E+00
  11563.01  3.4494901E+00
  11563.11  3.5544727E+00
  11563.21  3.6604097E+00
  11563.31  3.7668455E+00
  11563.41  3.8732756E+00
  11563.51  3.9791509E+00
  11563.61  4.0838848E+00
  11563.71  4.1868626E+00
  11563.81  4.2874522E+00
  11563.91  4.3850172E+00
  11564.01  4.4789312E+00
  11564.11  4.5685856E+00
  11564.21  4.6533928E+00
  11564.31  4.7328009E+00
  11564.41  4.8063231E+00
  11564.51  4.8735628E+00
  11564.61  4.9342274E+00
  11564.71  4.9881242E+00
  11564.81  5.0351574E+00
  11564.91  5.0753252E+00
  11565.01  5.1087146E+00
  11565.11  5.1354934E+00
  11565.21  5.1558995E+00
  11565.31  5.1702299E+00
  11565.41  5.1788285E+00
  11565.51  5.1820735E+00
  11565.61  5.1803664E+00
  11565.71  5.1741211E+00
  11565.81  5.1637546E+00
  11565.91  5.1496788E+00
  11566.01  5.1322945E+00
  11566.11  5.1119862E+00
  11566.21  5.0891185E+00
  11566.31  5.0640337E+00
  11566.41  5.0370502E+00
  11566.51  5.0084626E+00
  11566.61  4.9785410E+00
  11566.71  4.9475323E+00
  11566.81  4.9156613E+00
  11566.91  4.8831312E+00
  11567.01  4.8501261E+00
  11567.11  4.8168115E+00
  11567.21  4.7833363E+00
  11567.31  4.7498341E+00
  11567.41  4.7164246E+00
  11567.51  4.6832146E+00
  11567.61  4.6502994E+00
  11567.71  4.6177636E+00
  11567.81  4.5856823E+00
  11567.91  4.5541215E+00
  11568.01  4.5231392E+00
  11568.11  4.4927859E+00
  11568.21  4.4631052E+00
  11568.31  4.4341342E+00
  11568.41  4.4059043E+00
  11568.51  4.3784412E+00
  11568.61  4.3517655E+00
  11568.71  4.3258933E+00
  11568.81  4.3008358E+00
  11568.91  4.2766007E+00
  11569.01  4.2531915E+00
  11569.11  4.2306083E+00
  11569.21  4.2088480E+00
  11569.31  4.1879046E+00
  11569.41  4.1677693E+00
  11569.51  4.1484309E+00
  11569.61  4.1298759E+00
  11569.71  4.1120888E+00
  11569.81  4.0950525E+00
  11569.91  4.0787481E+00
  11570.01  4.0631556E+00
  11570.11  4.0482537E+00
  11570.21  4.0340203E+00
  11570.31  4.0204324E+00
  11570.41  4.0074666E+00
  11570.51  3.9950992E+00
  11570.61  3.9833062E+00
  11570.71  3.9720639E+00
  11570.81  3.9613485E+00
  11570.91  3.9511369E+00
  11571.01  3.9414063E+00
  11571.11  3.9321349E+00
  11571.21  3.9233016E+00
  11571.31  3.9148865E+00
  11571.41  3.9068707E+00
  11571.51  3.8992369E+00
  11571.61  3.8919689E+00
  11571.71  3.8850521E+00
  11571.81  3.8784736E+00
  11571.91  3.8722220E+00
  11572.01  3.8662875E+00
  11572.11  3.8606620E+00
  11572.21  3.8553392E+00
  11572.31  3.8503140E+00
  11572.41  3.8455832E+00
  11572.51  3.8411448E+00
  11572.61  3.8369982E+00
  11572.71  3.8331440E+00
  11572.81  3.8295838E+00
  11572.91  3.8263201E+00
  11573.01  3.8233561E+00
  11573.11  3.8206955E+00
  11573.21  3.8183424E+00
  11573.31  3.8163010E+00
  11573.41  3.8145755E+00
  11573.51  3.8131699E+00
  11573.61  3.8120875E+00
  11573.71  3.8113314E+00
  11573.81  3.8109038E+00
  11573.91  3.8108059E+00
  11574.01  3.8110380E+00
  11574.11  3.8115993E+00
  11574.21  3.8124875E+00
  11574.31  3.8136993E+00
  11574.41  3.8152298E+00
  11574.51  3.8170728E+00
  11574.61  3.8192206E+00
  11574.71  3.8216639E+00
  11574.81  3.8243924E+00
  11574.91  3.8273940E+00
  11575.01  3.8306555E+00
  11575.11  3.8341624E+00
  11575.21  3.8378990E+00
  11575.31  3.8418488E+00
  11575.41  3.8459941E+00
  11575.51  3.8503165E+00
  11575.61  3.8547971E+00
  11575.71  3.8594162E+00
  11575.81  3.8641540E+00
  11575.91  3.8689903E+00
  11576.01  3.8739051E+00
  11576.11  3.8788782E+00
  11576.21  3.8838898E+00
  11576.31  3.8889202E+00
  11576.41  3.8939505E+00
  11576.51  3.8989619E+00
  11576.61  3.9039365E+00
  11576.71  3.9088571E+00
  11576.81  3.9137070E+00
  11576.91  3.9184706E+00
  11577.01  3.9231327E+00
  11577.11  3.9276791E+00
  11577.21  3.9320964E+00
  11577.31  3.9363718E+00
  11577.41  3.9404934E+00
  11577.51  3.9444497E+00
  11577.61  3.9482301E+00
  11577.71  3.9518244E+00
  11577.81  3.9552231E+00
  11577.91  3.9584172E+00
  11578.01  3.9613981E+00
  11578.11  3.9641576E+00
  11578.21  3.9666881E+00
  11578.31  3.9689824E+00
  11578.41  3.9710337E+00
  11578.51  3.9728355E+00
  11578.61  3.9743821E+00
  11578.71  3.9756680E+00
  11578.81  3.9766885E+00
  11578.91  3.9774394E+00
  11579.01  3.9779171E+00
  11579.11  3.9781190E+00
  11579.21  3.9780430E+00
  11579.31  3.9776881E+00
  11579.41  3.9770542E+00
  11579.51  3.9761423E+00
  11579.61  3.9749542E+00
  11579.71  3.9734932E+00
  11579.81  3.9717636E+00
  11579.91  3.9697710E+00
  11580.01  3.9675220E+00
  11580.11  3.9650248E+00
  11580.21  3.9622887E+00
  11580.31  3.9593243E+00
  11580.41  3.9561431E+00
  11580.51  3.9527583E+00
  11580.61  3.9491839E+00
  11580.71  3.9454348E+00
  11580.81  3.9415272E+00
  11580.91  3.9374780E+00
  11581.01  3.9333048E+00
  11581.11  3.9290259E+00
  11581.21  3.9246601E+00
  11581.31  3.9202265E+00
  11581.41  3.9157446E+00
  11581.51  3.9112339E+00
  11581.61  3.9067140E+00
  11581.71  3.9022042E+00
  11581.81  3.8977236E+00
  11581.91  3.8932910E+00
  11582.01  3.8889245E+00
  11582.11  3.8846419E+00
  11582.21  3.8804601E+00
  11582.31  3.8763954E+00
  11582.41  3.8724633E+00
  11582.51  3.8686783E+00
  11582.61  3.8650541E+00
  11582.71  3.8616036E+00
  11582.81  3.8583385E+00
  11582.91  3.8552697E+00
  11583.01  3.8524071E+00
  11583.11  3.8497596E+00
  11583.21  3.8473351E+00
  11583.31  3.8451406E+00
  11583.41  3.8431820E+00
  11583.51  3.8414645E+00
  11583.61  3.8399923E+00
  11583.71  3.8387687E+00
  11583.81  3.8377961E+00
  11583.91  3.8370761E+00
  11584.01  3.8366098E+00
  11584.11  3.8363973E+00
  11584.21  3.8364381E+00
  11584.31  3.8367310E+00
  11584.41  3.8372744E+00
  11584.51  3.8380662E+00
  11584.61  3.8391036E+00
  11584.71  3.8403836E+00
  11584.81  3.8419028E+00
  11584.91  3.8436574E+00
  11585.01  3.8456435E+00
  11585.11  3.8478570E+00
  11585.21  3.8502936E+00
  11585.31  3.8529489E+00
  11585.41  3.8558184E+00
  11585.51  3.8588978E+00
  11585.61  3.8621826E+00
  11585.71  3.8656685E+00
  11585.81  3.8693512E+00
  11585.91  3.8732268E+00
  11586.01  3.8772912E+00
  11586.11  3.8815408E+00
  11586.21  3.8859722E+00
  11586.31  3.8905821E+00
  11586.41  3.8953679E+00
  11586.51  3.9003268E+00
  11586.61  3.9054570E+00
  11586.71  3.9107565E+00
  11586.81  3.9162242E+00
  11586.91  3.9218593E+00
  11587.01  3.9276614E+00
  11587.11  3.9336307E+00
  11587.21  3.9397677E+00
  11587.31  3.9460737E+00
  11587.41  3.9525502E+00
  11587.51  3.9591993E+00
  11587.61  3.9660232E+00
  11587.71  3.9730247E+00
  11587.81  3.9802068E+00
  11587.91  3.9875727E+00
  11588.01  3.9951254E+00
  11588.11  4.0028682E+00
  11588.21  4.0108041E+00
  11588.31  4.0189359E+00
  11588.41  4.0272659E+00
  11588.51  4.0357959E+00
  11588.61  4.0445271E+00
  11588.71  4.0534600E+00
  11588.81  4.0625940E+00
  11588.91  4.0719276E+00
  11589.01  4.0814582E+00
  11589.11  4.0911817E+00
  11589.21  4.1010930E+00
  11589.31  4.1111854E+00
  11589.41  4.1214508E+00
  11589.51  4.1318793E+00
  11589.61  4.1424597E+00
  11589.71  4.1531790E+00
  11589.81  4.1640227E+00
  11589.91  4.1749743E+00
  11590.01  4.1860161E+00
  11590.11  4.1971284E+00
  11590.21  4.2082904E+00
  11590.31  4.2194794E+00
  11590.41  4.2306716E+00
  11590.51  4.2418419E+00
  11590.61  4.2529640E+00
  11590.71  4.2640107E+00
  11590.81  4.2749542E+00
  11590.91  4.2857657E+00
  11591.01  4.2964165E+00
  11591.11  4.3068775E+00
  11591.21  4.3171198E+00
  11591.31  4.3271148E+00
  11591.41  4.3368345E+00
  11591.51  4.3462519E+00
  11591.61  4.3553409E+00
  11591.71  4.3640769E+00
  11591.81  4.3724369E+00
  11591.91  4.3803997E+00
  11592.01  4.3879460E+00
  11592.11  4.3950589E+00
  11592.21  4.4017235E+00
  11592.31  4.4079276E+00
  11592.41  4.4136616E+00
  11592.51  4.4189182E+00
  11592.61  4.4236930E+00
  11592.71  4.4279840E+00
  11592.81  4.4317918E+00
  11592.91  4.4351195E+00
  11593.01  4.4379726E+00
  11593.11  4.4403588E+00
  11593.21  4.4422880E+00
  11593.31  4.4437717E+00
  11593.41  4.4448236E+00
  11593.51  4.4454585E+00
  11593.61  4.4456927E+00
  11593.71  4.4455437E+00
  11593.81  4.4450297E+00
  11593.91  4.4441697E+00
  11594.01  4.4429818E+00
  11594.11  4.4414342E+00
  11594.21  4.4395148E+00
  11594.31  4.4373006E+00
  11594.41  4.4348559E+00
  11594.91  4.4205431E+00
  11595.41  4.4026501E+00
  11595.91  4.3829501E+00
  11596.41  4.3628022E+00
  11596.91  4.3432389E+00
  11597.41  4.3250560E+00
  11597.91  4.3088474E+00
  11598.41  4.2949796E+00
  11598.91  4.2835414E+00
  11599.41  4.2743167E+00
  11599.91  4.2668133E+00
  11600.41  4.2603487E+00
  11600.91  4.2541636E+00
  11601.41  4.2475389E+00
  11601.91  4.2398981E+00
  11602.41  4.2308974E+00
  11602.91  4.2204954E+00
  11603.41  4.2089868E+00
  11603.91  4.1969799E+00
  11604.41  4.1853080E+00
  11604.91  4.1748909E+00
  11605.41  4.1665854E+00
  11605.91  4.1610697E+00
  11606.41  4.1587933E+00
  11606.91  4.1599964E+00
  11607.41  4.1647738E+00
  11607.91  4.1731470E+00
  11608.41  4.1851107E+00
  11608.91  4.2006364E+00
  11609.41  4.2196435E+00
  11609.91  4.2419635E+00
  11610.41  4.2673266E+00
  11610.91  4.2953813E+00
  11611.41  4.3257351E+00
  11611.91  4.3579856E+00
  11612.41  4.3917179E+00
  11612.91  4.4264658E+00
  11613.41  4.4616599E+00
  11613.91  4.4965963E+00
  11614.41  4.5304504E+00
  11614.91  4.5623343E+00
  11615.41  4.5913789E+00
  11615.91  4.6168144E+00
  11616.41  4.6380326E+00
  11616.91  4.6546277E+00
  11617.41  4.6664177E+00
  11617.91  4.6734472E+00
  11618.41  4.6759723E+00
  11618.91  4.6744226E+00
  11619.41  4.6693448E+00
  11619.91  4.6613358E+00
  11620.41  4.6509793E+00
  11620.91  4.6387989E+00
  11621.41  4.6252330E+00
  11621.91  4.6106310E+00
  11622.41  4.5952634E+00
  11622.91  4.5793396E+00
  11623.41  4.5630266E+00
  11623.91  4.5464669E+00
  11624.41  4.5298030E+00
  11625.41  4.4967031E+00
  11626.41  4.4647380E+00
  11627.41  4.4348254E+00
  11628.41  4.4075266E+00
  11629.41  4.3829316E+00
  11630.41  4.3607170E+00
  11631.41  4.3403966E+00
  11632.41  4.3216162E+00
  11633.41  4.3042361E+00
  11634.41  4.2881599E+00
  11635.41  4.2731175E+00
  11636.41  4.2585959E+00
  11637.41  4.2439699E+00
  11638.41  4.2287648E+00
  11639.41  4.2129136E+00
  11640.41  4.1968539E+00
  11641.41  4.1814147E+00
  11642.41  4.1675831E+00
  11643.41  4.1562959E+00
  11644.41  4.1483250E+00
  11645.41  4.1442338E+00
  11646.41  4.1443609E+00
  11647.41  4.1488169E+00
  11648.41  4.1574973E+00
  11649.41  4.1701030E+00
  11650.41  4.1861604E+00
  11651.41  4.2050505E+00
  11652.41  4.2260562E+00
  11653.41  4.2484206E+00
  11654.41  4.2713874E+00
  11655.41  4.2942129E+00
  11656.41  4.3161572E+00
  11657.41  4.3364803E+00
  11658.41  4.3544622E+00
  11659.41  4.3694540E+00
  11660.41  4.3809551E+00
  11661.41  4.3887013E+00
  11662.41  4.3927380E+00
  11663.41  4.3934417E+00
  11664.41  4.3914647E+00
  11665.41  4.3876093E+00
  11666.41  4.3826755E+00
  11667.41  4.3773351E+00
  11668.41  4.3720680E+00
  11669.41  4.3671597E+00
  11670.41  4.3627362E+00
  11671.41  4.3588105E+00
  11672.41  4.3553235E+00
  11673.41  4.3521769E+00
  11674.41  4.3492601E+00
  11675.41  4.3464778E+00
  11676.41  4.3437815E+00
  11677.41  4.3411957E+00
  11678.41  4.3388286E+00
  11679.41  4.3368543E+00
  11680.41  4.3354712E+00
  11681.41  4.3348475E+00
  11682.41  4.3350705E+00
  11683.41  4.3361114E+00
  11684.41  4.3378114E+00
  11685.41  4.3398873E+00
  11686.41  4.3419527E+00
  11687.41  4.3435503E+00
  11688.41  4.3441909E+00
  11689.41  4.3433991E+00
  11690.41  4.3407583E+00
  11691.41  4.3359512E+00
  11692.41  4.3287873E+00
  11693.41  4.3192127E+00
  11694.41  4.3073034E+00
  11695.41  4.2932479E+00
  11696.41  4.2773269E+00
  11697.41  4.2598952E+00
  11698.41  4.2413665E+00
  11699.41  4.2221977E+00
  11700.41  4.2028715E+00
  11701.41  4.1838777E+00
  11702.41  4.1656964E+00
  11703.41  4.1487831E+00
  11704.41  4.1335552E+00
  11705.41  4.1203775E+00
  11706.41  4.1095480E+00
  11707.41  4.1012825E+00
  11708.41  4.0957037E+00
  11709.41  4.0928351E+00
  11710.41  4.0926023E+00
  11711.41  4.0948426E+00
  11712.41  4.0993209E+00
  11713.41  4.1057499E+00
  11714.41  4.1138099E+00
  11715.41  4.1231639E+00
  11716.41  4.1334676E+00
  11717.41  4.1443757E+00
  11718.41  4.1555510E+00
  11719.41  4.1666793E+00
  11720.41  4.1774920E+00
  11721.41  4.1877894E+00
  11722.41  4.1974576E+00
  11723.41  4.2064688E+00
  11724.41  4.2148665E+00
  11725.41  4.2227365E+00
  11726.41  4.2301749E+00
  11727.41  4.2372594E+00
  11728.41  4.2440304E+00
  11729.41  4.2504798E+00
  11730.41  4.2565467E+00
  11731.41  4.2621176E+00
  11732.41  4.2670299E+00
  11733.41  4.2710812E+00
  11734.41  4.2740474E+00
  11735.41  4.2757107E+00
  11736.41  4.2758977E+00
  11737.41  4.2745209E+00
  11738.41  4.2716144E+00
  11739.41  4.2673559E+00
  11740.41  4.2620652E+00
  11741.41  4.2561795E+00
  11742.41  4.2502065E+00
  11743.41  4.2446667E+00
  11744.41  4.2400349E+00
  11745.41  4.2366906E+00
  11746.41  4.2348843E+00
  11747.41  4.2347203E+00
  11748.41  4.2361561E+00
  11749.41  4.2390101E+00
  11750.41  4.2429771E+00
  11751.41  4.2476479E+00
  11752.41  4.2525352E+00
  11753.41  4.2571068E+00
  11754.41  4.2608257E+00
  11755.41  4.2631922E+00
  11756.41  4.2637829E+00
  11757.41  4.2622779E+00
  11758.41  4.2584753E+00
  11759.41  4.2522929E+00
  11760.41  4.2437601E+00
  11761.41  4.2330047E+00
  11762.41  4.2202365E+00
  11763.41  4.2057306E+00
  11764.41  4.1898101E+00
  11765.41  4.1728307E+00
  11766.41  4.1551692E+00
  11767.41  4.1372135E+00
  11768.41  4.1193543E+00
  11769.41  4.1019771E+00
  11770.41  4.0854519E+00
  11771.41  4.0701218E+00
  11772.41  4.0562908E+00
  11773.41  4.0442132E+00
  11774.41  4.0340853E+00
  11775.41  4.0260391E+00
  11776.41  4.0201391E+00
  11777.41  4.0163813E+00
  11778.41  4.0146962E+00
  11779.41  4.0149551E+00
  11780.41  4.0169812E+00
  11781.41  4.0205636E+00
  11782.41  4.0254707E+00
  11783.41  4.0314625E+00
  11784.41  4.0382988E+00
  11785.41  4.0457447E+00
  11786.41  4.0535739E+00
  11787.41  4.0615735E+00
  11788.41  4.0695509E+00
  11789.41  4.0773431E+00
  11790.41  4.0848268E+00
  11791.41  4.0919259E+00
  11792.41  4.0986130E+00
  11793.41  4.1049050E+00
  11794.41  4.1108521E+00
  11795.41  4.1165248E+00
  11796.41  4.1219992E+00
  11797.41  4.1273440E+00
  11798.41  4.1326115E+00
  11799.41  4.1378311E+00
  11800.41  4.1430072E+00
  11801.41  4.1481212E+00
  11802.41  4.1531360E+00
  11803.41  4.1580030E+00
  11804.41  4.1626713E+00
  11805.41  4.1670974E+00
  11806.41  4.1712544E+00
  11807.41  4.1751375E+00
  11808.41  4.1787653E+00
  11809.41  4.1821735E+00
  11810.41  4.1854013E+00
  11811.41  4.1884714E+00
  11812.41  4.1913687E+00
  11813.41  4.1940304E+00
