1.152600000000000000e+04 3.915166283893410822e-03
1.152620000000000073e+04 3.730035870134495741e-03
1.152640000000000146e+04 3.544905456375581094e-03
1.152660000000000218e+04 3.361727073838951998e-03
1.152680000000000291e+04 3.180500722524538196e-03
1.152700000000000364e+04 2.999274371210198555e-03
1.152720000000000437e+04 2.822118066829676104e-03
1.152740000000000509e+04 2.644961762449153653e-03
1.152760000000000582e+04 2.469928837729945884e-03
1.152780000000000655e+04 2.297019292671821644e-03
1.152800000000000728e+04 2.124109747613858300e-03
1.152820000000000800e+04 1.955632912185683442e-03
1.152840000000000873e+04 1.787156076757508150e-03
1.152860000000000946e+04 1.620994084248087190e-03
1.152880000000001019e+04 1.457146934656998807e-03
1.152900000000001091e+04 1.293299785066174754e-03
1.152920000000001164e+04 1.134291813402144630e-03
1.152940000000001237e+04 9.752838417381142887e-04
1.152960000000001310e+04 8.188063140288757589e-04
1.152980000000001382e+04 6.648592302737842651e-04
1.153000000000001455e+04 5.109121465190782051e-04
1.153020000000001528e+04 3.622613685299595938e-04
1.153040000000001601e+04 2.136105905408409284e-04
1.153060000000001673e+04 6.773282629695809699e-05
1.153080000000001746e+04 -7.537192420259679771e-05
1.153100000000001819e+04 -2.184766747016230219e-04
1.153120000000001892e+04 -3.557686901395451886e-04
1.153140000000001965e+04 -4.930607055774673553e-04
1.153160000000002037e+04 -6.273051027698465457e-04
1.153180000000002110e+04 -7.585018817179025414e-04
1.153200000000002183e+04 -8.896986606652602025e-04
1.153220000000002256e+04 -1.014498033877517290e-03
1.153240000000002328e+04 -1.139297407089774486e-03
1.153260000000002401e+04 -1.260737307896985090e-03
1.153280000000002474e+04 -1.378817736300737675e-03
1.153300000000002547e+04 -1.496898164703591022e-03
1.153320000000002619e+04 -1.607916057426971197e-03
1.153340000000002692e+04 -1.718933950150351372e-03
1.153360000000002765e+04 -1.826237008705383505e-03
1.153380000000002838e+04 -1.929825233094095271e-03
1.153400000000002910e+04 -2.033413457481668841e-03
1.153420000000002983e+04 -2.129178955113300749e-03
1.153440000000003056e+04 -2.224944452744933091e-03
1.153460000000003129e+04 -2.316588349912503553e-03
1.153480000000003201e+04 -2.404110646618561314e-03
1.153500000000003274e+04 -2.491632943323195733e-03
1.153520000000003347e+04 -2.570460871211542250e-03
1.153540000000003420e+04 -2.649288799099889201e-03
1.153560000000003492e+04 -2.723527270783710017e-03
1.153580000000003565e+04 -2.793176286266177508e-03
1.153600000000003638e+04 -2.862825301746880786e-03
1.153620000000003711e+04 -2.922775101564146702e-03
1.153640000000003783e+04 -2.982724901381413052e-03
1.153660000000003856e+04 -3.037544975914706347e-03
1.153680000000003929e+04 -3.087235325167945327e-03
1.153700000000004002e+04 -3.136925674419010698e-03
1.153720000000004075e+04 -3.175752234611057580e-03
1.153740000000004147e+04 -3.214578794803104895e-03
1.153760000000004220e+04 -3.247648047426843817e-03
1.153780000000004293e+04 -3.274959992487091239e-03
1.153800000000004366e+04 -3.302271937544671524e-03
1.153820000000004438e+04 -3.317364801887844050e-03
1.153840000000004511e+04 -3.332457666231016576e-03
1.153860000000004584e+04 -3.341060298679247430e-03
1.153880000000004657e+04 -3.343172699238439443e-03
1.153900000000004729e+04 -3.345285099794367140e-03
1.153920000000004802e+04 -3.333590988094770058e-03
1.153940000000004875e+04 -3.321896876395172976e-03
1.153960000000004948e+04 -3.302851469642470190e-03
1.153980000000005020e+04 -3.276454767843882485e-03
1.154000000000005093e+04 -3.250058066041302315e-03
1.154020000000005166e+04 -3.207984323017293131e-03
1.154040000000005239e+04 -3.165910579993283947e-03
1.154060000000005311e+04 -3.115468030182686355e-03
1.154080000000005384e+04 -3.056656673594329663e-03
1.154100000000005457e+04 -2.997845317001090158e-03
1.154120000000005530e+04 -2.921138329393749896e-03
1.154140000000005602e+04 -2.844431341786409200e-03
1.154160000000005675e+04 -2.758144337421295465e-03
1.154180000000005748e+04 -2.662277316309212549e-03
1.154200000000005821e+04 -2.566410295191150475e-03
1.154220000000005894e+04 -2.449997553196327487e-03
1.154240000000005966e+04 -2.333584811201504065e-03
1.154260000000006039e+04 -2.206139613676023816e-03
1.154280000000006112e+04 -2.067661960633131353e-03
1.154300000000006185e+04 -1.929184307582899058e-03
1.154320000000006257e+04 -1.766971766699870468e-03
1.154340000000006330e+04 -1.604759225816842095e-03
1.154360000000006403e+04 -1.429759174385993340e-03
1.154380000000006476e+04 -1.241971612423606753e-03
1.154400000000006548e+04 -1.054184050452181389e-03
1.154420000000006621e+04 -8.387900199103952292e-04
1.154440000000006694e+04 -6.233959893686090697e-04
1.154460000000006767e+04 -3.930749767608630939e-04
1.154480000000006839e+04 -1.478269821072498991e-04
1.154500000000006912e+04 9.742101255754287024e-05
1.154520000000006985e+04 3.750169106077918505e-04
1.154540000000007058e+04 6.526128086580408171e-04
1.154560000000007130e+04 9.477684947988856577e-04
1.154580000000007203e+04 1.260483969005412545e-03
1.154600000000007276e+04 1.573199443225840530e-03
1.154620000000007349e+04 1.924126513426549934e-03
1.154640000000007421e+04 2.275053583627259339e-03
1.154660000000007494e+04 2.646814240105630194e-03
1.154680000000007567e+04 3.039408482830587531e-03
1.154700000000007640e+04 3.432002725572941108e-03
1.154720000000007713e+04 3.870138999533670639e-03
1.154740000000007785e+04 4.308275273494399302e-03
1.154760000000007858e+04 4.771361668245691426e-03
1.154780000000007931e+04 5.259398183748513998e-03
1.154800000000008004e+04 5.747434699273273884e-03
1.154820000000008076e+04 6.290287219549882923e-03
1.154840000000008149e+04 6.833139739826492830e-03
1.154860000000008222e+04 7.406182961172342108e-03
1.154880000000008295e+04 8.009416883538006751e-03
1.154900000000008367e+04 8.612650805931576156e-03
1.154920000000008440e+04 9.282586950818532204e-03
1.154940000000008513e+04 9.952523095705489986e-03
1.154960000000008586e+04 1.065941373506808926e-02
1.154980000000008658e+04 1.140325886884314965e-02
1.155000000000008731e+04 1.214710400265407372e-02
1.155020000000008804e+04 1.297310669019608419e-02
1.155040000000008877e+04 1.379910937773809465e-02
1.155060000000008949e+04 1.467093019104065074e-02
1.155080000000009022e+04 1.558856913002207994e-02
1.155100000000009095e+04 1.650620806905015586e-02
1.155120000000009168e+04 1.752642333583741274e-02
1.155140000000009240e+04 1.854663860262466962e-02
1.155160000000009313e+04 1.962448356461456156e-02
1.155180000000009386e+04 2.075995822170016714e-02
1.155200000000009459e+04 2.189543287884727213e-02
1.155220000000009532e+04 2.316094461164417209e-02
1.155240000000009604e+04 2.442645634444107552e-02
1.155260000000009677e+04 2.576563896636555398e-02
1.155280000000009750e+04 2.717849247727556830e-02
1.155300000000009823e+04 2.859134598826794729e-02
1.155320000000009895e+04 3.017191237176630736e-02
1.155340000000009968e+04 3.175247875526467090e-02
1.155360000000010041e+04 3.342896152531842774e-02
1.155380000000010114e+04 3.520136068173566196e-02
1.155400000000010186e+04 3.697375983826522994e-02
1.155420000000010259e+04 3.896672168595020913e-02
1.155440000000010332e+04 4.095968353363518138e-02
1.155460000000010405e+04 4.308014501027455229e-02
1.155480000000010477e+04 4.532810611560391528e-02
1.155500000000010550e+04 4.757606722108971564e-02
1.155520000000010623e+04 5.012058926554634197e-02
1.155540000000010696e+04 5.266511131000297524e-02
1.155560000000010768e+04 5.538317356416178061e-02
1.155580000000010841e+04 5.827477602765028519e-02
1.155600000000010914e+04 6.116637849136193072e-02
1.155620000000010987e+04 6.446690773062957458e-02
1.155640000000011059e+04 6.776743696989723231e-02
1.155660000000011132e+04 7.131059261976022134e-02
1.155680000000011205e+04 7.509637467968012514e-02
1.155700000000011278e+04 7.888215673992719779e-02
1.155720000000011350e+04 8.324813355583607355e-02
1.155740000000011423e+04 8.761411037174494931e-02
1.155760000000011496e+04 9.232971846385440440e-02
1.155780000000011569e+04 9.739495783136310758e-02
1.155800000000011642e+04 1.024601971993664845e-01
1.155820000000011714e+04 1.083752592672784787e-01
1.155840000000011787e+04 1.142903213351904868e-01
1.155860000000011860e+04 1.207262290202176097e-01
1.155880000000011933e+04 1.276829823211282355e-01
1.155900000000012005e+04 1.346397356228119513e-01
1.155920000000012078e+04 1.428844123342069006e-01
1.155940000000012151e+04 1.511290890456018499e-01
1.155960000000012224e+04 1.601765615066673976e-01
1.155980000000012296e+04 1.700268297154467756e-01
1.156000000000012369e+04 1.798770979236830325e-01
1.156020000000012442e+04 1.909648206132447956e-01
1.156040000000012515e+04 2.023404819114928976e-01
1.156060000000012587e+04 2.153097178554722602e-01
1.156080000000012660e+04 2.293342441387959674e-01
1.156100000000012733e+04 2.445182927619323487e-01
1.156120000000012806e+04 2.609761605840785759e-01
1.156140000000012878e+04 2.788324477206444163e-01
1.156160000000012951e+04 2.982219234439147937e-01
1.156180000000013024e+04 3.192888035408477099e-01
1.156200000000013097e+04 3.421851113265227950e-01
1.156220000000013169e+04 3.670677870718300762e-01
1.156240000000013242e+04 3.940940243454197356e-01
1.156260000000013315e+04 4.234142968763656145e-01
1.156280000000013388e+04 4.551621893986040335e-01
1.156300000000013461e+04 4.894405854745196849e-01
1.156320000000013533e+04 5.263033332139426257e-01
1.156340000000013606e+04 5.657322324329461249e-01
1.156360000000013679e+04 6.076098126005488043e-01
1.156380000000013752e+04 6.516895480126079221e-01
1.156400000000013824e+04 6.975669297021720450e-01
1.156420000000013897e+04 7.446567952987653838e-01
1.156440000000013970e+04 7.923947582852700622e-01
1.156460000000014043e+04 8.398302818169426365e-01
1.156480000000014115e+04 8.856682418977217530e-01
1.156500000000014188e+04 9.287604549836424583e-01
1.156520000000014261e+04 9.679825028156074929e-01
1.156540000000014334e+04 1.002303463782941773e+00
1.156560000000014406e+04 1.030916733731270130e+00
1.156580000000014479e+04 1.053365929817779101e+00
1.156600000000014552e+04 1.069556884899927507e+00
1.156620000000014625e+04 1.079723750345658262e+00
1.156640000000014697e+04 1.084366863598398512e+00
1.156660000000014770e+04 1.084168191447293150e+00
1.156680000000014843e+04 1.079903122830644602e+00
1.156700000000014916e+04 1.072362989541640887e+00
1.156720000000014988e+04 1.062297254754582365e+00
1.156740000000015061e+04 1.050376114365614288e+00
1.156760000000015134e+04 1.037172915153235397e+00
1.156780000000015207e+04 1.023160876807383657e+00
1.156800000000015280e+04 1.008718902877450807e+00
1.156820000000015352e+04 9.941436496615192464e-01
1.156840000000015425e+04 9.796625635879843141e-01
1.156860000000015498e+04 9.654476635904586379e-01
1.156880000000015571e+04 9.516270140023177504e-01
1.156900000000015643e+04 9.382948564655172463e-01
1.156920000000015716e+04 9.255195068577403150e-01
1.156940000000015789e+04 9.133493897378397453e-01
1.156960000000015862e+04 9.018176573041022381e-01
1.156980000000015934e+04 8.909455418629440571e-01
1.157000000000016007e+04 8.807451123046337038e-01
1.157020000000016080e+04 8.712208385883724038e-01
1.157040000000016153e+04 8.623715287249147377e-01
1.157060000000016225e+04 8.541910737700674217e-01
1.157080000000016298e+04 8.466698633112065275e-01
1.157100000000016371e+04 8.397951579644755693e-01
1.157120000000016444e+04 8.335519833661839684e-01
1.157140000000016516e+04 8.279235771689436030e-01
1.157160000000016589e+04 8.228917615383988249e-01
1.157180000000016662e+04 8.184373901488418701e-01
1.157200000000016735e+04 8.145403481835421511e-01
1.157220000000016807e+04 8.111798503317397824e-01
1.157240000000016880e+04 8.083343662895107196e-01
1.157260000000016953e+04 8.059816207597665372e-01
1.157280000000017026e+04 8.040987424507611836e-01
1.157300000000017099e+04 8.026617425810046447e-01
1.157320000000017171e+04 8.016459618750420013e-01
1.157340000000017244e+04 8.010257725662847106e-01
1.157360000000017317e+04 8.007744293983191097e-01
1.157380000000017390e+04 8.008643676221659513e-01
1.157400000000017462e+04 8.012672774956618449e-01
1.157420000000017535e+04 8.019538807854484919e-01
1.157440000000017608e+04 8.028948247588595377e-01
1.157460000000017681e+04 8.040605331852420656e-01
1.157480000000017753e+04 8.054218023305750318e-01
1.157500000000017826e+04 8.069499499560519595e-01
1.157520000000017899e+04 8.086178583086714999e-01
1.157540000000017972e+04 8.103996016245456069e-01
1.157560000000018044e+04 8.122716381180609124e-01
1.157580000000018117e+04 8.142125864839803162e-01
1.157600000000018190e+04 8.162037473925550790e-01
1.157620000000018263e+04 8.182291779890235039e-01
1.157640000000018335e+04 8.202758408921257960e-01
1.157660000000018408e+04 8.223334551954588623e-01
1.157680000000018481e+04 8.243943474689574558e-01
1.157700000000018554e+04 8.264534517587174278e-01
1.157720000000018626e+04 8.285075645939349309e-01
1.157740000000018699e+04 8.305555684848068276e-01
1.157760000000018772e+04 8.325978359278995988e-01
1.157780000000018845e+04 8.346358569096976598e-01
1.157800000000018917e+04 8.366723134057284517e-01
1.157820000000018990e+04 8.387105578854689991e-01
1.157840000000019063e+04 8.407549113096014493e-01
1.157860000000019136e+04 8.428099926360181904e-01
1.157880000000019209e+04 8.448813893138652498e-01
1.157900000000019281e+04 8.469749122901987226e-01
1.157920000000019354e+04 8.490969685066724892e-01
1.157940000000019427e+04 8.512541884029258821e-01
1.157960000000019500e+04 8.534530534198960794e-01
1.157980000000019572e+04 8.556997470012918106e-01
1.158000000000019645e+04 8.579991861023069655e-01
1.158020000000019718e+04 8.603548721910645458e-01
1.158040000000019791e+04 8.627676992594375260e-01
1.158060000000019863e+04 8.652356558257127128e-01
1.158080000000019936e+04 8.677526329455513832e-01
1.158100000000020009e+04 8.703084242118552805e-01
1.158120000000020082e+04 8.728876827644269643e-01
1.158140000000020154e+04 8.754702937864607959e-01
1.158160000000020227e+04 8.780311510065614833e-01
1.158180000000020300e+04 8.805410506907381807e-01
1.158200000000020373e+04 8.829674366354425263e-01
1.158220000000020445e+04 8.852754431582291472e-01
1.158240000000020518e+04 8.874301300773287382e-01
1.158260000000020591e+04 8.893978236993771436e-01
1.158280000000020664e+04 8.911485007978604544e-01
1.158300000000020736e+04 8.926574275979964890e-01
1.158320000000020809e+04 8.939068732612963641e-01
1.158340000000020882e+04 8.948875253725874224e-01
1.158360000000020955e+04 8.955990859345758226e-01
1.158380000000021028e+04 8.960504203665381473e-01
1.158400000000021100e+04 8.962589615097250606e-01
1.158420000000021173e+04 8.962500391334411454e-01
1.158440000000021246e+04 8.960552409500314175e-01
1.158460000000021319e+04 8.957112206256722109e-01
1.158480000000021391e+04 8.952579097966950616e-01
1.158500000000021464e+04 8.947371025824669699e-01
1.158520000000021537e+04 8.941851546519491434e-01
1.158540000000021610e+04 8.936915396902467279e-01
1.158560000000021682e+04 8.933103293047167659e-01
1.158580000000021755e+04 8.929291189191868039e-01
1.158600000000021828e+04 8.927186907786621717e-01
1.158620000000021901e+04 8.926790448823973545e-01
1.158640000000021973e+04 8.926393989866679979e-01
1.158660000000022046e+04 8.930864422579751771e-01
1.158680000000022119e+04 8.935334855292823564e-01
1.158700000000022192e+04 8.942603035532146194e-01
1.158720000000022264e+04 8.952668963285302928e-01
1.158740000000022337e+04 8.962734891044796814e-01
1.158760000000022410e+04 8.978466343200300903e-01
1.158780000000022483e+04 8.994197795355806102e-01
1.158800000000022555e+04 9.012555646597820713e-01
1.158820000000022628e+04 9.033539896914497547e-01
1.158840000000022701e+04 9.054524147236387988e-01
1.158860000000022774e+04 9.080094277788001156e-01
1.158880000000022847e+04 9.105664408339614324e-01
1.158900000000022919e+04 9.133165114313329669e-01
1.158920000000022992e+04 9.162596395700295382e-01
1.158940000000023065e+04 9.192027677090955917e-01
1.158960000000023138e+04 9.224657363349024752e-01
1.158980000000023210e+04 9.257287049607092477e-01
1.159000000000023283e+04 9.291232095888846132e-01
1.159020000000023356e+04 9.326492502188159506e-01
1.159040000000023429e+04 9.361752908489979763e-01
1.159060000000023501e+04 9.399150849322128742e-01
1.159080000000023574e+04 9.436548790154277722e-01
1.159100000000023647e+04 9.474781868382528005e-01
1.159120000000023720e+04 9.513850084002928309e-01
1.159140000000023792e+04 9.552918299624707510e-01
1.159160000000023865e+04 9.593143340709585631e-01
1.159180000000023938e+04 9.633368381794463753e-01
1.159200000000024011e+04 9.673846124578495687e-01
1.159220000000024083e+04 9.714576569060466849e-01
1.159240000000024156e+04 9.755307013541990591e-01
1.159260000000024229e+04 9.795667345394711845e-01
1.159280000000024302e+04 9.836027677247434209e-01
1.159300000000024374e+04 9.875636161945626768e-01
1.159320000000024447e+04 9.914492799492955477e-01
1.159340000000024520e+04 9.953349437036802527e-01
1.159360000000024593e+04 9.989370630407392593e-01
1.159380000000024665e+04 1.002539182377798266e+00
1.159400000000024738e+04 1.005931258327267486e+00
1.159420000000024811e+04 1.009113290890186088e+00
1.159440000000024884e+04 1.012295323452435669e+00
1.159460000000024957e+04 1.014940454305081063e+00
1.159480000000025029e+04 1.017585585157726458e+00
1.159500000000025102e+04 1.019872329573410008e+00
1.159520000000025175e+04 1.021800687553930720e+00
1.159540000000025248e+04 1.023729045533434912e+00
1.159560000000025320e+04 1.024853332336876921e+00
1.159580000000025393e+04 1.025977619140318930e+00
1.159600000000025466e+04 1.027101905943760940e+00
1.159620000000025539e+04 1.028226192747202727e+00
1.159640000000025611e+04 1.029350479549306918e+00
1.159660000000025684e+04 1.029431448054568543e+00
1.159680000000025757e+04 1.029512416559829946e+00
1.159700000000025830e+04 1.029593385065091571e+00
1.159720000000025902e+04 1.029674353570353196e+00
1.159740000000025975e+04 1.029755322074660917e+00
1.159760000000026048e+04 1.029102740460591026e+00
1.159780000000026121e+04 1.028450158846521356e+00
1.159800000000026193e+04 1.027797577232451687e+00
1.159820000000026266e+04 1.027144995618381795e+00
1.159840000000026339e+04 1.026492414003687514e+00
1.159860000000026412e+04 1.025366225302902112e+00
1.159880000000026484e+04 1.024240036602116932e+00
1.159900000000026557e+04 1.023113847901331530e+00
1.159920000000026630e+04 1.021987659200546128e+00
1.159940000000026703e+04 1.020861470499437207e+00
1.159960000000026776e+04 1.019493218603195750e+00
1.159980000000026848e+04 1.018124966706954293e+00
1.160000000000026921e+04 1.016756714810712836e+00
1.160020000000026994e+04 1.015388462914471379e+00
1.160040000000027067e+04 1.014020211018251905e+00
1.160060000000027139e+04 1.012668289373285901e+00
1.160080000000027212e+04 1.011316367728319898e+00
1.160100000000027285e+04 1.009964446083353895e+00
1.160120000000027358e+04 1.008612524438387892e+00
1.160140000000027430e+04 1.007260602793786486e+00
1.160160000000027503e+04 1.006174301029737483e+00
1.160180000000027576e+04 1.005087999265688481e+00
1.160200000000027649e+04 1.004001697501639478e+00
1.160220000000027721e+04 1.002915395737590254e+00
1.160240000000027794e+04 1.001829093974111684e+00
1.160260000000027867e+04 1.001152627877564205e+00
1.160280000000027940e+04 1.000476161781016726e+00
1.160300000000028012e+04 9.997996956844691363e-01
1.160320000000028085e+04 9.991232295879216574e-01
1.160340000000028158e+04 9.984467634919046430e-01
1.160360000000028231e+04 9.981465487687202209e-01
1.160380000000028303e+04 9.978463340455357988e-01
1.160400000000028376e+04 9.975461193223512657e-01
1.160420000000028449e+04 9.972459045991668436e-01
1.160440000000028522e+04 9.969456898762395491e-01
1.160460000000028595e+04 9.968255996126073049e-01
1.160480000000028667e+04 9.967055093489750606e-01
1.160500000000028740e+04 9.965854190853428163e-01
1.160520000000028813e+04 9.964653288217105720e-01
1.160540000000028886e+04 9.963452385579979476e-01
1.160560000000028958e+04 9.961695569006525641e-01
1.160580000000029031e+04 9.959938752433071807e-01
1.160600000000029104e+04 9.958181935859617973e-01
1.160620000000029177e+04 9.956425119286165248e-01
1.160640000000029249e+04 9.954668302710276695e-01
1.160660000000029322e+04 9.951248810279312851e-01
1.160680000000029395e+04 9.947829317848349007e-01
1.160700000000029468e+04 9.944409825417384052e-01
1.160720000000029540e+04 9.940990332986420208e-01
1.160740000000029613e+04 9.937570840554117435e-01
1.160760000000029686e+04 9.933248416346441845e-01
1.160780000000029759e+04 9.928925992138765144e-01
1.160800000000029831e+04 9.924603567931089554e-01
1.160820000000029904e+04 9.920281143723412853e-01
1.160840000000029977e+04 9.915958719517022901e-01
1.160860000000030050e+04 9.912493633501304746e-01
1.160880000000030122e+04 9.909028547485586591e-01
