1.152600000000000000e+04 4.029697474370171235e-03
1.152620000000000073e+04 3.833410811358978036e-03
1.152640000000000146e+04 3.637124148347784837e-03
1.152660000000000218e+04 3.442996264327810325e-03
1.152680000000000291e+04 3.251027159298976003e-03
1.152700000000000364e+04 3.059058054270223214e-03
1.152720000000000437e+04 2.871592240462756112e-03
1.152740000000000509e+04 2.684126426655289444e-03
1.152760000000000582e+04 2.499010629602529260e-03
1.152780000000000655e+04 2.316244849304219689e-03
1.152800000000000728e+04 2.133479069006088795e-03
1.152820000000000800e+04 1.955621547052926231e-03
1.152840000000000873e+04 1.777764025099763450e-03
1.152860000000000946e+04 1.602470781956195694e-03
1.152880000000001019e+04 1.429741817621756539e-03
1.152900000000001091e+04 1.257012853287609901e-03
1.152920000000001164e+04 1.089646359179170668e-03
1.152940000000001237e+04 9.222798650707316522e-04
1.152960000000001310e+04 7.577186058024195118e-04
1.152980000000001382e+04 5.959625813735200828e-04
1.153000000000001455e+04 4.342065569450479379e-04
1.153020000000001528e+04 2.783243906326887803e-04
1.153040000000001601e+04 1.224422243203295143e-04
1.153060000000001673e+04 -3.036291395943392375e-05
1.153080000000001746e+04 -1.800910242076090965e-04
1.153100000000001819e+04 -3.298191344551975397e-04
1.153120000000001892e+04 -4.730960628067221695e-04
1.153140000000001965e+04 -6.163729911582468534e-04
1.153160000000002037e+04 -7.562646974093079110e-04
1.153180000000002110e+04 -8.927711815612600528e-04
1.153200000000002183e+04 -1.029277665712436448e-03
1.153220000000002256e+04 -1.158677988987000035e-03
1.153240000000002328e+04 -1.288078312261563621e-03
1.153260000000002401e+04 -1.413744438552448461e-03
1.153280000000002474e+04 -1.535676367861420503e-03
1.153300000000002547e+04 -1.657608297169392477e-03
1.153320000000002619e+04 -1.771687107828907133e-03
1.153340000000002692e+04 -1.885765918488421572e-03
1.153360000000002765e+04 -1.995712194143157894e-03
1.153380000000002838e+04 -2.101525934795370806e-03
1.153400000000002910e+04 -2.207339675446316936e-03
1.153420000000002983e+04 -2.304446800530782647e-03
1.153440000000003056e+04 -2.401553925615248792e-03
1.153460000000003129e+04 -2.494071581146133001e-03
1.153480000000003201e+04 -2.581999767126274149e-03
1.153500000000003274e+04 -2.669927953104830193e-03
1.153520000000003347e+04 -2.748171730934041365e-03
1.153540000000003420e+04 -2.826415508763252538e-03
1.153560000000003492e+04 -2.899543632045371421e-03
1.153580000000003565e+04 -2.967556100783934683e-03
1.153600000000003638e+04 -3.035568569520530769e-03
1.153620000000003711e+04 -3.092767315184808113e-03
1.153640000000003783e+04 -3.149966060849085456e-03
1.153660000000003856e+04 -3.201441878848052241e-03
1.153680000000003929e+04 -3.247194769186079969e-03
1.153700000000004002e+04 -3.292947659521681687e-03
1.153720000000004075e+04 -3.326575211552332528e-03
1.153740000000004147e+04 -3.360202763582983802e-03
1.153760000000004220e+04 -3.387401270178819375e-03
1.153780000000004293e+04 -3.408170731345219490e-03
1.153800000000004366e+04 -3.428940192508639784e-03
1.153820000000004438e+04 -3.436058438076499636e-03
1.153840000000004511e+04 -3.443176683644359488e-03
1.153860000000004584e+04 -3.443040205414637633e-03
1.153880000000004657e+04 -3.435649003393932092e-03
1.153900000000004729e+04 -3.428257801369575392e-03
1.153920000000004802e+04 -3.405426709907611454e-03
1.153940000000004875e+04 -3.382595618445647517e-03
1.153960000000004948e+04 -3.351539113209781994e-03
1.153980000000005020e+04 -3.312257194208093926e-03
1.154000000000005093e+04 -3.272975275201936343e-03
1.154020000000005166e+04 -3.216141624178087306e-03
1.154040000000005239e+04 -3.159307973154238704e-03
1.154060000000005311e+04 -3.093100653142002391e-03
1.154080000000005384e+04 -3.017519664151268894e-03
1.154100000000005457e+04 -2.941938675155062778e-03
1.154120000000005530e+04 -2.846301100500878752e-03
1.154140000000005602e+04 -2.750663525846694293e-03
1.154160000000005675e+04 -2.644283846091365683e-03
1.154180000000005748e+04 -2.527162061247007797e-03
1.154200000000005821e+04 -2.410040276395940869e-03
1.154220000000005894e+04 -2.269866972183704357e-03
1.154240000000005966e+04 -2.129693667971468279e-03
1.154260000000006039e+04 -1.977135188309571585e-03
1.154280000000006112e+04 -1.812191533212883458e-03
1.154300000000006185e+04 -1.647247878107951490e-03
1.154320000000006257e+04 -1.455644577981813964e-03
1.154340000000006330e+04 -1.264041277855676437e-03
1.154360000000006403e+04 -1.058065255365441860e-03
1.154380000000006476e+04 -8.377165105294104817e-04
1.154400000000006548e+04 -6.173677656832143824e-04
1.154420000000006621e+04 -3.659735144053384353e-04
1.154440000000006694e+04 -1.145792631274624883e-04
1.154460000000006767e+04 1.536120679167922996e-04
1.154480000000006839e+04 4.386004787048163284e-04
1.154500000000006912e+04 7.235888895054285678e-04
1.154520000000006985e+04 1.045000665948700837e-03
1.154540000000007058e+04 1.366412442391972890e-03
1.154560000000007130e+04 1.707610313466815036e-03
1.154580000000007203e+04 2.068594279145154462e-03
1.154600000000007276e+04 2.429578244839167116e-03
1.154620000000007349e+04 2.833645456416652390e-03
1.154640000000007421e+04 3.237712667994137664e-03
1.154660000000007494e+04 3.665285965969676974e-03
1.154680000000007567e+04 4.116365350308209825e-03
1.154700000000007640e+04 4.567444734666383649e-03
1.154720000000007713e+04 5.069945828540981664e-03
1.154740000000007785e+04 5.572446922415579679e-03
1.154760000000007858e+04 6.103138865590673930e-03
1.154780000000007931e+04 6.662021658022165144e-03
1.154800000000008004e+04 7.220904450478460301e-03
1.154820000000008076e+04 7.841772900418313152e-03
1.154840000000008149e+04 8.462641350358164269e-03
1.154860000000008222e+04 9.117676311790855193e-03
1.154880000000008295e+04 9.806877784660449765e-03
1.154900000000008367e+04 1.049607925756165273e-02
1.154920000000008440e+04 1.126082882091717328e-02
1.154940000000008513e+04 1.202557838427269384e-02
1.154960000000008586e+04 1.283221913892389557e-02
1.154980000000008658e+04 1.368075108479915175e-02
1.155000000000008731e+04 1.452928303071510108e-02
1.155020000000008804e+04 1.547103435969423083e-02
1.155040000000008877e+04 1.641278568867335710e-02
1.155060000000008949e+04 1.740657310296427410e-02
1.155080000000009022e+04 1.845239660247421573e-02
1.155100000000009095e+04 1.949822010203718786e-02
1.155120000000009168e+04 2.066065661304532577e-02
1.155140000000009240e+04 2.182309312405346369e-02
1.155160000000009313e+04 2.305111690756890194e-02
1.155180000000009386e+04 2.434472796346994969e-02
1.155200000000009459e+04 2.563833901944106985e-02
1.155220000000009532e+04 2.708010814349007603e-02
1.155240000000009604e+04 2.852187726753908220e-02
1.155260000000009677e+04 3.004768328436387137e-02
1.155280000000009750e+04 3.165752619380240995e-02
1.155300000000009823e+04 3.326736910333502606e-02
1.155320000000009895e+04 3.506876939294532869e-02
1.155340000000009968e+04 3.687016968255563132e-02
1.155360000000010041e+04 3.878127155277757282e-02
1.155380000000010114e+04 4.080207500339166210e-02
1.155400000000010186e+04 4.282287845413441235e-02
1.155420000000010259e+04 4.509631699217290374e-02
1.155440000000010332e+04 4.736975553021138818e-02
1.155460000000010405e+04 4.978946284240318154e-02
1.155480000000010477e+04 5.235543892844496394e-02
1.155500000000010550e+04 5.492141501466651921e-02
1.155520000000010623e+04 5.782818732945130963e-02
1.155540000000010696e+04 6.073495964423610005e-02
1.155560000000010768e+04 6.384151593694649407e-02
1.155580000000010841e+04 6.714785620715368886e-02
1.155600000000010914e+04 7.045419647761827497e-02
1.155620000000010987e+04 7.423223051968808051e-02
1.155640000000011059e+04 7.801026456175788604e-02
1.155660000000011132e+04 8.206875224572263150e-02
1.155680000000011205e+04 8.640769357095996750e-02
1.155700000000011278e+04 9.074663489657631976e-02
1.155720000000011350e+04 9.575772931117901288e-02
1.155740000000011423e+04 1.007688237257817060e-01
1.155760000000011496e+04 1.061859269793855032e-01
1.155780000000011569e+04 1.120090390710598571e-01
1.155800000000011642e+04 1.178321511633100560e-01
1.155820000000011714e+04 1.246445632507551804e-01
1.155840000000011787e+04 1.314569753382003048e-01
1.155860000000011860e+04 1.388772536127209356e-01
1.155880000000011933e+04 1.469053980728796394e-01
1.155900000000012005e+04 1.549335425339428418e-01
1.155920000000012078e+04 1.644685387604391258e-01
1.155940000000012151e+04 1.740035349869353820e-01
1.155960000000012224e+04 1.844799217412466386e-01
1.155980000000012296e+04 1.958976990210783142e-01
1.156000000000012369e+04 2.073154763017338587e-01
1.156020000000012442e+04 2.203123862385645004e-01
1.156040000000012515e+04 2.343449631904204189e-01
1.156060000000012587e+04 2.495150230652644630e-01
1.156080000000012660e+04 2.659344615583716376e-01
1.156100000000012733e+04 2.837259466555915322e-01
1.156120000000012806e+04 3.030230370112551586e-01
1.156140000000012878e+04 3.239700043825176068e-01
1.156160000000012951e+04 3.467209753967151475e-01
1.156180000000013024e+04 3.714380079293645442e-01
1.156200000000013097e+04 3.982879245223381326e-01
1.156220000000013169e+04 4.274368966456471020e-01
1.156240000000013242e+04 4.590429277683725773e-01
1.156260000000013315e+04 4.932444891823609123e-01
1.156280000000013388e+04 5.301453973648114770e-01
1.156300000000013461e+04 5.697947786978558860e-01
1.156320000000013533e+04 6.121623287142526904e-01
1.156340000000013606e+04 6.571091913971972565e-01
1.156360000000013679e+04 7.043567372910515267e-01
1.156380000000013752e+04 7.534574428050678785e-01
1.156400000000013824e+04 8.037737599466452387e-01
1.156420000000013897e+04 8.547672592545786374e-01
1.156440000000013970e+04 9.051378892968823253e-01
1.156460000000014043e+04 9.537557136722206730e-01
1.156480000000014115e+04 9.994485058599231753e-01
1.156500000000014188e+04 1.041103908417559065e+00
1.156520000000014261e+04 1.077710036235218993e+00
1.156540000000014334e+04 1.108492260956918996e+00
1.156560000000014406e+04 1.133054316156622221e+00
1.156580000000014479e+04 1.151333136580812155e+00
1.156600000000014552e+04 1.163561095939209089e+00
1.156620000000014625e+04 1.170199715883309732e+00
1.156640000000014697e+04 1.171863401735398380e+00
1.156660000000014770e+04 1.169248623552509248e+00
1.156680000000014843e+04 1.163077598351287767e+00
1.156700000000014916e+04 1.154058101175747364e+00
1.156720000000014988e+04 1.142857866108238474e+00
1.156740000000015061e+04 1.130089641195265449e+00
1.156760000000015134e+04 1.116303109229518142e+00
1.156780000000015207e+04 1.101981129284816063e+00
1.156800000000015280e+04 1.087538760108263558e+00
1.156820000000015352e+04 1.073323970380330783e+00
1.156840000000015425e+04 1.059619858280723914e+00
1.156860000000015498e+04 1.046647788474663443e+00
1.156880000000015571e+04 1.034571446518317117e+00
1.156900000000015643e+04 1.023501277990714664e+00
1.156920000000015716e+04 1.013498898029748130e+00
1.156940000000015789e+04 1.004581767217184174e+00
1.156960000000015862e+04 9.967274531445774466e-01
1.156980000000015934e+04 9.898778031958941348e-01
1.157000000000016007e+04 9.839435612442627432e-01
1.157020000000016080e+04 9.788092506956413974e-01
1.157040000000016153e+04 9.743394484607904582e-01
1.157060000000016225e+04 9.703861539128210145e-01
1.157080000000016298e+04 9.667978743083180948e-01
1.157100000000016371e+04 9.634296572236631384e-01
1.157120000000016444e+04 9.601537444691528034e-01
1.157140000000016516e+04 9.568695749309260590e-01
1.157160000000016589e+04 9.535118046010004900e-01
1.157180000000016662e+04 9.500552192153727260e-01
1.157200000000016735e+04 9.465158884282903751e-01
1.157220000000016807e+04 9.429482951740202346e-01
1.157240000000016880e+04 9.394390025067121952e-01
1.157260000000016953e+04 9.360976569617267540e-01
1.157280000000017026e+04 9.330469857135803569e-01
1.157300000000017099e+04 9.304125273865198054e-01
1.157320000000017171e+04 9.283135170387019075e-01
1.157340000000017244e+04 9.268551028859901564e-01
1.157360000000017317e+04 9.261225458374588992e-01
1.157380000000017390e+04 9.261772538716802616e-01
1.157400000000017462e+04 9.270541481523510985e-01
1.157420000000017535e+04 9.287609231731566162e-01
1.157440000000017608e+04 9.312781355403901840e-01
1.157460000000017681e+04 9.345603285527230852e-01
1.157480000000017753e+04 9.385383997378942134e-01
1.157500000000017826e+04 9.431224123020991446e-01
1.157520000000017899e+04 9.482055311597030745e-01
1.157540000000017972e+04 9.536682549046970880e-01
1.157560000000018044e+04 9.593832396661741146e-01
1.157580000000018117e+04 9.652200341817602780e-01
1.157600000000018190e+04 9.710495189281577177e-01
1.157620000000018263e+04 9.767478717452170445e-01
1.157640000000018335e+04 9.821993496911622934e-01
1.157660000000018408e+04 9.872984790137582234e-01
1.157680000000018481e+04 9.919508837884054575e-01
1.157700000000018554e+04 9.960734634830321621e-01
1.157720000000018626e+04 9.995939194510802261e-01
1.157740000000018699e+04 1.002449867105173809e+00
1.157760000000018772e+04 1.004587622554577786e+00
1.157780000000018845e+04 1.005961433156010942e+00
1.157800000000018917e+04 1.006532767252519944e+00
1.157820000000018990e+04 1.006270136608361510e+00
1.157840000000019063e+04 1.005149806669865642e+00
1.157860000000019136e+04 1.003156861956969736e+00
1.157880000000019209e+04 1.000286892932866323e+00
1.157900000000019281e+04 9.965482747580793887e-01
1.157920000000019354e+04 9.919639429426749810e-01
1.157940000000019427e+04 9.865729322450638161e-01
1.157960000000019500e+04 9.804310277447088051e-01
1.157980000000019572e+04 9.736103505228863586e-01
1.158000000000019645e+04 9.661977891701682974e-01
1.158020000000019718e+04 9.582927802205265522e-01
1.158040000000019791e+04 9.500044671076502967e-01
1.158060000000019863e+04 9.414489479040084596e-01
1.158080000000019936e+04 9.327462863054291065e-01
1.158100000000020009e+04 9.240180553125887375e-01
1.158120000000020082e+04 9.153845553750369346e-01
1.158140000000020154e+04 9.069620917244504144e-01
1.158160000000020227e+04 8.988598965773507699e-01
1.158180000000020300e+04 8.911766074240263791e-01
1.158200000000020373e+04 8.839970412605718808e-01
1.158220000000020445e+04 8.773890280083216364e-01
1.158240000000020518e+04 8.714008358180850289e-01
1.158260000000020591e+04 8.660599873020465855e-01
1.158280000000020664e+04 8.613727564318769403e-01
1.158300000000020736e+04 8.573253523073858240e-01
1.158320000000020809e+04 8.538860203448787045e-01
1.158340000000020882e+04 8.510082680458334048e-01
1.158360000000020955e+04 8.486349194032263288e-01
1.158380000000021028e+04 8.467027315976162205e-01
1.158400000000021100e+04 8.451472780413680219e-01
1.158420000000021173e+04 8.439078906110445422e-01
1.158440000000021246e+04 8.429322171552527942e-01
1.158460000000021319e+04 8.421797727994700944e-01
1.158480000000021391e+04 8.416247809897803300e-01
1.158500000000021464e+04 8.412574756382869001e-01
1.158520000000021537e+04 8.412480707827192372e-01
1.158540000000021610e+04 8.412386659271514633e-01
1.158560000000021682e+04 8.415625451076582664e-01
1.158580000000021755e+04 8.422197083227966896e-01
1.158600000000021828e+04 8.428768715389309829e-01
1.158620000000021901e+04 8.444464833304975437e-01
1.158640000000021973e+04 8.460160951220642156e-01
1.158660000000022046e+04 8.481274288657668636e-01
1.158680000000022119e+04 8.507804845592208398e-01
1.158700000000022192e+04 8.534335402538929527e-01
1.158720000000022264e+04 8.571844463089828281e-01
1.158740000000022337e+04 8.609353523640727035e-01
1.158760000000022410e+04 8.651878032764126480e-01
1.158780000000022483e+04 8.699417990437584569e-01
1.158800000000022555e+04 8.746957948121599768e-01
1.158820000000022628e+04 8.803859855472717655e-01
1.158840000000022701e+04 8.860761762823835541e-01
1.158860000000022774e+04 8.922655680135994638e-01
1.158880000000022847e+04 8.989541607386491995e-01
1.158900000000022919e+04 9.056427534650191014e-01
1.158920000000022992e+04 9.134832474105522016e-01
1.158940000000023065e+04 9.213237413560853017e-01
1.158960000000023138e+04 9.297810791878999837e-01
1.158980000000023210e+04 9.388552609031461937e-01
1.159000000000023283e+04 9.479294426196132051e-01
1.159020000000023356e+04 9.580521825860639495e-01
1.159040000000023429e+04 9.681749225525148050e-01
1.159060000000023501e+04 9.785266624898061316e-01
1.159080000000023574e+04 9.891074023968635665e-01
1.159100000000023647e+04 9.996881423032724090e-01
1.159120000000023720e+04 1.009720430536814817e+00
1.159140000000023792e+04 1.019752718770357225e+00
1.159160000000023865e+04 1.028886911615510602e+00
1.159180000000023938e+04 1.037123009076555080e+00
1.159200000000024011e+04 1.045359106534074600e+00
1.159220000000024083e+04 1.050659103574632880e+00
1.159240000000024156e+04 1.055959100615191160e+00
1.159260000000024229e+04 1.059470873639329236e+00
1.159280000000024302e+04 1.061194422655699299e+00
1.159300000000024374e+04 1.062917971667825201e+00
1.159320000000024447e+04 1.061159052022334182e+00
1.159340000000024520e+04 1.059400132376843384e+00
1.159360000000024593e+04 1.056289136294426445e+00
1.159380000000024665e+04 1.051826063781723830e+00
1.159400000000024738e+04 1.047362991267109855e+00
1.159420000000024811e+04 1.041354686853475986e+00
1.159440000000024884e+04 1.035346382439842117e+00
1.159460000000024957e+04 1.029135476087644552e+00
1.159480000000025029e+04 1.022721967797893594e+00
1.159500000000025102e+04 1.016308459509134066e+00
1.159520000000025175e+04 1.010684986319825729e+00
1.159540000000025248e+04 1.005061513130517392e+00
1.159560000000025320e+04 9.994380399412089444e-01
1.159580000000025393e+04 9.938145667519006077e-01
1.159600000000025466e+04 9.881910935644919736e-01
1.159620000000025539e+04 9.840596359738935650e-01
1.159640000000025611e+04 9.799281783832951565e-01
1.159660000000025684e+04 9.757967207926967479e-01
1.159680000000025757e+04 9.716652632020982283e-01
1.159700000000025830e+04 9.675338056131086439e-01
1.159720000000025902e+04 9.646480865531315008e-01
1.159740000000025975e+04 9.617623674931543576e-01
1.159760000000026048e+04 9.588766484331771034e-01
1.159780000000026121e+04 9.559909293731999602e-01
1.159800000000026193e+04 9.531052103156302246e-01
1.159820000000026266e+04 9.520576998826143500e-01
1.159840000000026339e+04 9.510101894495983643e-01
1.159860000000026412e+04 9.499626790165824897e-01
1.159880000000026484e+04 9.489151685835666150e-01
1.159900000000026557e+04 9.478676581535415702e-01
1.159920000000026630e+04 9.490725864566023073e-01
1.159940000000026703e+04 9.502775147596630445e-01
1.159960000000026776e+04 9.514824430627238927e-01
1.159980000000026848e+04 9.526873713657846299e-01
1.160000000000026921e+04 9.538922996700596180e-01
1.160020000000026994e+04 9.559993067395712307e-01
1.160040000000027067e+04 9.581063138090829545e-01
1.160060000000027139e+04 9.602133208785946783e-01
1.160080000000027212e+04 9.623203279481062911e-01
1.160100000000027285e+04 9.644273350154869417e-01
1.160120000000027358e+04 9.649722829182202366e-01
1.160140000000027430e+04 9.655172308209535315e-01
1.160160000000027503e+04 9.660621787236868263e-01
1.160180000000027576e+04 9.666071266264201212e-01
1.160200000000027649e+04 9.671520745251077633e-01
1.160220000000027721e+04 9.647705401244830448e-01
1.160240000000027794e+04 9.623890057238583262e-01
1.160260000000027867e+04 9.600074713232336077e-01
1.160280000000027940e+04 9.576259369226088891e-01
1.160300000000028012e+04 9.552444025191741961e-01
1.160320000000028085e+04 9.508565703172113803e-01
1.160340000000028158e+04 9.464687381152485646e-01
1.160360000000028231e+04 9.420809059132857488e-01
1.160380000000028303e+04 9.376930737113229331e-01
1.160400000000028376e+04 9.333052415095085541e-01
1.160420000000028449e+04 9.290220899349632688e-01
1.160440000000028522e+04 9.247389383604179836e-01
1.160460000000028595e+04 9.204557867858726983e-01
1.160480000000028667e+04 9.161726352113274130e-01
1.160500000000028740e+04 9.118894836393803827e-01
1.160520000000028813e+04 9.094144374648910345e-01
1.160540000000028886e+04 9.069393912904017974e-01
1.160560000000028958e+04 9.044643451159125602e-01
1.160580000000029031e+04 9.019892989414232121e-01
1.160600000000029104e+04 8.995142527705092261e-01
1.160620000000029177e+04 8.994960643544372969e-01
1.160640000000029249e+04 8.994778759383654787e-01
1.160660000000029322e+04 8.994596875222936605e-01
1.160680000000029395e+04 8.994414991062218423e-01
1.160700000000029468e+04 8.994233106932802979e-01
1.160720000000029540e+04 9.015297199598196753e-01
1.160740000000029613e+04 9.036361292263590528e-01
1.160760000000029686e+04 9.057425384928984302e-01
1.160780000000029759e+04 9.078489477594378076e-01
1.160800000000029831e+04 9.099553570278920978e-01
1.160820000000029904e+04 9.133456044065684232e-01
1.160840000000029977e+04 9.167358517852447486e-01
1.160860000000030050e+04 9.201260991639210740e-01
1.160880000000030122e+04 9.235163465425973994e-01
