1.152600000000000000e+04 3.972479554838674251e-03
1.152620000000000073e+04 3.784787904850096720e-03
1.152640000000000146e+04 3.597096254861519189e-03
1.152660000000000218e+04 3.411378367585213203e-03
1.152680000000000291e+04 3.227634243021106769e-03
1.152700000000000364e+04 3.043890118457075796e-03
1.152720000000000437e+04 2.864262285795597489e-03
1.152740000000000509e+04 2.684634453134118748e-03
1.152760000000000582e+04 2.507154367706345127e-03
1.152780000000000655e+04 2.331822029512042004e-03
1.152800000000000728e+04 2.156489691317901511e-03
1.152820000000000800e+04 1.985640995378131803e-03
1.152840000000000873e+04 1.814792299438362311e-03
1.152860000000000946e+04 1.646285611086502733e-03
1.152880000000001019e+04 1.480120930322127411e-03
1.152900000000001091e+04 1.313956249558019020e-03
1.152920000000001164e+04 1.152687883846236329e-03
1.152940000000001237e+04 9.914195181344534220e-04
1.152960000000001310e+04 8.327115724562268208e-04
1.152980000000001382e+04 6.765640468109041612e-04
1.153000000000001455e+04 5.204165211659714891e-04
1.153020000000001528e+04 3.696286729523981171e-04
1.153040000000001601e+04 2.188408247388246909e-04
1.153060000000001673e+04 7.085983735932680915e-05
1.153080000000001746e+04 -7.431428918701455202e-05
1.153100000000001819e+04 -2.194884157328207781e-04
1.153120000000001892e+04 -3.587786749779200458e-04
1.153140000000001965e+04 -4.980689342230194220e-04
1.153160000000002037e+04 -6.342738381282203401e-04
1.153180000000002110e+04 -7.673933866947574896e-04
1.153200000000002183e+04 -9.005129352605877394e-04
1.153220000000002256e+04 -1.027154952117238524e-03
1.153240000000002328e+04 -1.153796968973889092e-03
1.153260000000002401e+04 -1.277037118802935118e-03
1.153280000000002474e+04 -1.396875401605985560e-03
1.153300000000002547e+04 -1.516713684408125271e-03
1.153320000000002619e+04 -1.629399071416803152e-03
1.153340000000002692e+04 -1.742084458425481033e-03
1.153360000000002765e+04 -1.851007038794630702e-03
1.153380000000002838e+04 -1.956166812526305421e-03
1.153400000000002910e+04 -2.061326586256826982e-03
1.153420000000002983e+04 -2.158561789914766656e-03
1.153440000000003056e+04 -2.255796993572706764e-03
1.153460000000003129e+04 -2.348856121442705145e-03
1.153480000000003201e+04 -2.437739173527344368e-03
1.153500000000003274e+04 -2.526622225610542036e-03
1.153520000000003347e+04 -2.606695130878739289e-03
1.153540000000003420e+04 -2.686768036146936541e-03
1.153560000000003492e+04 -2.762189874464842515e-03
1.153580000000003565e+04 -2.832960645835672087e-03
1.153600000000003638e+04 -2.903731417204713592e-03
1.153620000000003711e+04 -2.964670497675841922e-03
1.153640000000003783e+04 -3.025609578146970253e-03
1.153660000000003856e+04 -3.081348355181372841e-03
1.153680000000003929e+04 -3.131886828783023071e-03
1.153700000000004002e+04 -3.182425302382469335e-03
1.153720000000004075e+04 -3.221949228875880481e-03
1.153740000000004147e+04 -3.261473155369291627e-03
1.153760000000004220e+04 -3.295158686092159502e-03
1.153780000000004293e+04 -3.323005821049368654e-03
1.153800000000004366e+04 -3.350852956003872937e-03
1.153820000000004438e+04 -3.366307085505128825e-03
1.153840000000004511e+04 -3.381761215006384279e-03
1.153860000000004584e+04 -3.390631811941565918e-03
1.153880000000004657e+04 -3.392918876316662006e-03
1.153900000000004729e+04 -3.395205940688445206e-03
1.153920000000004802e+04 -3.383485685638701508e-03
1.153940000000004875e+04 -3.371765430588957810e-03
1.153960000000004948e+04 -3.352585607795256339e-03
1.153980000000005020e+04 -3.325946217264924131e-03
1.154000000000005093e+04 -3.299306826730540043e-03
1.154020000000005166e+04 -3.256757468560285505e-03
1.154040000000005239e+04 -3.214208110390031400e-03
1.154060000000005311e+04 -3.163163924389891541e-03
1.154080000000005384e+04 -3.103624910568828377e-03
1.154100000000005457e+04 -3.044085896742807808e-03
1.154120000000005530e+04 -2.966378545496112240e-03
1.154140000000005602e+04 -2.888671194249417106e-03
1.154160000000005675e+04 -2.801236214819808560e-03
1.154180000000005748e+04 -2.704073607218257427e-03
1.154200000000005821e+04 -2.606910999610633894e-03
1.154220000000005894e+04 -2.488882772690875246e-03
1.154240000000005966e+04 -2.370854545771117032e-03
1.154260000000006039e+04 -2.241619896773654717e-03
1.154280000000006112e+04 -2.101178825711941950e-03
1.154300000000006185e+04 -1.960737754642772040e-03
1.154320000000006257e+04 -1.796182756840830575e-03
1.154340000000006330e+04 -1.631627759038889111e-03
1.154360000000006403e+04 -1.454078786101372072e-03
1.154380000000006476e+04 -1.263535838044825034e-03
1.154400000000006548e+04 -1.072992889979091117e-03
1.154420000000006621e+04 -8.543923660175602695e-04
1.154440000000006694e+04 -6.357918420560294218e-04
1.154460000000006767e+04 -4.020173929327159430e-04
1.154480000000006839e+04 -1.530690186680446299e-04
1.154500000000006912e+04 9.587935560799335042e-05
1.154520000000006985e+04 3.777169170748832100e-04
1.154540000000007058e+04 6.595544785417731780e-04
1.154560000000007130e+04 9.592496801511492862e-04
1.154580000000007203e+04 1.276802521877675031e-03
1.154600000000007276e+04 1.594355363618340290e-03
1.154620000000007349e+04 1.950774588305444895e-03
1.154640000000007421e+04 2.307193812992549501e-03
1.154660000000007494e+04 2.684808586531166417e-03
1.154680000000007567e+04 3.083618908889681175e-03
1.154700000000007640e+04 3.482429231265898352e-03
1.154720000000007713e+04 3.927582649331172807e-03
1.154740000000007785e+04 4.372736067396447261e-03
1.154760000000007858e+04 4.843283324064970481e-03
1.154780000000007931e+04 5.339224419297018166e-03
1.154800000000008004e+04 5.835165514551397814e-03
1.154820000000008076e+04 6.386910766122013035e-03
1.154840000000008149e+04 6.938656017692629123e-03
1.154860000000008222e+04 7.521142858344031026e-03
1.154880000000008295e+04 8.134371288025890948e-03
1.154900000000008367e+04 8.747599717736172578e-03
1.154920000000008440e+04 9.428762319753196397e-03
1.154940000000008513e+04 1.010992492177022022e-02
1.154960000000008586e+04 1.082873348064900335e-02
1.154980000000008658e+04 1.158518799632517367e-02
1.155000000000008731e+04 1.234164251203788941e-02
1.155020000000008804e+04 1.318181026931168447e-02
1.155040000000008877e+04 1.402197802658547779e-02
1.155060000000008949e+04 1.490884311030356985e-02
1.155080000000009022e+04 1.584240552038271646e-02
1.155100000000009095e+04 1.677596793050941185e-02
1.155120000000009168e+04 1.781409518732589986e-02
1.155140000000009240e+04 1.885222244414238787e-02
1.155160000000009313e+04 1.994911383052936846e-02
1.155180000000009386e+04 2.110476934637780730e-02
1.155200000000009459e+04 2.226042486228897027e-02
1.155220000000009532e+04 2.354870816790939625e-02
1.155240000000009604e+04 2.483699147352982223e-02
1.155260000000009677e+04 2.620043102371740276e-02
1.155280000000009750e+04 2.763902681832722946e-02
1.155300000000009823e+04 2.907762261302110351e-02
1.155320000000009895e+04 3.068735238618940792e-02
1.155340000000009968e+04 3.229708215935771232e-02
1.155360000000010041e+04 3.400470990716757125e-02
1.155380000000010114e+04 3.581023562942309973e-02
1.155400000000010186e+04 3.761576135179331426e-02
1.155420000000010259e+04 3.964645912441508435e-02
1.155440000000010332e+04 4.167715689703685444e-02
1.155460000000010405e+04 4.383805532330651428e-02
1.155480000000010477e+04 4.612915440295406455e-02
1.155500000000010550e+04 4.842025348276141061e-02
1.155520000000010623e+04 5.101427049835288718e-02
1.155540000000010696e+04 5.360828751394436376e-02
1.155560000000010768e+04 5.637960325548127538e-02
1.155580000000010841e+04 5.932821772258307230e-02
1.155600000000010914e+04 6.227683218991291597e-02
1.155620000000010987e+04 6.564334644613480096e-02
1.155640000000011059e+04 6.900986070235667902e-02
1.155660000000011132e+04 7.262438266407612864e-02
1.155680000000011205e+04 7.648691233074275675e-02
1.155700000000011278e+04 8.034944199774388118e-02
1.155720000000011350e+04 8.480517688617625338e-02
1.155740000000011423e+04 8.926091177460861170e-02
1.155760000000011496e+04 9.407420796439978916e-02
1.155780000000011569e+04 9.924506545473026076e-02
1.155800000000011642e+04 1.044159229455667304e-01
1.155820000000011714e+04 1.104560709164480181e-01
1.155840000000011787e+04 1.164962188873292920e-01
1.155860000000011860e+04 1.230692678824444886e-01
1.155880000000011933e+04 1.301752179005334631e-01
1.155900000000012005e+04 1.372811679194135825e-01
1.155920000000012078e+04 1.457051393975108133e-01
1.155940000000012151e+04 1.541291108756080441e-01
1.155960000000012224e+04 1.633748155750729958e-01
1.155980000000012296e+04 1.734422534939027427e-01
1.156000000000012369e+04 1.835096914132375578e-01
1.156020000000012442e+04 1.946653138130030325e-01
1.156040000000012515e+04 2.064792760889631318e-01
1.156060000000012587e+04 2.201836479463470941e-01
1.156080000000012660e+04 2.345615919035245467e-01
1.156100000000012733e+04 2.501306246542697731e-01
1.156120000000012806e+04 2.670082237678298998e-01
1.156140000000012878e+04 2.853224311183472639e-01
1.156160000000012951e+04 3.052117157236765577e-01
1.156180000000013024e+04 3.268241791129002372e-01
1.156200000000013097e+04 3.503158766061209572e-01
1.156220000000013169e+04 3.758477625216387619e-01
1.156240000000013242e+04 4.035809000120088030e-01
1.156260000000013315e+04 4.336691483452823070e-01
1.156280000000013388e+04 4.662486969998059227e-01
1.156300000000013461e+04 5.014237100765986943e-01
1.156320000000013533e+04 5.392473862871866030e-01
1.156340000000013606e+04 5.796982004519678489e-01
1.156360000000013679e+04 6.226518140171929394e-01
1.156380000000013752e+04 6.678504376803161557e-01
1.156400000000013824e+04 7.148732078028428027e-01
1.156420000000013897e+04 7.631131390514099833e-01
1.156440000000013970e+04 8.120220113772815829e-01
1.156460000000014043e+04 8.605331213647851030e-01
1.156480000000014115e+04 9.073576847330617756e-01
1.156500000000014188e+04 9.513127409117532185e-01
1.156520000000014261e+04 9.912408977493158968e-01
1.156540000000014334e+04 1.026087797116937095e+00
1.156560000000014406e+04 1.055032640569316227e+00
1.156580000000014479e+04 1.077610395955738154e+00
1.156600000000014552e+04 1.093731983797595397e+00
1.156620000000014625e+04 1.103646960814029576e+00
1.156640000000014697e+04 1.107878458358243723e+00
1.156660000000014770e+04 1.107135116729654811e+00
1.156680000000014843e+04 1.102220291194973001e+00
1.156700000000014916e+04 1.093951932637448499e+00
1.156720000000014988e+04 1.083103042211818634e+00
1.156740000000015061e+04 1.070363877790881935e+00
1.156760000000015134e+04 1.056323795170397206e+00
1.156780000000015207e+04 1.041468385597962287e+00
1.156800000000015280e+04 1.026186169779555790e+00
1.156820000000015352e+04 1.010780897556695201e+00
1.156840000000015425e+04 9.954852639091587019e-01
1.156860000000015498e+04 9.804751616725841945e-01
1.156880000000015571e+04 9.658815488622281009e-01
1.156900000000015643e+04 9.518007207673754300e-01
1.156920000000015716e+04 9.383026290057179253e-01
1.156940000000015789e+04 9.254365170111209515e-01
1.156960000000015862e+04 9.132361231705200533e-01
1.156980000000015934e+04 9.017228414673912340e-01
1.157000000000016007e+04 8.909082410524190587e-01
1.157020000000016080e+04 8.807963174571811216e-01
1.157040000000016153e+04 8.713847598330859423e-01
1.157060000000016225e+04 8.626663523698104852e-01
1.157080000000016298e+04 8.546298986340035153e-01
1.157100000000016371e+04 8.472612353612202218e-01
1.157120000000016444e+04 8.405437244430301602e-01
1.157140000000016516e+04 8.344589536355813131e-01
1.157160000000016589e+04 8.289871838209810218e-01
1.157180000000016662e+04 8.241077068157213192e-01
1.157200000000016735e+04 8.197990391839669044e-01
1.157220000000016807e+04 8.160390265984680536e-01
1.157240000000016880e+04 8.128051420143972416e-01
1.157260000000016953e+04 8.100740980433570604e-01
1.157280000000017026e+04 8.078223240315882681e-01
1.157300000000017099e+04 8.060253398946725101e-01
1.157320000000017171e+04 8.046582481046612445e-01
1.157340000000017244e+04 8.036953907898789495e-01
1.157360000000017317e+04 8.031103795524208167e-01
1.157380000000017390e+04 8.028760656506876980e-01
1.157400000000017462e+04 8.029649127169085077e-01
1.157420000000017535e+04 8.033488029440296607e-01
1.157440000000017608e+04 8.039994098032154923e-01
1.157460000000017681e+04 8.048883471308226900e-01
1.157480000000017753e+04 8.059876611154974668e-01
1.157500000000017826e+04 8.072701433808581184e-01
1.157520000000017899e+04 8.087095098898667844e-01
1.157540000000017972e+04 8.102808631145758111e-01
1.157560000000018044e+04 8.119612287491825287e-01
1.157580000000018117e+04 8.137294662579832583e-01
1.157600000000018190e+04 8.155668055884511825e-01
1.157620000000018263e+04 8.174570111669290373e-01
1.157640000000018335e+04 8.193861582682154809e-01
1.157660000000018408e+04 8.213428119198584731e-01
1.157680000000018481e+04 8.233179523587362825e-01
1.157700000000018554e+04 8.253048110353370381e-01
1.157720000000018626e+04 8.272984829875495993e-01
1.157740000000018699e+04 8.292958970233170746e-01
1.157760000000018772e+04 8.312954728204762223e-01
1.157780000000018845e+04 8.332968823876694131e-01
1.157800000000018917e+04 8.353009755207650988e-01
1.157820000000018990e+04 8.373095412636603063e-01
1.157840000000019063e+04 8.393252333648947294e-01
1.157860000000019136e+04 8.413515851861700368e-01
1.157880000000019209e+04 8.433928158894480331e-01
1.157900000000019281e+04 8.454538900716281891e-01
1.157920000000019354e+04 8.475403686775671019e-01
1.157940000000019427e+04 8.496580810087432933e-01
1.157960000000019500e+04 8.518129607274903536e-01
1.157980000000019572e+04 8.540105240526039143e-01
1.158000000000019645e+04 8.562552585025946517e-01
1.158020000000019718e+04 8.585500116390265557e-01
1.158040000000019791e+04 8.608953947186094302e-01
1.158060000000019863e+04 8.632887539927966980e-01
1.158080000000019936e+04 8.657239768948669090e-01
1.158100000000020009e+04 8.681902844351740978e-01
1.158120000000020082e+04 8.706724846489847236e-01
1.158140000000020154e+04 8.731504507921725722e-01
1.158160000000020227e+04 8.755996580541888230e-01
1.158180000000020300e+04 8.779916010018194994e-01
1.158200000000020373e+04 8.802946433749642141e-01
1.158220000000020445e+04 8.824757922218496864e-01
1.158240000000020518e+04 8.845018756863652909e-01
1.158260000000020591e+04 8.863415854997589438e-01
1.158280000000020664e+04 8.879674300203823645e-01
1.158300000000020736e+04 8.893574934601419235e-01
1.158320000000020809e+04 8.904967925761372305e-01
1.158340000000020882e+04 8.913784842753859072e-01
1.158360000000020955e+04 8.920044321452972325e-01
1.158380000000021028e+04 8.923849828232635062e-01
1.158400000000021100e+04 8.925386230965431933e-01
1.158420000000021173e+04 8.924905784845078571e-01
1.158440000000021246e+04 8.922720976210778421e-01
1.158460000000021319e+04 8.919183352194224312e-01
1.158480000000021391e+04 8.914673233716914336e-01
1.158500000000021464e+04 8.909586894008593161e-01
1.158520000000021537e+04 8.904315984602375611e-01
1.158540000000021610e+04 8.899499194180122696e-01
1.158560000000021682e+04 8.895367458495971880e-01
1.158580000000021755e+04 8.892725549139974817e-01
1.158600000000021828e+04 8.890083639783977754e-01
1.158620000000021901e+04 8.889776790565462328e-01
1.158640000000021973e+04 8.891026648098175889e-01
1.158660000000022046e+04 8.892780717849818606e-01
1.158680000000022119e+04 8.899072697516238195e-01
1.158700000000022192e+04 8.905364677182656674e-01
1.158720000000022264e+04 8.914978553618513324e-01
1.158740000000022337e+04 8.926807027890406587e-01
1.158760000000022410e+04 8.939181220200884681e-01
1.158780000000022483e+04 8.956466874797477384e-01
1.158800000000022555e+04 8.973752529394071198e-01
1.158820000000022628e+04 8.994026781875987808e-01
1.158840000000022701e+04 9.016293432938743413e-01
1.158860000000022774e+04 9.038991094505772761e-01
1.158880000000022847e+04 9.065567850562185059e-01
1.158900000000022919e+04 9.092144606618598468e-01
1.158920000000022992e+04 9.120889147205242242e-01
1.158940000000023065e+04 9.151078877471795492e-01
1.158960000000023138e+04 9.181566662460000083e-01
1.158980000000023210e+04 9.214736939908593216e-01
1.159000000000023283e+04 9.247907217357186349e-01
1.159020000000023356e+04 9.282538070270465180e-01
1.159040000000023429e+04 9.318142640155471224e-01
1.159060000000023501e+04 9.353942364917783303e-01
1.159080000000023574e+04 9.391498483552912502e-01
1.159100000000023647e+04 9.429054602188042811e-01
1.159120000000023720e+04 9.467501843604880785e-01
1.159140000000023792e+04 9.506543166873259176e-01
1.159160000000023865e+04 9.545680830158246311e-01
1.159180000000023938e+04 9.585685553581203555e-01
1.159200000000024011e+04 9.625690277004160800e-01
1.159220000000024083e+04 9.665872115776213969e-01
1.159240000000024156e+04 9.706172031447071191e-01
1.159260000000024229e+04 9.746412759580633800e-01
1.159280000000024302e+04 9.786120799885710264e-01
1.159300000000024374e+04 9.825828840190786728e-01
1.159320000000024447e+04 9.864510327088580333e-01
1.159340000000024520e+04 9.902507445051663693e-01
1.159360000000024593e+04 9.940206717014675730e-01
1.159380000000024665e+04 9.975225375013656581e-01
1.159400000000024738e+04 1.001024403301263854e+00
1.159420000000024811e+04 1.004272868918847594e+00
1.159440000000024884e+04 1.007352401082427074e+00
1.159460000000024957e+04 1.010379281682584063e+00
1.159480000000025029e+04 1.012932298218507832e+00
1.159500000000025102e+04 1.015485314754431601e+00
1.159520000000025175e+04 1.017573698691151662e+00
1.159540000000025248e+04 1.019352327563358251e+00
1.159560000000025320e+04 1.021065462518315758e+00
1.159580000000025393e+04 1.022189152226324671e+00
1.159600000000025466e+04 1.023312841934333584e+00
1.159620000000025539e+04 1.024436531642342496e+00
1.159640000000025611e+04 1.025560221350351631e+00
1.159660000000025684e+04 1.026585547931132325e+00
1.159680000000025757e+04 1.026725606379491174e+00
1.159700000000025830e+04 1.026865664827850022e+00
1.159720000000025902e+04 1.027005723276208871e+00
1.159740000000025975e+04 1.027145781724567719e+00
1.159760000000026048e+04 1.027213807300015880e+00
1.159780000000026121e+04 1.026633537028647680e+00
1.159800000000026193e+04 1.026053266757279481e+00
1.159820000000026266e+04 1.025472996485911281e+00
1.159840000000026339e+04 1.024892726214543082e+00
1.159860000000026412e+04 1.024264724250577796e+00
1.159880000000026484e+04 1.023207137059541694e+00
1.159900000000026557e+04 1.022149549868505591e+00
1.159920000000026630e+04 1.021091962677469711e+00
1.159940000000026703e+04 1.020034375486433609e+00
1.159960000000026776e+04 1.018953192296557120e+00
1.159980000000026848e+04 1.017659645120276402e+00
1.160000000000026921e+04 1.016366097943995683e+00
1.160020000000026994e+04 1.015072550767714743e+00
1.160040000000027067e+04 1.013779003591434025e+00
1.160060000000027139e+04 1.012488715456884014e+00
1.160080000000027212e+04 1.011227758697469614e+00
1.160100000000027285e+04 1.009966801938055214e+00
1.160120000000027358e+04 1.008705845178641036e+00
1.160140000000027430e+04 1.007444888419226636e+00
1.160160000000027503e+04 1.006211675258888327e+00
1.160180000000027576e+04 1.005228154486420555e+00
1.160200000000027649e+04 1.004244633713952783e+00
1.160220000000027721e+04 1.003261112941485012e+00
1.160240000000027794e+04 1.002277592169017240e+00
1.160260000000027867e+04 1.001334515716818307e+00
1.160280000000027940e+04 1.000755438141403220e+00
1.160300000000028012e+04 1.000176360565988354e+00
1.160320000000028085e+04 9.995972829905733770e-01
1.160340000000028158e+04 9.990182054151584001e-01
1.160360000000028231e+04 9.984743272794999180e-01
1.160380000000028303e+04 9.982472440966807525e-01
1.160400000000028376e+04 9.980201609138615870e-01
1.160420000000028449e+04 9.977930777310424215e-01
1.160440000000028522e+04 9.975659945482232560e-01
1.160460000000028595e+04 9.973537052680201409e-01
1.160480000000028667e+04 9.972745611092465046e-01
1.160500000000028740e+04 9.971954169504728682e-01
1.160520000000028813e+04 9.971162727916991209e-01
1.160540000000028886e+04 9.970371286329254845e-01
1.160560000000028958e+04 9.969503780556131511e-01
1.160580000000029031e+04 9.967951697125539967e-01
1.160600000000029104e+04 9.966399613694948423e-01
1.160620000000029177e+04 9.964847530264357989e-01
1.160640000000029249e+04 9.963295446833766444e-01
1.160660000000029322e+04 9.961581067299234427e-01
1.160680000000029395e+04 9.958406022853031336e-01
1.160700000000029468e+04 9.955230978406828246e-01
1.160720000000029540e+04 9.952055933960625156e-01
1.160740000000029613e+04 9.948880889514422066e-01
1.160760000000029686e+04 9.945639039185262265e-01
1.160780000000029759e+04 9.941795935919405247e-01
1.160800000000029831e+04 9.937952832653549340e-01
1.160820000000029904e+04 9.934109729387693433e-01
1.160840000000029977e+04 9.930266626121836415e-01
1.160860000000030050e+04 9.926539765986870378e-01
1.160880000000030122e+04 9.923859094012448256e-01
