1.152600000000000000e+04 -3.208107754731073726e-04
1.152620000000000073e+04 -4.056796344737022449e-04
1.152640000000000146e+04 -4.942301430218285548e-04
1.152660000000000218e+04 -8.639463869418389065e-04
1.152680000000000291e+04 -1.550721864362378027e-03
1.152700000000000364e+04 -2.237497341782917256e-03
1.152720000000000437e+04 -2.362455940446319194e-03
1.152740000000000509e+04 -2.484591338723710942e-03
1.152760000000000582e+04 -2.517427254227992423e-03
1.152780000000000655e+04 -2.453522063403761489e-03
1.152800000000000728e+04 -2.389616872579530555e-03
1.152820000000000800e+04 -2.310047334951482317e-03
1.152840000000000873e+04 -2.230076147405904430e-03
1.152860000000000946e+04 -2.559163290933732984e-03
1.152880000000001019e+04 -3.305572570128869573e-03
1.152900000000001091e+04 -4.051981849324006596e-03
1.152920000000001164e+04 -3.769223263679429350e-03
1.152940000000001237e+04 -3.476069043091672625e-03
1.152960000000001310e+04 -3.611094129956052452e-03
1.152980000000001382e+04 -4.209980133116035875e-03
1.153000000000001455e+04 -4.808866136276018430e-03
1.153020000000001528e+04 -5.002223609209984628e-03
1.153040000000001601e+04 -5.189405520799107198e-03
1.153060000000001673e+04 -5.111794892089874427e-03
1.153080000000001746e+04 -4.764042378921211698e-03
1.153100000000001819e+04 -4.416289865752548970e-03
1.153120000000001892e+04 -4.545563758453865545e-03
1.153140000000001965e+04 -4.679656099656030743e-03
1.153160000000002037e+04 -5.046335091674698098e-03
1.153180000000002110e+04 -5.655094067101279660e-03
1.153200000000002183e+04 -6.263853042527861223e-03
1.153220000000002256e+04 -6.312113535525833152e-03
1.153240000000002328e+04 -6.351838518700420565e-03
1.153260000000002401e+04 -6.498400014578025949e-03
1.153280000000002474e+04 -6.745574536936601792e-03
1.153300000000002547e+04 -6.992749059295177635e-03
1.153320000000002619e+04 -6.782056354382863181e-03
1.153340000000002692e+04 -6.564391052159612716e-03
1.153360000000002765e+04 -6.494619677323801299e-03
1.153380000000002838e+04 -6.578778716624766876e-03
1.153400000000002910e+04 -6.662937755925732453e-03
1.153420000000002983e+04 -6.628275976561720691e-03
1.153440000000003056e+04 -6.593017107674023838e-03
1.153460000000003129e+04 -6.558509532090080890e-03
1.153480000000003201e+04 -6.524753249809426940e-03
1.153500000000003274e+04 -6.490996967528772990e-03
1.153520000000003347e+04 -6.802551210710190178e-03
1.153540000000003420e+04 -7.117593438940311365e-03
1.153560000000003492e+04 -7.230726492095308766e-03
1.153580000000003565e+04 -7.125124605733518940e-03
1.153600000000003638e+04 -7.019522719371728246e-03
1.153620000000003711e+04 -7.094732410103953696e-03
1.153640000000003783e+04 -7.172695576596149931e-03
1.153660000000003856e+04 -7.066816502373717349e-03
1.153680000000003929e+04 -6.761775000859642469e-03
1.153700000000004002e+04 -6.456733499345568457e-03
1.153720000000004075e+04 -6.650927180521088583e-03
1.153740000000004147e+04 -6.852723427829048031e-03
1.153760000000004220e+04 -6.838735339557439757e-03
1.153780000000004293e+04 -6.608962915886818987e-03
1.153800000000004366e+04 -6.379190492216198216e-03
1.153820000000004438e+04 -6.233936008858624589e-03
1.153840000000004511e+04 -6.089535242051219432e-03
1.153860000000004584e+04 -5.729944739267070139e-03
1.153880000000004657e+04 -5.132512949562816063e-03
1.153900000000004729e+04 -4.535081159858561119e-03
1.153920000000004802e+04 -4.863636604460195613e-03
1.153940000000004875e+04 -5.196845251024034308e-03
1.153960000000004948e+04 -5.268883024931248285e-03
1.153980000000005020e+04 -5.069089890828137532e-03
1.154000000000005093e+04 -4.869296756725026779e-03
1.154020000000005166e+04 -4.804138286483670452e-03
1.154040000000005239e+04 -4.739656372307626646e-03
1.154060000000005311e+04 -4.486980944488258224e-03
1.154080000000005384e+04 -4.042310114062863668e-03
1.154100000000005457e+04 -3.597639283637469980e-03
1.154120000000005530e+04 -3.205730339748276772e-03
1.154140000000005602e+04 -2.814898169038930996e-03
1.154160000000005675e+04 -2.462680230335685498e-03
1.154180000000005748e+04 -2.153141179591786230e-03
1.154200000000005821e+04 -1.843602128847887395e-03
1.154220000000005894e+04 -1.540241671368453805e-03
1.154240000000005966e+04 -1.237007307627264845e-03
1.154260000000006039e+04 -8.172867021289398088e-04
1.154280000000006112e+04 -2.635442917561284758e-04
1.154300000000006185e+04 2.901981186166828573e-04
1.154320000000006257e+04 6.087773138950217534e-04
1.154340000000006330e+04 9.237753435354851585e-04
1.154360000000006403e+04 1.447916190945290008e-03
1.154380000000006476e+04 2.185424963283266568e-03
1.154400000000006548e+04 2.922933735621242694e-03
1.154420000000006621e+04 3.826940523477974105e-03
1.154440000000006694e+04 4.733482814053431229e-03
1.154460000000006767e+04 5.152424285360125353e-03
1.154480000000006839e+04 5.093420399811074417e-03
1.154500000000006912e+04 5.038654653085969035e-03
1.154520000000006985e+04 5.827278473567234877e-03
1.154540000000007058e+04 6.615902294048500720e-03
1.154560000000007130e+04 7.346917718282720312e-03
1.154580000000007203e+04 8.019160940368265031e-03
1.154600000000007276e+04 8.691404162453810617e-03
1.154620000000007349e+04 1.002839674186772889e-02
1.154640000000007421e+04 1.138949940134456086e-02
1.154660000000007494e+04 1.234343305820626187e-02
1.154680000000007567e+04 1.286501200159114074e-02
1.154700000000007640e+04 1.338659094497601960e-02
1.154720000000007713e+04 1.399913894163898852e-02
1.154740000000007785e+04 1.461260581759273036e-02
1.154760000000007858e+04 1.545917972134917655e-02
1.154780000000007931e+04 1.655828623816692213e-02
1.154800000000008004e+04 1.765739275498466945e-02
1.154820000000008076e+04 1.888949784380591218e-02
1.154840000000008149e+04 2.012431718914378664e-02
1.154860000000008222e+04 2.142232158493853969e-02
1.154880000000008295e+04 2.278741938471754575e-02
1.154900000000008367e+04 2.415251718449654833e-02
1.154920000000008440e+04 2.590084847320423336e-02
1.154940000000008513e+04 2.765501580472646062e-02
1.154960000000008586e+04 2.979961329961415897e-02
1.154980000000008658e+04 3.235057688221080335e-02
1.155000000000008731e+04 3.490154046480744426e-02
1.155020000000008804e+04 3.641511637555890774e-02
1.155040000000008877e+04 3.790752110980117467e-02
1.155060000000008949e+04 3.940490433215344812e-02
1.155080000000009022e+04 4.090746924620285857e-02
1.155100000000009095e+04 4.241003416025226902e-02
1.155120000000009168e+04 4.465788311315525838e-02
1.155140000000009240e+04 4.692484191285574424e-02
1.155160000000009313e+04 4.933848778333550095e-02
1.155180000000009386e+04 5.191104464686668862e-02
1.155200000000009459e+04 5.448360151039788324e-02
1.155220000000009532e+04 5.616710548849764700e-02
1.155240000000009604e+04 5.784162913484852675e-02
1.155260000000009677e+04 6.020359514319909705e-02
1.155280000000009750e+04 6.332536586599062101e-02
1.155300000000009823e+04 6.644713658878215190e-02
1.155320000000009895e+04 6.936914486988317308e-02
1.155340000000009968e+04 7.228913534864259138e-02
1.155360000000010041e+04 7.527571396840894435e-02
1.155380000000010114e+04 7.833022594401641003e-02
1.155400000000010186e+04 8.138473791962387571e-02
1.155420000000010259e+04 8.523755227791229849e-02
1.155440000000010332e+04 8.910665852114151020e-02
1.155460000000010405e+04 9.319521587577900279e-02
1.155480000000010477e+04 9.752151193395215689e-02
1.155500000000010550e+04 1.018478079921252971e-01
1.155520000000010623e+04 1.064655169100371390e-01
1.155540000000010696e+04 1.110891730290092944e-01
1.155560000000010768e+04 1.159974624490245909e-01
1.155580000000010841e+04 1.212079913530070274e-01
1.155600000000010914e+04 1.264185202569894639e-01
1.155620000000010987e+04 1.317854272572819008e-01
1.155640000000011059e+04 1.371539138342179887e-01
1.155660000000011132e+04 1.439158625943808834e-01
1.155680000000011205e+04 1.522491623236568448e-01
1.155700000000011278e+04 1.605824620520815704e-01
1.155720000000011350e+04 1.674061240564064246e-01
1.155740000000011423e+04 1.742297860607313065e-01
1.155760000000011496e+04 1.821787969263794493e-01
1.155780000000011569e+04 1.913227658585408830e-01
1.155800000000011642e+04 2.004667347907022890e-01
1.155820000000011714e+04 2.096304982194730215e-01
1.155840000000011787e+04 2.187946656175503990e-01
1.155860000000011860e+04 2.289247605804748953e-01
1.155880000000011933e+04 2.400602087207679702e-01
1.155900000000012005e+04 2.511956568610610452e-01
1.155920000000012078e+04 2.643483202238229302e-01
1.155940000000012151e+04 2.775213594966914887e-01
1.155960000000012224e+04 2.914092724324273687e-01
1.155980000000012296e+04 3.060562780186433796e-01
1.156000000000012369e+04 3.207032836048593905e-01
1.156020000000012442e+04 3.384581602664029631e-01
1.156040000000012515e+04 3.562764628662709043e-01
1.156060000000012587e+04 3.757622982004595324e-01
1.156080000000012660e+04 3.969156662647829736e-01
1.156100000000012733e+04 4.180690343310668466e-01
1.156120000000012806e+04 4.423017285244582597e-01
1.156140000000012878e+04 4.665344227178496728e-01
1.156160000000012951e+04 4.926718387633586826e-01
1.156180000000013024e+04 5.207524558853090513e-01
1.156200000000013097e+04 5.488330730072594754e-01
1.156220000000013169e+04 5.836015534229991308e-01
1.156240000000013242e+04 6.184718794681612897e-01
1.156260000000013315e+04 6.548398852673191772e-01
1.156280000000013388e+04 6.928303774623494338e-01
1.156300000000013461e+04 7.308505570462240364e-01
1.156320000000013533e+04 7.747785262097058867e-01
1.156340000000013606e+04 8.187064953731878481e-01
1.156360000000013679e+04 8.631954371669094961e-01
1.156380000000013752e+04 9.082682484313325810e-01
1.156400000000013824e+04 9.533410596957765382e-01
1.156420000000013897e+04 9.984440770751035199e-01
1.156440000000013970e+04 1.043547094454430502e+00
1.156460000000014043e+04 1.086481639646229791e+00
1.156480000000014115e+04 1.127247712656575418e+00
1.156500000000014188e+04 1.167975705765126992e+00
1.156520000000014261e+04 1.201125799498688806e+00
1.156540000000014334e+04 1.234275893232250620e+00
1.156560000000014406e+04 1.261452116521744493e+00
1.156580000000014479e+04 1.282654469384339802e+00
1.156600000000014552e+04 1.303856822246935332e+00
1.156620000000014625e+04 1.316162880005692370e+00
1.156640000000014697e+04 1.328287380728216949e+00
1.156660000000014770e+04 1.334960645771720689e+00
1.156680000000014843e+04 1.335960175737413991e+00
1.156700000000014916e+04 1.336922980603532096e+00
1.156720000000014988e+04 1.330577491751167019e+00
1.156740000000015061e+04 1.324232002898801941e+00
1.156760000000015134e+04 1.316708731811860433e+00
1.156780000000015207e+04 1.307934825984751859e+00
1.156800000000015280e+04 1.299160920157643284e+00
1.156820000000015352e+04 1.287245459626700006e+00
1.156840000000015425e+04 1.275282158163644430e+00
1.156860000000015498e+04 1.263710785950569848e+00
1.156880000000015571e+04 1.252531342986263896e+00
1.156900000000015643e+04 1.241351900021957944e+00
1.156920000000015716e+04 1.228696041459521826e+00
1.156940000000015789e+04 1.216002326088084340e+00
1.156960000000015862e+04 1.204318412474761013e+00
1.156980000000015934e+04 1.193685517014522857e+00
1.157000000000016007e+04 1.183052621554284700e+00
1.157020000000016080e+04 1.173122167288500384e+00
1.157040000000016153e+04 1.163206048556714167e+00
1.157060000000016225e+04 1.153913942377594593e+00
1.157080000000016298e+04 1.145221377668719454e+00
1.157100000000016371e+04 1.136528812959844537e+00
1.157120000000016444e+04 1.129309178781221057e+00
1.157140000000016516e+04 1.122104422687534742e+00
1.157160000000016589e+04 1.115641581338293165e+00
1.157180000000016662e+04 1.109950936965411916e+00
1.157200000000016735e+04 1.104260292592530890e+00
1.157220000000016807e+04 1.098141621515428268e+00
1.157240000000016880e+04 1.092016432265533021e+00
1.157260000000016953e+04 1.087197371027510018e+00
1.157280000000017026e+04 1.083765229220094106e+00
1.157300000000017099e+04 1.080330527361642146e+00
1.157320000000017171e+04 1.076386375434604581e+00
1.157340000000017244e+04 1.072442223507567016e+00
1.157360000000017317e+04 1.067966006156220837e+00
1.157380000000017390e+04 1.062936006426381974e+00
1.157400000000017462e+04 1.057906006696543111e+00
1.157420000000017535e+04 1.054968804747279609e+00
1.157440000000017608e+04 1.052096328500641054e+00
1.157460000000017681e+04 1.049202564910896252e+00
1.157480000000017753e+04 1.046287083930786510e+00
1.157500000000017826e+04 1.043371602950676547e+00
1.157520000000017899e+04 1.041480686328459138e+00
1.157540000000017972e+04 1.039594918269932666e+00
1.157560000000018044e+04 1.036823797724786944e+00
1.157580000000018117e+04 1.033074129697943544e+00
1.157600000000018190e+04 1.029346949744826434e+00
1.157620000000018263e+04 1.030094895644155795e+00
1.157640000000018335e+04 1.030842841543485378e+00
1.157660000000018408e+04 1.031245980144569252e+00
1.157680000000018481e+04 1.031297345644693886e+00
1.157700000000018554e+04 1.031348711144818298e+00
1.157720000000018626e+04 1.031391077178798854e+00
1.157740000000018699e+04 1.031433397989339751e+00
1.157760000000018772e+04 1.032343572706705848e+00
1.157780000000018845e+04 1.034157023935960096e+00
1.157800000000018917e+04 1.035970475165214566e+00
1.157820000000018990e+04 1.035619699160236884e+00
1.157840000000019063e+04 1.035235965382222068e+00
1.157860000000019136e+04 1.035988549896209143e+00
1.157880000000019209e+04 1.037972145888508280e+00
1.157900000000019281e+04 1.039955741880798978e+00
1.157920000000019354e+04 1.041930756579928286e+00
1.157940000000019427e+04 1.043905771279057593e+00
1.157960000000019500e+04 1.044819588620242046e+00
1.157980000000019572e+04 1.044462301438767282e+00
1.158000000000019645e+04 1.044105014257292519e+00
1.158020000000019718e+04 1.044230724766929352e+00
1.158040000000019791e+04 1.044363790570867145e+00
1.158060000000019863e+04 1.044673906843706535e+00
1.158080000000019936e+04 1.045168300134468931e+00
1.158100000000020009e+04 1.045645878521961558e+00
1.158120000000020082e+04 1.044458781652787271e+00
1.158140000000020154e+04 1.043271684783612985e+00
1.158160000000020227e+04 1.042682120100052456e+00
1.158180000000020300e+04 1.042714476668398893e+00
1.158200000000020373e+04 1.042746833236745330e+00
1.158220000000020445e+04 1.038068396673989868e+00
1.158240000000020518e+04 1.033293821480882446e+00
1.158260000000020591e+04 1.030408416064228838e+00
1.158280000000020664e+04 1.029450345462101790e+00
1.158300000000020736e+04 1.028492274859974520e+00
1.158320000000020809e+04 1.025824760265955593e+00
1.158340000000020882e+04 1.023131213531749628e+00
1.158360000000020955e+04 1.019357360922206190e+00
1.158380000000021028e+04 1.014436379398280241e+00
1.158400000000021100e+04 1.009530845991358561e+00
1.158420000000021173e+04 1.007699487215741430e+00
1.158440000000021246e+04 1.005868128440124520e+00
1.158460000000021319e+04 1.003089665044085477e+00
1.158480000000021391e+04 9.991993831853620556e-01
1.158500000000021464e+04 9.953091013266387455e-01
1.158520000000021537e+04 9.946308064763346168e-01
1.158540000000021610e+04 9.940180623777286062e-01
1.158560000000021682e+04 9.923526026888700446e-01
1.158580000000021755e+04 9.896552732675033548e-01
1.158600000000021828e+04 9.869579438461365539e-01
1.158620000000021901e+04 9.867538204037653582e-01
1.158640000000021973e+04 9.865876645623383734e-01
1.158660000000022046e+04 9.855683179444348907e-01
1.158680000000022119e+04 9.836609564406327832e-01
1.158700000000022192e+04 9.817620589600455361e-01
1.158720000000022264e+04 9.815475017232119237e-01
1.158740000000022337e+04 9.813329444863782003e-01
1.158760000000022410e+04 9.814771528073573670e-01
1.158780000000022483e+04 9.820023183684361001e-01
1.158800000000022555e+04 9.825274839295148332e-01
1.158820000000022628e+04 9.832627228608841197e-01
1.158840000000022701e+04 9.840055810334100705e-01
1.158860000000022774e+04 9.843520597252668480e-01
1.158880000000022847e+04 9.843021589382570102e-01
1.158900000000022919e+04 9.842522581512470614e-01
1.158920000000022992e+04 9.847424034621817812e-01
1.158940000000023065e+04 9.852380037835765103e-01
1.158960000000023138e+04 9.862193410200301713e-01
1.158980000000023210e+04 9.877268932453709960e-01
1.159000000000023283e+04 9.892344454707118206e-01
1.159020000000023356e+04 9.901757832616318034e-01
1.159040000000023429e+04 9.911084984983905555e-01
1.159060000000023501e+04 9.928212076267042274e-01
1.159080000000023574e+04 9.953296680951957409e-01
1.159100000000023647e+04 9.978381285619285501e-01
1.159120000000023720e+04 9.988590491660060966e-01
1.159140000000023792e+04 9.998799697700836431e-01
1.159160000000023865e+04 1.001296619966015378e+00
1.159180000000023938e+04 1.003125151980080121e+00
1.159200000000024011e+04 1.004959181191597883e+00
1.159220000000024083e+04 1.007887152432070499e+00
1.159240000000024156e+04 1.010815123672543114e+00
1.159260000000024229e+04 1.013531621165157048e+00
1.159280000000024302e+04 1.016014384516529923e+00
1.159300000000024374e+04 1.018497147867902797e+00
1.159320000000024447e+04 1.020308700476192376e+00
1.159340000000024520e+04 1.022106554906900389e+00
1.159360000000024593e+04 1.024149066053144930e+00
1.159380000000024665e+04 1.026451367318736541e+00
1.159400000000024738e+04 1.028753668584328151e+00
1.159420000000024811e+04 1.029511049343748263e+00
1.159440000000024884e+04 1.030252824847476933e+00
1.159460000000024957e+04 1.030200546041813991e+00
1.159480000000025029e+04 1.029369936778353090e+00
1.159500000000025102e+04 1.028539327514892188e+00
1.159520000000025175e+04 1.028224242499057972e+00
1.159540000000025248e+04 1.027919678385565083e+00
1.159560000000025320e+04 1.027637137154935099e+00
1.159580000000025393e+04 1.027377981047227218e+00
1.159600000000025466e+04 1.027118824937295560e+00
1.159620000000025539e+04 1.025113163743130995e+00
1.159640000000025611e+04 1.023107502548966430e+00
1.159660000000025684e+04 1.021587079346473415e+00
1.159680000000025757e+04 1.020542285460107834e+00
1.159700000000025830e+04 1.019497491573742032e+00
1.159720000000025902e+04 1.017034718773816238e+00
1.159740000000025975e+04 1.014543007630616556e+00
1.159760000000026048e+04 1.013142568057807447e+00
1.159780000000026121e+04 1.012877941746237687e+00
1.159800000000026193e+04 1.012613315434667705e+00
1.159820000000026266e+04 1.009033160090029080e+00
1.159840000000026339e+04 1.005402514460011831e+00
1.159860000000026412e+04 1.002665893172286715e+00
1.159880000000026484e+04 1.000859787011431745e+00
1.159900000000026557e+04 9.990536808505767752e-01
1.159920000000026630e+04 9.977535703190014704e-01
1.159940000000026703e+04 9.964611653039323613e-01
1.159960000000026776e+04 9.950288612867261850e-01
1.159980000000026848e+04 9.934538320256784960e-01
1.160000000000026921e+04 9.918788027646306960e-01
1.160020000000026994e+04 9.897577811972467776e-01
1.160040000000027067e+04 9.876256169304966637e-01
1.160060000000027139e+04 9.854363621799618889e-01
1.160080000000027212e+04 9.831852594056621486e-01
1.160100000000027285e+04 9.809341566325480155e-01
1.160120000000027358e+04 9.795521584974199447e-01
1.160140000000027430e+04 9.781701603622917629e-01
1.160160000000027503e+04 9.771249275736909601e-01
1.160180000000027576e+04 9.764372909758323171e-01
1.160200000000027649e+04 9.757496543779736742e-01
1.160220000000027721e+04 9.743909031446041924e-01
1.160240000000027794e+04 9.730253729764676285e-01
1.160260000000027867e+04 9.718166100154920217e-01
1.160280000000027940e+04 9.707646142608046258e-01
1.160300000000028012e+04 9.697126185061172299e-01
1.160320000000028085e+04 9.688255355433534888e-01
1.160340000000028158e+04 9.679401183661313635e-01
1.160360000000028231e+04 9.668525980167130829e-01
1.160380000000028303e+04 9.655325503629608175e-01
1.160400000000028376e+04 9.642206882383917987e-01
1.160420000000028449e+04 9.637191933874050820e-01
1.160440000000028522e+04 9.632176985364184763e-01
1.160460000000028595e+04 9.624164208329857306e-01
1.160480000000028667e+04 9.613093040596114580e-01
1.160500000000028740e+04 9.602021872862371854e-01
1.160520000000028813e+04 9.596475622620482815e-01
1.160540000000028886e+04 9.591071036921343662e-01
1.160560000000028958e+04 9.578242127569680520e-01
1.160580000000029031e+04 9.557988894608436814e-01
1.160600000000029104e+04 9.537735661647194219e-01
1.160620000000029177e+04 9.530078579194308785e-01
1.160640000000029249e+04 9.522484793961656369e-01
1.160660000000029322e+04 9.513813672915578667e-01
1.160680000000029395e+04 9.504065216062387300e-01
1.160700000000029468e+04 9.494316759227885427e-01
1.160720000000029540e+04 9.497253225016079048e-01
1.160740000000029613e+04 9.500189690804272669e-01
1.160760000000029686e+04 9.495057013479499819e-01
1.160780000000029759e+04 9.481855193089608891e-01
1.160800000000029831e+04 9.468653372699719073e-01
1.160820000000029904e+04 9.463831711392485246e-01
1.160840000000029977e+04 9.459269230249833793e-01
1.160860000000030050e+04 9.453855790293935746e-01
1.160880000000030122e+04 9.447556658517315409e-01
