1.152400000000000000e+04 4.281683812529498215e-03
1.152450000000000000e+04 3.808562980865889958e-03
1.152500000000000000e+04 3.395934481843381793e-03
1.152550000000000000e+04 2.991716054993858592e-03
1.152600000000000000e+04 2.596254031863364908e-03
1.152650000000000000e+04 2.209911584643936729e-03
1.152700000000000000e+04 1.833072387183626350e-03
1.152750000000000000e+04 1.466144275996479748e-03
1.152800000000000000e+04 1.109554857050545776e-03
1.152850000000000000e+04 7.637602921918764266e-04
1.152900000000000000e+04 4.292416381345343286e-04
1.152950000000000000e+04 1.065092396725696795e-04
1.153000000000000000e+04 -2.038943415093434110e-04
1.153050000000000000e+04 -5.013950590483476659e-04
1.153100000000000000e+04 -7.853807920697619032e-04
1.153150000000000000e+04 -1.055200612995517255e-03
1.153200000000000000e+04 -1.310162590935525471e-03
1.153250000000000000e+04 -1.549527201869708212e-03
1.153300000000000000e+04 -1.772508060849965371e-03
1.153350000000000000e+04 -1.978262403374204861e-03
1.153400000000000000e+04 -2.165890353184317038e-03
1.153450000000000000e+04 -2.334429064650187825e-03
1.153500000000000000e+04 -2.482846132951695584e-03
1.153550000000000000e+04 -2.610034468664719238e-03
1.153600000000000000e+04 -2.714804243539105464e-03
1.153650000000000000e+04 -2.795874836276716988e-03
1.153700000000000000e+04 -2.851868974915381088e-03
1.153750000000000000e+04 -2.881300289394933198e-03
1.153800000000000000e+04 -2.882563792931176327e-03
1.153850000000000000e+04 -2.853924166783915976e-03
1.153900000000000000e+04 -2.793500384014925304e-03
1.153950000000000000e+04 -2.699254726455360166e-03
1.154000000000000000e+04 -2.568969354252171374e-03
1.154050000000000000e+04 -2.400234590620472890e-03
1.154100000000000000e+04 -2.190421098177953736e-03
1.154150000000000000e+04 -1.936657180680279164e-03
1.154200000000000000e+04 -1.635800227143078623e-03
1.154250000000000000e+04 -1.284406691559946551e-03
1.154300000000000000e+04 -8.786918217924444448e-04
1.154350000000000000e+04 -4.144893884600766958e-04
1.154400000000000000e+04 1.127973725936898941e-04
1.154450000000000000e+04 7.082528720574531944e-04
1.154500000000000000e+04 1.377512136523885520e-03
1.154550000000000000e+04 2.126839886305696530e-03
1.154600000000000000e+04 2.963215470867729736e-03
1.154650000000000000e+04 3.894437573712890722e-03
1.154700000000000000e+04 4.929246490116208010e-03
1.154750000000000000e+04 6.077467638716822947e-03
1.154800000000000000e+04 7.350177771372049841e-03
1.154850000000000000e+04 8.759913650729955412e-03
1.154900000000000000e+04 1.032090708706100493e-02
1.154950000000000000e+04 1.204938001567969902e-02
1.155000000000000000e+04 1.396389156068222372e-02
1.155050000000000000e+04 1.608576490871507433e-02
1.155100000000000000e+04 1.843960790459715088e-02
1.155150000000000000e+04 2.105394274503978591e-02
1.155200000000000000e+04 2.396200041781687551e-02
1.155250000000000000e+04 2.720269013721299603e-02
1.155300000000000000e+04 3.082184042641352220e-02
1.155350000000000000e+04 3.487369280958481366e-02
1.155400000000000000e+04 3.942290072333445861e-02
1.155450000000000000e+04 4.454698971543154945e-02
1.155500000000000000e+04 5.033957913360708608e-02
1.155550000000000000e+04 5.691452638887439103e-02
1.155600000000000000e+04 6.441134525032987668e-02
1.155650000000000000e+04 7.300238142475373726e-02
1.155700000000000000e+04 8.290219938625113805e-02
1.155750000000000000e+04 9.438021286075372329e-02
1.155800000000000000e+04 1.077773936756640655e-01
1.155850000000000000e+04 1.235286405309480029e-01
1.155900000000000000e+04 1.421922281635936425e-01
1.155910000000000036e+04 1.461991743764048390e-01
1.155920000000000073e+04 1.504801325437108150e-01
1.155929000000000087e+04 1.546663225328042957e-01
1.155938999999999942e+04 1.593071140510350370e-01
1.155948999999999978e+04 1.640247574911896933e-01
1.155959000000000015e+04 1.688229138632763027e-01
1.155963999999999942e+04 1.712628196328444263e-01
1.155973999999999978e+04 1.764910641377615552e-01
1.155984000000000015e+04 1.819215062249997517e-01
1.155994000000000051e+04 1.875637670288454462e-01
1.156004000000000087e+04 1.934279509368971861e-01
1.156013999999999942e+04 1.995246309460361744e-01
1.156023999999999978e+04 2.058648925945437413e-01
1.156034000000000015e+04 2.124603339620986797e-01
1.156044000000000051e+04 2.193230656697875702e-01
1.156054000000000087e+04 2.264657108800892660e-01
1.156063999999999942e+04 2.339014272629453828e-01
1.156073999999999978e+04 2.416438630636374707e-01
1.156084000000000015e+04 2.497071571027846548e-01
1.156094000000000051e+04 2.581058948442337408e-01
1.156104000000000087e+04 2.668551083950438940e-01
1.156113999999999942e+04 2.759701593531770913e-01
1.156123999999999978e+04 2.854667314854749671e-01
1.156134000000000015e+04 2.953606916092794688e-01
1.156144000000000051e+04 3.056679944061698739e-01
1.156154000000000087e+04 3.164045433035932997e-01
1.156163999999999942e+04 3.275860293904088172e-01
1.156173999999999978e+04 3.392276824682184388e-01
1.156184000000000015e+04 3.513440880008637524e-01
1.156194000000000051e+04 3.639488429794837110e-01
1.156204000000000087e+04 3.770542703637450033e-01
1.156213999999999942e+04 3.906709944046662941e-01
1.156223999999999978e+04 4.048075452555486287e-01
1.156234000000000015e+04 4.194698464305725571e-01
1.156244000000000051e+04 4.346606802973359551e-01
1.156254000000000087e+04 4.503791169593038268e-01
1.156263999999999942e+04 4.666198552739929672e-01
1.156273999999999978e+04 4.833726151253222025e-01
1.156284000000000015e+04 5.006214271876697763e-01
1.156294000000000051e+04 5.183439519780100868e-01
1.156304000000000087e+04 5.365109014163452761e-01
1.156313999999999942e+04 5.550854018099509180e-01
1.156323999999999978e+04 5.740225545321737677e-01
1.156334000000000015e+04 5.932690625994355704e-01
1.156344000000000051e+04 6.127630769087838436e-01
1.156354000000000087e+04 6.324342767801355292e-01
1.156363999999999942e+04 6.522041042609013628e-01
1.156373999999999978e+04 6.721989711988884952e-01
1.156384000000000015e+04 6.921135155774660319e-01
1.156394000000000051e+04 7.118494026680176612e-01
1.156404000000000087e+04 7.313035384289359175e-01
1.156413999999999942e+04 7.503693874692141108e-01
1.156423999999999978e+04 7.689407804988289685e-01
1.156434000000000015e+04 7.869132322923787504e-01
1.156444000000000051e+04 8.041853328728412187e-01
1.156454000000000087e+04 8.206627746226156095e-01
1.156463999999999942e+04 8.362616471924868566e-01
1.156473999999999978e+04 8.509021405644353608e-01
1.156484000000000015e+04 8.645155009706736449e-01
1.156494000000000051e+04 8.770520118953858413e-01
1.156504000000000087e+04 8.884767473031675022e-01
1.156513999999999942e+04 8.987697180794108620e-01
1.156523999999999978e+04 9.079252862687261505e-01
1.156534000000000015e+04 9.159519454143041362e-01
1.156544000000000051e+04 9.228708561539568089e-01
1.156554000000000087e+04 9.287147479170836384e-01
1.156563999999999942e+04 9.335258687590840543e-01
1.156573999999999978e+04 9.373547406179745245e-01
1.156584000000000015e+04 9.402577430477563336e-01
1.156594000000000051e+04 9.422960149154314680e-01
1.156604000000000087e+04 9.435331845748125001e-01
1.156613999999999942e+04 9.440341251231123554e-01
1.156623999999999978e+04 9.438637828777283190e-01
1.156634000000000015e+04 9.430856397520781531e-01
1.156644000000000051e+04 9.417612007141640262e-01
1.156654000000000087e+04 9.399490419239820982e-01
1.156663999999999942e+04 9.377045910729652212e-01
1.156673999999999978e+04 9.350794684020931058e-01
1.156684000000000015e+04 9.321215599221820414e-01
1.156694000000000051e+04 9.288749441936423601e-01
1.156704000000000087e+04 9.253799655466734553e-01
1.156713999999999942e+04 9.216733073014744537e-01
1.156723999999999978e+04 9.177882846490598157e-01
1.156734000000000015e+04 9.137551375320226432e-01
1.156744000000000051e+04 9.096010306445763138e-01
1.156754000000000087e+04 9.053507124143188589e-01
1.156763999999999942e+04 9.010263685618474794e-01
1.156773999999999978e+04 8.966483543027750081e-01
1.156784000000000015e+04 8.922349746870982257e-01
1.156794000000000051e+04 8.878028507002142522e-01
1.156804000000000087e+04 8.833672121437298186e-01
1.156813999999999942e+04 8.789420440758517472e-01
1.156823999999999978e+04 8.745400868113764048e-01
1.156834000000000015e+04 8.701729091419001527e-01
1.156844000000000051e+04 8.658513476570340872e-01
1.156854000000000087e+04 8.615852870837643618e-01
1.156863999999999942e+04 8.573836602865126943e-01
1.156873999999999978e+04 8.532549608084694093e-01
1.156884000000000015e+04 8.492065838898302799e-01
1.156894000000000051e+04 8.452455586698067735e-01
1.156904000000000087e+04 8.413781820855941174e-01
1.156913999999999942e+04 8.376100920925879656e-01
1.156923999999999978e+04 8.339464141047939760e-01
1.156934000000000015e+04 8.303916877746182479e-01
1.156944000000000051e+04 8.269500134332555819e-01
1.156954000000000087e+04 8.236247592099066317e-01
1.156963999999999942e+04 8.204191467933664716e-01
1.156973999999999978e+04 8.173356656704457990e-01
1.156984000000000015e+04 8.143765124471346040e-01
1.156994000000000051e+04 8.115434444082434418e-01
1.157004000000000087e+04 8.088379259577671565e-01
1.157013999999999942e+04 8.062609821785007291e-01
1.157023999999999978e+04 8.038133452724547379e-01
1.157034000000000015e+04 8.014954545608186098e-01
1.157044000000000051e+04 7.993074564840031426e-01
1.157054000000000087e+04 7.972492778217976639e-01
1.157063999999999942e+04 7.953205524732072096e-01
1.157073999999999978e+04 7.935206946766372171e-01
1.157084000000000015e+04 7.918489722300822153e-01
1.157094000000000051e+04 7.903043600507370092e-01
1.157104000000000087e+04 7.888857598356118217e-01
1.157113999999999942e+04 7.875917804008959466e-01
1.157123999999999978e+04 7.864209573425944289e-01
1.157134000000000015e+04 7.853716798163125068e-01
1.157144000000000051e+04 7.844421905372446213e-01
1.157154000000000087e+04 7.836304393397904855e-01
1.157163999999999942e+04 7.829345224987448448e-01
1.157173999999999978e+04 7.823520969677176806e-01
1.157184000000000015e+04 7.818808929204983382e-01
1.157194000000000051e+04 7.815184940904968958e-01
1.157204000000000087e+04 7.812623377707080818e-01
1.157213999999999942e+04 7.811096415935260273e-01
1.157223999999999978e+04 7.810576231913611833e-01
1.157234000000000015e+04 7.811034269764077775e-01
1.157244000000000051e+04 7.812439044800549848e-01
1.157254000000000087e+04 7.814759804539233023e-01
1.157263999999999942e+04 7.817964332092021129e-01
1.157273999999999978e+04 7.822017481762856272e-01
1.157284000000000015e+04 7.826886304461838639e-01
1.157294000000000051e+04 7.832534922290861346e-01
1.157304000000000087e+04 7.838927457351970718e-01
1.157313999999999942e+04 7.846027299545216271e-01
1.157323999999999978e+04 7.853796374366486255e-01
1.157334000000000015e+04 7.862198071715884584e-01
1.157344000000000051e+04 7.871193584887350436e-01
1.157354000000000087e+04 7.880744107174882940e-01
1.157363999999999942e+04 7.890813028478423918e-01
1.157373999999999978e+04 7.901360809890020098e-01
1.157384000000000015e+04 7.912350109107720852e-01
1.157394000000000051e+04 7.923743583829471193e-01
1.157404000000000087e+04 7.935504623955261794e-01
1.157413999999999942e+04 7.947596619385038919e-01
1.157423999999999978e+04 7.959985888826905942e-01
1.157434000000000015e+04 7.972637286584800531e-01
1.157444000000000051e+04 7.985519327972672166e-01
1.157454000000000087e+04 7.998600528304565804e-01
1.157463999999999942e+04 8.011851599500532384e-01
1.157473999999999978e+04 8.025243985682464221e-01
1.157484000000000015e+04 8.038752059780460701e-01
1.157494000000000051e+04 8.052350926926467034e-01
1.157504000000000087e+04 8.066018621060377924e-01
1.157513999999999942e+04 8.079733908324399083e-01
1.157523999999999978e+04 8.093479215870370558e-01
1.157534000000000015e+04 8.107236970850397739e-01
1.157544000000000051e+04 8.120992529224422274e-01
1.157554000000000087e+04 8.134731979154445902e-01
1.157563999999999942e+04 8.148445069812414454e-01
1.157573999999999978e+04 8.162121550370379230e-01
1.157584000000000015e+04 8.175754098808389880e-01
1.157594000000000051e+04 8.189334660904394880e-01
1.157604000000000087e+04 8.202859575648393520e-01
1.157613999999999942e+04 8.216322985424333591e-01
1.157623999999999978e+04 8.229724158030317094e-01
1.157634000000000015e+04 8.243059432456240065e-01
1.157644000000000051e+04 8.256328808702207978e-01
1.157654000000000087e+04 8.269532286768116469e-01
1.157663999999999942e+04 8.282670598856070043e-01
1.157673999999999978e+04 8.295744477168015552e-01
1.157684000000000015e+04 8.308756850511902492e-01
1.157694000000000051e+04 8.321709915493782361e-01
1.157704000000000087e+04 8.334607333123653650e-01
1.157713999999999942e+04 8.347452032209573547e-01
1.157723999999999978e+04 8.360248405963487395e-01
1.157734000000000015e+04 8.373001579799341787e-01
1.157744000000000051e+04 8.385716679131244300e-01
1.157754000000000087e+04 8.398399561575091710e-01
1.157763999999999942e+04 8.411056084746989514e-01
1.157773999999999978e+04 8.423692838464831301e-01
1.157784000000000015e+04 8.436317876950724104e-01
1.157794000000000051e+04 8.448937790022614802e-01
1.157804000000000087e+04 8.461561364104508431e-01
1.157813999999999942e+04 8.474195921216350902e-01
1.157823999999999978e+04 8.486850979984247312e-01
1.157834000000000015e+04 8.499534594630095974e-01
1.157844000000000051e+04 8.512254819375998371e-01
1.157854000000000087e+04 8.525020440645908471e-01
1.157863999999999942e+04 8.537839512661772323e-01
1.157873999999999978e+04 8.550718625241695570e-01
1.157884000000000015e+04 8.563663636001572765e-01
1.157894000000000051e+04 8.576680402557459448e-01
1.157904000000000087e+04 8.589772585919406289e-01
1.157913999999999942e+04 8.602941650491311432e-01
1.157923999999999978e+04 8.616187596273277016e-01
1.157934000000000015e+04 8.629508226659199366e-01
1.157944000000000051e+04 8.642899880639182131e-01
1.157954000000000087e+04 8.656353771789120355e-01
1.157963999999999942e+04 8.669861113685065623e-01
1.157973999999999978e+04 8.683407262287065054e-01
1.157984000000000015e+04 8.696976841353070142e-01
1.157994000000000051e+04 8.710550081429074831e-01
1.158004000000000087e+04 8.724104284253075825e-01
1.158013999999999942e+04 8.737613090553019157e-01
1.158023999999999978e+04 8.751047212248955764e-01
1.158034000000000015e+04 8.764375164654930606e-01
1.158044000000000051e+04 8.777561802074890229e-01
1.158054000000000087e+04 8.790570514408827529e-01
1.158063999999999942e+04 8.803361762748688202e-01
1.158073999999999978e+04 8.815896008186571153e-01
1.158084000000000015e+04 8.828130783006366000e-01
1.158094000000000051e+04 8.840025083896120295e-01
1.158104000000000087e+04 8.851535710937881163e-01
1.158113999999999942e+04 8.862623125223544340e-01
1.158123999999999978e+04 8.873246323441199568e-01
1.158134000000000015e+04 8.883367963288798519e-01
1.158144000000000051e+04 8.892952899070232231e-01
1.158154000000000087e+04 8.901969646099702205e-01
1.158163999999999942e+04 8.910389648499048576e-01
1.158173999999999978e+04 8.918189475804375599e-01
1.158184000000000015e+04 8.925348626359628224e-01
1.158194000000000051e+04 8.931854652730801813e-01
1.158204000000000087e+04 8.937697304089846639e-01
1.158213999999999942e+04 8.942874383830866636e-01
1.158223999999999978e+04 8.947385891953754111e-01
1.158234000000000015e+04 8.951241347084619715e-01
1.158244000000000051e+04 8.954451732253408958e-01
1.158254000000000087e+04 8.957036084712121093e-01
1.158263999999999942e+04 8.959017102722713899e-01
1.158273999999999978e+04 8.960421877759289222e-01
1.158284000000000015e+04 8.961281162305752002e-01
1.158294000000000051e+04 8.961631566462151532e-01
1.158304000000000087e+04 8.961510432530548353e-01
1.158313999999999942e+04 8.960960228226896307e-01
1.158323999999999978e+04 8.960023421267145904e-01
1.158334000000000015e+04 8.958746872579407272e-01
1.158344000000000051e+04 8.957178175293530886e-01
1.158354000000000087e+04 8.955364922539730266e-01
1.158363999999999942e+04 8.953356904053906273e-01
1.158373999999999978e+04 8.951203909572013062e-01
1.158384000000000015e+04 8.948954996628160075e-01
1.158394000000000051e+04 8.946660687160302716e-01
1.158404000000000087e+04 8.944433740276401812e-01
1.158413999999999942e+04 8.942314427086511808e-01
1.158423999999999978e+04 8.940221473168677990e-01
1.158434000000000015e+04 8.938160003936846953e-01
1.158444000000000051e+04 8.936190059955029241e-01
1.158454000000000087e+04 8.934598664407252810e-01
1.158463999999999942e+04 8.933475145937481710e-01
1.158513999999999942e+04 8.932400134797308100e-01
1.158563999999999942e+04 8.942700613930418818e-01
1.158613999999999942e+04 8.966484592895112016e-01
1.158663999999999942e+04 9.004212626749543702e-01
1.158713999999999942e+04 9.055067578061464229e-01
1.158763999999999942e+04 9.117505965014691682e-01
1.158813999999999942e+04 9.189782218041072648e-01
1.158863999999999942e+04 9.270278170720471778e-01
1.158913999999999942e+04 9.357612890080724277e-01
1.158963999999999942e+04 9.450605334295536508e-01
1.159013999999999942e+04 9.548151342748882886e-01
1.159063999999999942e+04 9.649025941494672187e-01
1.159113999999999942e+04 9.751637323384717559e-01
1.159163999999999942e+04 9.853788882418655914e-01
1.159213999999999942e+04 9.952594278312150156e-01
1.159263999999999942e+04 1.004462168029085056e+00
1.159313999999999942e+04 1.012629208497843880e+00
1.159363999999999942e+04 1.019443798652238664e+00
1.159413999999999942e+04 1.024615693619435497e+00
1.159463999999999942e+04 1.028096714507834353e+00
1.159563999999999942e+04 1.030786137953545900e+00
1.159663999999999942e+04 1.028689376585280257e+00
1.159763999999999942e+04 1.023293020123843045e+00
1.159863999999999942e+04 1.015826655387947586e+00
1.159963999999999942e+04 1.007672533313381358e+00
1.160063999999999942e+04 1.000307358893908205e+00
1.160163999999999942e+04 9.948082744918483877e-01
1.160263999999999942e+04 9.914677948062473600e-01
1.160363999999999942e+04 9.897375737592297718e-01
1.160463999999999942e+04 9.885275090130787312e-01
1.160563999999999942e+04 9.868595251360684495e-01
1.160663999999999942e+04 9.845303628529861184e-01
1.160763999999999942e+04 9.821645172496940024e-01
1.160863999999999942e+04 9.806602537399031760e-01
1.160963999999999942e+04 9.807106015166998647e-01
1.161063999999999942e+04 9.827031150987244335e-01
1.161163999999999942e+04 9.867799148941881482e-01
1.161263999999999942e+04 9.929027067384973426e-01
1.161363999999999942e+04 1.000917508551023349e+00
1.161463999999999942e+04 1.010573028605346924e+00
1.161563999999999942e+04 1.021412226413004110e+00
1.161663999999999942e+04 1.032602588299907920e+00
1.161763999999999942e+04 1.042948428399907534e+00
1.161863999999999942e+04 1.051220892096268678e+00
1.161963999999999942e+04 1.056583658264483416e+00
1.162063999999999942e+04 1.058755707776928956e+00
1.162163999999999942e+04 1.057869129874410508e+00
1.162263999999999942e+04 1.054301228247582767e+00
1.162363999999999942e+04 1.048659950217106562e+00
1.162463999999999942e+04 1.041783227751890362e+00
1.162563999999999942e+04 1.034572108633229792e+00
1.162663999999999942e+04 1.027750447758420282e+00
1.162763999999999942e+04 1.021737064671500494e+00
1.162863999999999942e+04 1.016658849979095613e+00
1.162963999999999942e+04 1.012434968580390837e+00
1.163063999999999942e+04 1.008875633716953324e+00
1.163163999999999942e+04 1.005769751552184843e+00
1.163263999999999942e+04 1.002947304781634186e+00
1.163363999999999942e+04 1.000305492244520256e+00
1.163463999999999942e+04 9.977984780956065114e-01
1.163563999999999942e+04 9.954053213577216397e-01
1.163663999999999942e+04 9.931006146214316210e-01
1.163763999999999942e+04 9.908442332171628619e-01
1.163863999999999942e+04 9.885991277236850783e-01
1.163963999999999942e+04 9.863622228926081092e-01
1.164063999999999942e+04 9.841814779549430403e-01
1.164163999999999942e+04 9.821405103790891156e-01
1.164263999999999942e+04 9.803216196698665286e-01
1.164363999999999942e+04 9.787745223430706076e-01
1.164463999999999942e+04 9.775079316025127030e-01
1.164563999999999942e+04 9.765017118931803575e-01
1.164663999999999942e+04 9.757288449612803172e-01
1.164763999999999942e+04 9.751800318414014512e-01
1.164863999999999942e+04 9.748818514661625745e-01
1.164963999999999942e+04 9.749032772639454336e-01
1.165063999999999942e+04 9.753479158177882358e-01
1.165163999999999942e+04 9.763371662192900091e-01
1.165263999999999942e+04 9.779895719722747627e-01
1.165363999999999942e+04 9.803979762903428652e-01
1.165463999999999942e+04 9.836052129905098473e-01
1.165563999999999942e+04 9.875838244977622749e-01
1.165663999999999942e+04 9.922307167704982334e-01
1.165763999999999942e+04 9.973793870738931755e-01
1.165863999999999942e+04 1.002825258169117717e+00
1.165963999999999942e+04 1.008351378603556725e+00
1.166063999999999942e+04 1.013747826063775559e+00
1.166163999999999942e+04 1.018824667350956670e+00
1.166263999999999942e+04 1.023423893273486929e+00
1.166363999999999942e+04 1.027435746751543366e+00
