1.151500100000000020e+04 1.552672260902458919e-02
1.151549699999999939e+04 1.416418861901902471e-02
1.151600200000000041e+04 1.402802350712357635e-02
1.151650000000000000e+04 1.566965051220110816e-02
1.151699899999999980e+04 1.316272484322581794e-02
1.151749699999999939e+04 1.374697261365627650e-02
1.151800000000000000e+04 1.284678098281925862e-02
1.151849799999999959e+04 1.273582905041368597e-02
1.151899600000000100e+04 1.167144580370607643e-02
1.151949699999999939e+04 1.046726810582614131e-02
1.152000000000000000e+04 9.149163130313660991e-03
1.152050100000000020e+04 8.811350056186608229e-03
1.152099799999999959e+04 8.264252581470211967e-03
1.152149799999999959e+04 7.384329360006327940e-03
1.152199600000000100e+04 5.854545655859987908e-03
1.152249799999999959e+04 4.726635290456643844e-03
1.152299799999999959e+04 4.486774905557502045e-03
1.152350200000000041e+04 2.643926974572957493e-03
1.152400000000000000e+04 1.438493798605261888e-03
1.152449699999999939e+04 -2.824673587922726437e-04
1.152499899999999980e+04 -3.977618491460001640e-03
1.152550100000000020e+04 -7.293216641198698239e-03
1.152599899999999980e+04 -8.380194231278219330e-03
1.152649899999999980e+04 -8.967711362499903097e-03
1.152699899999999980e+04 -9.583075757039274944e-03
1.152750200000000041e+04 -1.291821523690339299e-02
1.152799500000000080e+04 -1.443945857719426684e-02
1.152849799999999959e+04 -1.481028671842607621e-02
1.152900000000000000e+04 -1.663744205879687590e-02
1.152950000000000000e+04 -1.750495671320925414e-02
1.153000300000000061e+04 -1.764779005761530489e-02
1.153050200000000041e+04 -1.603066159195263088e-02
1.153100100000000020e+04 -1.549008822556354782e-02
1.153150000000000000e+04 -1.324770698079769278e-02
1.153200000000000000e+04 -1.236997235286011257e-02
1.153250000000000000e+04 -1.180910285928245609e-02
1.153300000000000000e+04 -1.172712721988599174e-02
1.153350000000000000e+04 -1.165834090651798535e-02
1.153400200000000041e+04 -8.685566696958824454e-03
1.153450000000000000e+04 -7.446532181270352525e-03
1.153500300000000061e+04 -6.680470837905420380e-03
1.153550200000000041e+04 -4.226498079588397912e-03
1.153600100000000020e+04 -3.228288212371721068e-03
1.153650400000000081e+04 -1.710113013347723619e-03
1.153700300000000061e+04 -2.204495387202151744e-03
1.153750100000000020e+04 -1.337754950723815022e-03
1.153799899999999980e+04 -2.392207215795029397e-04
1.153850100000000020e+04 8.636768859927302885e-05
1.153900400000000081e+04 2.784401803128243313e-03
1.153950200000000041e+04 2.507417649338298474e-03
1.154000200000000041e+04 3.217813562451063945e-03
1.154049799999999959e+04 2.852996804239007426e-03
1.154100100000000020e+04 4.323051202652514191e-03
1.154150300000000061e+04 4.836198743960985584e-03
1.154200100000000020e+04 4.763772483650344051e-03
1.154249899999999980e+04 5.030728143726041421e-03
1.154300300000000061e+04 7.319109638524814478e-03
1.154350300000000061e+04 7.743963199383402558e-03
1.154399799999999959e+04 8.203086765129225660e-03
1.154450100000000020e+04 9.899457989079981507e-03
1.154499799999999959e+04 1.151522650301987048e-02
1.154549799999999959e+04 1.326547070452953857e-02
1.154600000000000000e+04 1.345610475730724294e-02
1.154649899999999980e+04 1.566906211862019102e-02
1.154700100000000020e+04 1.790740356031335703e-02
1.154749799999999959e+04 2.105310273106197894e-02
1.154800000000000000e+04 2.290668052888531619e-02
1.154849300000000039e+04 2.497320789893867424e-02
1.154899899999999980e+04 2.801691496218520344e-02
1.154950300000000061e+04 3.047428496796807801e-02
1.155000200000000041e+04 3.348595962781984042e-02
1.155049899999999980e+04 3.700925199950478445e-02
1.155100200000000041e+04 4.093931664840460422e-02
1.155149899999999980e+04 4.524250967779688826e-02
1.155200400000000081e+04 5.079366315060421244e-02
1.155250200000000041e+04 5.626737964232365191e-02
1.155300200000000041e+04 6.397455288992480449e-02
1.155349899999999980e+04 7.206764169506786610e-02
1.155400000000000000e+04 7.961847770584544459e-02
1.155450100000000020e+04 8.953125440122278178e-02
1.155500000000000000e+04 1.005778347240268572e-01
1.155550100000000020e+04 1.136832290055659334e-01
1.155600100000000020e+04 1.295206000118592493e-01
1.155649799999999959e+04 1.465341541436586126e-01
1.155700000000000000e+04 1.664215785178949913e-01
1.155750100000000020e+04 1.903969805415958172e-01
1.155800400000000081e+04 2.185684158514595576e-01
1.155850200000000041e+04 2.527249253003119311e-01
1.155899799999999959e+04 2.943530549307568633e-01
1.155950500000000102e+04 3.455397981543231190e-01
1.156000100000000020e+04 4.077297420475122780e-01
1.156049699999999939e+04 4.841011445550357783e-01
1.156099799999999959e+04 5.781416126466230043e-01
1.156150000000000000e+04 6.926166993916870185e-01
1.156199799999999959e+04 8.234723529128038511e-01
1.156250100000000020e+04 9.669331731113673944e-01
1.156299799999999959e+04 1.109789245490256038e+00
1.156350400000000081e+04 1.237209252554577699e+00
1.156400200000000041e+04 1.320519138823857741e+00
1.156449799999999959e+04 1.364829284639395679e+00
1.156500200000000041e+04 1.375541006893933549e+00
1.156549500000000080e+04 1.356942449551621355e+00
1.156599600000000100e+04 1.324179397876016795e+00
1.156650300000000061e+04 1.277597669127394031e+00
1.156699600000000100e+04 1.236960164358997138e+00
1.156749799999999959e+04 1.200048051678221928e+00
1.156799500000000080e+04 1.162127119395433672e+00
1.156849899999999980e+04 1.133049892296585481e+00
1.156900200000000041e+04 1.107289335227222393e+00
1.156950000000000000e+04 1.087250559825759133e+00
1.157000100000000020e+04 1.067981569367222106e+00
1.157050400000000081e+04 1.052074749393484110e+00
1.157099699999999939e+04 1.039950054780223176e+00
1.157150100000000020e+04 1.021672845779547201e+00
1.157199699999999939e+04 1.009518873617986534e+00
1.157250100000000020e+04 9.997168566274812207e-01
1.157300000000000000e+04 9.924424629740357107e-01
1.157350300000000061e+04 9.898919309590893389e-01
1.157400000000000000e+04 9.870582563919775287e-01
1.157450300000000061e+04 9.852819467302855738e-01
1.157499899999999980e+04 9.891740300103022410e-01
1.157549500000000080e+04 9.935755752146545605e-01
1.157599899999999980e+04 1.001547080624925146e+00
1.157649899999999980e+04 1.011855929823990863e+00
1.157700200000000041e+04 1.018673857193856502e+00
1.157749899999999980e+04 1.026347224334905661e+00
1.157800300000000061e+04 1.031949770473978178e+00
1.157850200000000041e+04 1.034831092159649080e+00
1.157900200000000041e+04 1.037219751621015096e+00
1.157950500000000102e+04 1.035979197878788671e+00
1.158000500000000102e+04 1.028601792744342713e+00
1.158049699999999939e+04 1.019127197571942034e+00
1.158099699999999939e+04 1.007918621518732571e+00
1.158149899999999980e+04 9.979517392144414689e-01
1.158199899999999980e+04 9.879691463854646249e-01
1.158250000000000000e+04 9.745975635697221584e-01
1.158299899999999980e+04 9.690995095985303065e-01
1.158350000000000000e+04 9.666785302397605806e-01
1.158400200000000041e+04 9.652090823818663123e-01
1.158450000000000000e+04 9.614586734556670455e-01
1.158499899999999980e+04 9.614556675051685319e-01
1.158550200000000041e+04 9.640150082054164127e-01
1.158599899999999980e+04 9.626665591443739345e-01
1.158650000000000000e+04 9.632342809453999788e-01
1.158700200000000041e+04 9.666211915358620121e-01
1.158750200000000041e+04 9.699987965013591174e-01
1.158800500000000102e+04 9.799433254677812899e-01
1.158849799999999959e+04 9.870647100255056650e-01
1.158900500000000102e+04 9.972620857892421364e-01
1.158950200000000041e+04 1.007180510106837401e+00
1.159000100000000020e+04 1.019351168899238491e+00
1.159050400000000081e+04 1.031727091987019840e+00
1.159100200000000041e+04 1.044863686678543457e+00
1.159150100000000020e+04 1.054017218371882780e+00
1.159200200000000041e+04 1.065523550790650420e+00
1.159250300000000061e+04 1.069449675447208037e+00
1.159300000000000000e+04 1.069061329217886325e+00
1.159350400000000081e+04 1.068390989076206887e+00
1.159400000000000000e+04 1.065573720740502495e+00
1.159450200000000041e+04 1.057928331623681828e+00
1.159499699999999939e+04 1.050672198237474486e+00
1.159549799999999959e+04 1.042152533044620633e+00
1.159600100000000020e+04 1.032959366426440484e+00
1.159650000000000000e+04 1.023430828929493108e+00
1.159699400000000060e+04 1.015541646493276939e+00
1.159750000000000000e+04 1.007328599772145727e+00
1.159800400000000081e+04 1.000811267148193240e+00
1.159849799999999959e+04 9.929763885366528209e-01
1.159899799999999959e+04 9.892117764008702130e-01
1.159950000000000000e+04 9.845972500860981080e-01
1.159999899999999980e+04 9.839093386349005987e-01
1.160050300000000061e+04 9.828360466243689642e-01
1.160100200000000041e+04 9.786405120711348937e-01
1.160150500000000102e+04 9.758326646270700788e-01
1.160200100000000020e+04 9.744893492232512555e-01
1.160250100000000020e+04 9.711598369199406777e-01
1.160300300000000061e+04 9.677835991019591022e-01
1.160350300000000061e+04 9.632809161582932544e-01
1.160399799999999959e+04 9.565862769725582693e-01
1.160450300000000061e+04 9.528233991153466365e-01
1.160500100000000020e+04 9.492361809909045656e-01
1.160550200000000041e+04 9.432938919549970214e-01
1.160599600000000100e+04 9.407936813525124009e-01
1.160650200000000041e+04 9.388548729510816093e-01
1.160700100000000020e+04 9.383074327147916671e-01
1.160749899999999980e+04 9.389286705789540166e-01
1.160799899999999980e+04 9.409057843031544133e-01
