1.151500000000000000e+04 9.384647669367567752e-03
1.151549899999999980e+04 8.418346038315828103e-03
1.151600200000000041e+04 1.005849147563112923e-02
1.151650300000000061e+04 8.337444317676422773e-03
1.151700300000000061e+04 8.095690803730497959e-03
1.151750000000000000e+04 7.012089032984577738e-03
1.151800100000000020e+04 8.283921948992448506e-03
1.151850300000000061e+04 7.401556743782089845e-03
1.151899899999999980e+04 6.804413306597187350e-03
1.151950100000000020e+04 5.996370101946242245e-03
1.152000000000000000e+04 6.741171424310461562e-03
1.152050100000000020e+04 7.304254793403240284e-03
1.152100200000000041e+04 6.244876451576209485e-03
1.152149500000000080e+04 6.259566986977699483e-03
1.152200000000000000e+04 5.426284120634365313e-03
1.152249799999999959e+04 5.680171032347689115e-03
1.152300300000000061e+04 6.148155764877042545e-03
1.152350200000000041e+04 5.722482270501100775e-03
1.152400000000000000e+04 4.720727033941736657e-03
1.152450200000000041e+04 4.197473064877485505e-03
1.152500200000000041e+04 3.500331774900890171e-03
1.152550599999999940e+04 3.186873481209172125e-03
1.152599899999999980e+04 2.864191212090698175e-03
1.152649899999999980e+04 8.249893235061672063e-04
1.152699799999999959e+04 -8.612082658724823673e-04
1.152750400000000081e+04 -2.427678738493848493e-03
1.152799699999999939e+04 -3.956209172404509533e-03
1.152850300000000061e+04 -4.588736544696472332e-03
1.152900200000000041e+04 -6.658478574641500843e-03
1.152950000000000000e+04 -6.875077370241512199e-03
1.152999799999999959e+04 -7.466975516010617743e-03
1.153049799999999959e+04 -9.427225603297518727e-03
1.153100100000000020e+04 -1.261044993376688426e-02
1.153150000000000000e+04 -1.485905342503317239e-02
1.153200200000000041e+04 -1.626665786021544782e-02
1.153250000000000000e+04 -1.759594922487480936e-02
1.153300200000000041e+04 -1.839460267252828601e-02
1.153350100000000020e+04 -1.896282054829543859e-02
1.153400100000000020e+04 -1.906809850312037036e-02
1.153450200000000041e+04 -1.772034497848785223e-02
1.153500100000000020e+04 -1.554870989079298362e-02
1.153550400000000081e+04 -1.478077557907892838e-02
1.153600300000000061e+04 -1.278831087687309562e-02
1.153650100000000020e+04 -1.106329873708201787e-02
1.153699899999999980e+04 -8.903916351048870095e-03
1.153749600000000100e+04 -7.821915499193280927e-03
1.153799699999999939e+04 -6.692548490617246902e-03
1.153849899999999980e+04 -4.939751944702198451e-03
1.153899699999999939e+04 -2.623027200945988145e-03
1.153949799999999959e+04 -9.661568710308639967e-04
1.153999600000000100e+04 1.398207675348554259e-03
1.154050100000000020e+04 2.190576655862374461e-03
1.154099899999999980e+04 4.032950976749944370e-03
1.154149799999999959e+04 6.133784538707807293e-03
1.154200300000000061e+04 7.311876759480945287e-03
1.154250100000000020e+04 7.404653722135741585e-03
1.154299899999999980e+04 9.086629512500662281e-03
1.154350100000000020e+04 1.045985051744171071e-02
1.154399799999999959e+04 1.206580154095749507e-02
1.154450000000000000e+04 1.353750312558285422e-02
1.154500000000000000e+04 1.499043503638351933e-02
1.154549799999999959e+04 1.677936596890879442e-02
1.154600000000000000e+04 1.803357186275795013e-02
1.154650100000000020e+04 1.968973548979192911e-02
1.154699899999999980e+04 2.089587772054871465e-02
1.154749799999999959e+04 2.523200928299758686e-02
1.154800200000000041e+04 2.763285542722621752e-02
1.154850000000000000e+04 2.927286944435919178e-02
1.154900100000000020e+04 3.263950591389259276e-02
1.154949799999999959e+04 3.620253977967968773e-02
1.155000000000000000e+04 3.929937725804907855e-02
1.155049899999999980e+04 4.325177692454440503e-02
1.155100000000000000e+04 4.782891685987741837e-02
1.155150400000000081e+04 5.113826205834776095e-02
1.155200200000000041e+04 5.591750831254444637e-02
1.155250100000000020e+04 6.248819810746691905e-02
1.155299799999999959e+04 6.967527129911886552e-02
1.155349899999999980e+04 7.744240939841046112e-02
1.155400000000000000e+04 8.597451802609325233e-02
1.155450300000000061e+04 9.547471487728928508e-02
1.155499799999999959e+04 1.073114253993705386e-01
1.155550500000000102e+04 1.201106607511114588e-01
1.155599899999999980e+04 1.328586736227351517e-01
1.155649699999999939e+04 1.500813559212242909e-01
1.155700000000000000e+04 1.694037752831593913e-01
1.155750300000000061e+04 1.937427323624206776e-01
1.155799899999999980e+04 2.226720083454854227e-01
1.155849600000000100e+04 2.553508940267946170e-01
1.155899799999999959e+04 2.966335863720586108e-01
1.155949899999999980e+04 3.473689015387219081e-01
1.155999899999999980e+04 4.084129236609643776e-01
1.156049899999999980e+04 4.839317869438953812e-01
1.156100200000000041e+04 5.767615052190424585e-01
1.156150000000000000e+04 6.902003772765905598e-01
1.156200200000000041e+04 8.204893054044686274e-01
1.156250200000000041e+04 9.656496685167595961e-01
1.156300200000000041e+04 1.105786517116817969e+00
1.156350000000000000e+04 1.223893762636644178e+00
1.156400200000000041e+04 1.311593101631300495e+00
1.156449899999999980e+04 1.355297235284618207e+00
1.156499899999999980e+04 1.360494891830451580e+00
1.156549699999999939e+04 1.342576148352962795e+00
1.156599699999999939e+04 1.304311437815137475e+00
1.156650100000000020e+04 1.263846722704394576e+00
1.156700000000000000e+04 1.221854350740113171e+00
1.156749799999999959e+04 1.186311407271730900e+00
1.156799899999999980e+04 1.154405677881251480e+00
1.156850100000000020e+04 1.124238752627107596e+00
1.156899600000000100e+04 1.100172574768960354e+00
1.156950000000000000e+04 1.077597278769094391e+00
1.157000100000000020e+04 1.060211189560318346e+00
1.157050000000000000e+04 1.046325026740424713e+00
1.157099899999999980e+04 1.031097035225711389e+00
1.157150300000000061e+04 1.016241949894614249e+00
1.157199899999999980e+04 1.005677906121543730e+00
1.157250100000000020e+04 9.954558147594902984e-01
1.157299899999999980e+04 9.875332589730174693e-01
1.157349899999999980e+04 9.833652358823511408e-01
1.157400400000000081e+04 9.800431053130314041e-01
1.157450000000000000e+04 9.815865456728700700e-01
1.157499899999999980e+04 9.841236352432441992e-01
1.157549799999999959e+04 9.908387135565931425e-01
1.157599600000000100e+04 9.975096013685497143e-01
1.157650100000000020e+04 1.005286343219061518e+00
1.157699600000000100e+04 1.013986093803204813e+00
1.157749899999999980e+04 1.022273142156346903e+00
1.157799899999999980e+04 1.026468398966883910e+00
1.157850000000000000e+04 1.028576156312488221e+00
1.157900000000000000e+04 1.030437527957755561e+00
1.157949600000000100e+04 1.030754143421619418e+00
1.157999600000000100e+04 1.022370756496502331e+00
1.158050400000000081e+04 1.014508854829751838e+00
1.158100400000000081e+04 1.005656628558853516e+00
1.158150200000000041e+04 9.951558261748366663e-01
1.158199799999999959e+04 9.819929408011118799e-01
1.158250000000000000e+04 9.735889707243087221e-01
1.158299899999999980e+04 9.677374545756632918e-01
1.158350200000000041e+04 9.652052490029102705e-01
1.158400000000000000e+04 9.639912644569290645e-01
1.158450200000000041e+04 9.620323073905518996e-01
1.158500200000000041e+04 9.595504056128655312e-01
1.158549699999999939e+04 9.601765809138282926e-01
1.158600100000000020e+04 9.605820719137555530e-01
1.158649600000000100e+04 9.652512602727818525e-01
1.158700200000000041e+04 9.678263208701927134e-01
1.158749699999999939e+04 9.707163684657577063e-01
1.158800500000000102e+04 9.777370846607273958e-01
1.158850100000000020e+04 9.840489428296066432e-01
1.158900200000000041e+04 9.943067082179574134e-01
1.158949899999999980e+04 1.005955139117407082e+00
1.159000100000000020e+04 1.020662966080705170e+00
1.159050400000000081e+04 1.032121405655846091e+00
1.159099699999999939e+04 1.042523562684315008e+00
1.159149899999999980e+04 1.053293596515169295e+00
1.159200000000000000e+04 1.064008802993491098e+00
1.159249699999999939e+04 1.069624501551763363e+00
1.159299799999999959e+04 1.068089997281537196e+00
1.159350100000000020e+04 1.069082938856553033e+00
1.159399600000000100e+04 1.065581926716000050e+00
1.159450100000000020e+04 1.058810664943806934e+00
1.159499799999999959e+04 1.050669507464923269e+00
1.159550000000000000e+04 1.042367624941139770e+00
1.159600100000000020e+04 1.032757758548286331e+00
1.159650400000000081e+04 1.024347638413992900e+00
1.159699899999999980e+04 1.018124334890613270e+00
1.159749699999999939e+04 1.009217356232209539e+00
1.159800000000000000e+04 1.001113773981505695e+00
1.159849799999999959e+04 9.963789802691547237e-01
1.159899400000000060e+04 9.914311976045753205e-01
1.159950300000000061e+04 9.886037309091828540e-01
1.159999899999999980e+04 9.875900820802059332e-01
1.160049799999999959e+04 9.832753079780864880e-01
1.160099600000000100e+04 9.807266911233178952e-01
1.160150300000000061e+04 9.794220975763880954e-01
1.160200300000000061e+04 9.764912639301615016e-01
1.160249400000000060e+04 9.762894263671730855e-01
1.160300100000000020e+04 9.712589902689251486e-01
1.160350100000000020e+04 9.663499135280405605e-01
1.160399899999999980e+04 9.638945136298087135e-01
1.160449899999999980e+04 9.598228538372367558e-01
1.160500000000000000e+04 9.558956828542624073e-01
1.160550200000000041e+04 9.520900469119254472e-01
1.160600500000000102e+04 9.496964586365269634e-01
1.160650000000000000e+04 9.474978062385523980e-01
1.160700400000000081e+04 9.466188504169750217e-01
1.160749899999999980e+04 9.492712974527087733e-01
1.160800100000000020e+04 9.494633852177638556e-01
