1.152400000000000000e+04 8.146131774016743959e-03
1.152450000000000000e+04 7.442754517216853757e-03
1.152500000000000000e+04 6.784696606330616574e-03
1.152550000000000000e+04 6.137364137587719183e-03
1.152600000000000000e+04 5.501205455363480760e-03
1.152650000000000000e+04 4.876695021181285360e-03
1.152700000000000000e+04 4.264334284284194108e-03
1.152750000000000000e+04 3.664651681634964291e-03
1.152800000000000000e+04 3.078209602488826344e-03
1.152850000000000000e+04 2.505602647250319750e-03
1.152900000000000000e+04 1.947460239188091025e-03
1.152950000000000000e+04 1.404451847864488390e-03
1.153000000000000000e+04 8.772878597071947886e-04
1.153050000000000000e+04 3.667239308672196833e-04
1.153100000000000000e+04 -1.264355304946925722e-04
1.153150000000000000e+04 -6.013347524932383201e-04
1.153200000000000000e+04 -1.057060505517345940e-03
1.153250000000000000e+04 -1.492638619943773741e-03
1.153300000000000000e+04 -1.907027892135877050e-03
1.153350000000000000e+04 -2.299114861013995450e-03
1.153400000000000000e+04 -2.667707714054251555e-03
1.153450000000000000e+04 -3.011527581572510156e-03
1.153500000000000000e+04 -3.329204183866356272e-03
1.153550000000000000e+04 -3.619264513784293397e-03
1.153600000000000000e+04 -3.880122389866487356e-03
1.153650000000000000e+04 -4.110070621200347628e-03
1.153700000000000000e+04 -4.307268819418090186e-03
1.153750000000000000e+04 -4.469725987264694389e-03
1.153800000000000000e+04 -4.595290942310287230e-03
1.153850000000000000e+04 -4.681633164374840277e-03
1.153900000000000000e+04 -4.726224513524578119e-03
1.153950000000000000e+04 -4.726314854067056349e-03
1.154000000000000000e+04 -4.678914643119138836e-03
1.154050000000000000e+04 -4.580762719457702990e-03
1.154100000000000000e+04 -4.428294962941917330e-03
1.154150000000000000e+04 -4.217613824507199759e-03
1.154200000000000000e+04 -3.944445668156658022e-03
1.154250000000000000e+04 -3.604092018951361026e-03
1.154300000000000000e+04 -3.191384293287006894e-03
1.154350000000000000e+04 -2.700616764880514695e-03
1.154400000000000000e+04 -2.125481271899845766e-03
1.154450000000000000e+04 -1.458984512661782359e-03
1.154500000000000000e+04 -6.933531533271776286e-04
1.154550000000000000e+04 1.800706406912569674e-04
1.154600000000000000e+04 1.170960661041000554e-03
1.154650000000000000e+04 2.290157265316919172e-03
1.154700000000000000e+04 3.549840620810239440e-03
1.154750000000000000e+04 4.963740512264648574e-03
1.154800000000000000e+04 6.547388807641180836e-03
1.154850000000000000e+04 8.318411970176515027e-03
1.154900000000000000e+04 1.029688625159694108e-02
1.154950000000000000e+04 1.250577123677636994e-02
1.155000000000000000e+04 1.497142696326822509e-02
1.155050000000000000e+04 1.772425205029016723e-02
1.155100000000000000e+04 2.079944109601822647e-02
1.155150000000000000e+04 2.423796320006816121e-02
1.155200000000000000e+04 2.808776074059208747e-02
1.155250000000000000e+04 3.240516840599064891e-02
1.155300000000000000e+04 3.725683715815461539e-02
1.155350000000000000e+04 4.272204995292771396e-02
1.155400000000000000e+04 4.889572521213533113e-02
1.155450000000000000e+04 5.589226475006786599e-02
1.155500000000000000e+04 6.385049862018300770e-02
1.155550000000000000e+04 7.294020569640898011e-02
1.155600000000000000e+04 8.337054951197306329e-02
1.155650000000000000e+04 9.540135216165462895e-02
1.155700000000000000e+04 1.093579549590404792e-01
1.155750000000000000e+04 1.256511284090751357e-01
1.155800000000000000e+04 1.448036246419384110e-01
1.155850000000000000e+04 1.674854529743804166e-01
1.155900000000000000e+04 1.945601856132610497e-01
1.155910000000000036e+04 1.967527757765185903e-01
1.155920000000000073e+04 1.995171486626081125e-01
1.155929000000000087e+04 2.000766671741502634e-01
1.155938999999999942e+04 2.000558116265099828e-01
1.155948999999999978e+04 2.014833869940285960e-01
1.155959000000000015e+04 2.019684206046236941e-01
1.155963999999999942e+04 2.044707889400973755e-01
1.155973999999999978e+04 2.060530213528079801e-01
1.155984000000000015e+04 2.066814468120581338e-01
1.155994000000000051e+04 2.086819192340662321e-01
1.156004000000000087e+04 2.089971739707300047e-01
1.156013999999999942e+04 2.097082863207929415e-01
1.156023999999999978e+04 2.106877262501858639e-01
1.156034000000000015e+04 2.140299149203192530e-01
1.156044000000000051e+04 2.140240941442517753e-01
1.156054000000000087e+04 2.142910147455422687e-01
1.156063999999999942e+04 2.142872485184599274e-01
1.156073999999999978e+04 2.153146047088568826e-01
1.156084000000000015e+04 2.157267279477388666e-01
1.156094000000000051e+04 2.160741677165518571e-01
1.156104000000000087e+04 2.164977389720041667e-01
1.156113999999999942e+04 2.163594781380447363e-01
1.156123999999999978e+04 2.171451288287112869e-01
1.156134000000000015e+04 2.216125051779851141e-01
1.156144000000000051e+04 2.288400549102737325e-01
1.156154000000000087e+04 2.363540488169444120e-01
1.156163999999999942e+04 2.441682593407586699e-01
1.156173999999999978e+04 2.522971466760224324e-01
1.156184000000000015e+04 2.607558413571972045e-01
1.156194000000000051e+04 2.695602139045941703e-01
1.156204000000000087e+04 2.787268225900907948e-01
1.156213999999999942e+04 2.882729743771547670e-01
1.156223999999999978e+04 2.982166988036625277e-01
1.156234000000000015e+04 3.085767218647940680e-01
1.156244000000000051e+04 3.193724747187150492e-01
1.156254000000000087e+04 3.306240501580091085e-01
1.156263999999999942e+04 3.423521242582459045e-01
1.156273999999999978e+04 3.545779389665152936e-01
1.156284000000000015e+04 3.673231541042977222e-01
1.156294000000000051e+04 3.806097777217025135e-01
1.156304000000000087e+04 3.944599658660111752e-01
1.156313999999999942e+04 4.088958745845178155e-01
1.156323999999999978e+04 4.239394074587302108e-01
1.156334000000000015e+04 4.396119718443640134e-01
1.156344000000000051e+04 4.559340697026562639e-01
1.156354000000000087e+04 4.729250016060320139e-01
1.156363999999999942e+04 4.906023182780079317e-01
1.156373999999999978e+04 5.089813417787766303e-01
1.156384000000000015e+04 5.280745212822633983e-01
1.156394000000000051e+04 5.478907627359594912e-01
1.156404000000000087e+04 5.684346192293429079e-01
1.156413999999999942e+04 5.897054639508693130e-01
1.156423999999999978e+04 6.116965412648903699e-01
1.156434000000000015e+04 6.343939916715030103e-01
1.156444000000000051e+04 6.577757984148757675e-01
1.156454000000000087e+04 6.818107515030542576e-01
1.156463999999999942e+04 7.064574204334826968e-01
1.156473999999999978e+04 7.316631965642069746e-01
1.156484000000000015e+04 7.573634573651795154e-01
1.156494000000000051e+04 7.834809396066715337e-01
1.156504000000000087e+04 8.099251734877432884e-01
1.156513999999999942e+04 8.365927960420341813e-01
1.156523999999999978e+04 8.633563930648109341e-01
1.156534000000000015e+04 8.900986610833283574e-01
1.156544000000000051e+04 9.166803086411767776e-01
1.156554000000000087e+04 9.429534256230799327e-01
1.156563999999999942e+04 9.687633114552760549e-01
1.156573999999999978e+04 9.939515221060885031e-01
1.156584000000000015e+04 1.018359004143742697e+00
1.156594000000000051e+04 1.041828793508295936e+00
1.156604000000000087e+04 1.064206973140416235e+00
1.156613999999999942e+04 1.085348157582487261e+00
1.156623999999999978e+04 1.105119410550788439e+00
1.156634000000000015e+04 1.123402073135902235e+00
1.156644000000000051e+04 1.140098815432661006e+00
1.156654000000000087e+04 1.155139817598537677e+00
1.156663999999999942e+04 1.168479896967369536e+00
1.156673999999999978e+04 1.180097985706362484e+00
1.156684000000000015e+04 1.189996608473173012e+00
1.156694000000000051e+04 1.198200576558471120e+00
1.156704000000000087e+04 1.204754898514104777e+00
1.156713999999999942e+04 1.209722168438306600e+00
1.156723999999999978e+04 1.213179780146529607e+00
1.156734000000000015e+04 1.215217054285204989e+00
1.156744000000000051e+04 1.215932017216775574e+00
1.156754000000000087e+04 1.215428179904781247e+00
1.156763999999999942e+04 1.213812535599184006e+00
1.156773999999999978e+04 1.211192251664244157e+00
1.156784000000000015e+04 1.207673450778321333e+00
1.156794000000000051e+04 1.203358686276192246e+00
1.156804000000000087e+04 1.198346419806101792e+00
1.156813999999999942e+04 1.192729193129409060e+00
1.156823999999999978e+04 1.186593802234876094e+00
1.156834000000000015e+04 1.180020078538464912e+00
1.156844000000000051e+04 1.173081324169107598e+00
1.156854000000000087e+04 1.165844224911554372e+00
1.156863999999999942e+04 1.158368850206391798e+00
1.156873999999999978e+04 1.150709088435803329e+00
1.156884000000000015e+04 1.142913082209420228e+00
1.156894000000000051e+04 1.135023315421442858e+00
1.156904000000000087e+04 1.127077744993739250e+00
1.156913999999999942e+04 1.119109365590055694e+00
1.156923999999999978e+04 1.111147515473384750e+00
1.156934000000000015e+04 1.103217702391690480e+00
1.156944000000000051e+04 1.095342387092315350e+00
1.156954000000000087e+04 1.087540896264832968e+00
1.156963999999999942e+04 1.079830293112662432e+00
1.156973999999999978e+04 1.072225377353034803e+00
1.156984000000000015e+04 1.064739033445676553e+00
1.156994000000000051e+04 1.057382317649937287e+00
1.157004000000000087e+04 1.050164980367761958e+00
1.157013999999999942e+04 1.043095204972224410e+00
1.157023999999999978e+04 1.036180130150455847e+00
1.157034000000000015e+04 1.029425936960834287e+00
1.157044000000000051e+04 1.022837848832981233e+00
1.157054000000000087e+04 1.016420044510582876e+00
1.157063999999999942e+04 1.010176267451539545e+00
1.157073999999999978e+04 1.004109303484969296e+00
1.157084000000000015e+04 9.982216772685206241e-01
1.157094000000000051e+04 9.925150428882435483e-01
1.157104000000000087e+04 9.869907062015363941e-01
1.157113999999999942e+04 9.816495377800107391e-01
1.157123999999999978e+04 9.764917987951382550e-01
1.157134000000000015e+04 9.715177504183991619e-01
1.157144000000000051e+04 9.667268703068386815e-01
1.157154000000000087e+04 9.621187231746491930e-01
1.157163999999999942e+04 9.576922643359168097e-01
1.157173999999999978e+04 9.534463620475491785e-01
1.157184000000000015e+04 9.493796233949818308e-01
1.157194000000000051e+04 9.454903942921766280e-01
1.157204000000000087e+04 9.417768465387613697e-01
1.157213999999999942e+04 9.382369778200605470e-01
1.157223999999999978e+04 9.348686987642175206e-01
1.157234000000000015e+04 9.316697458850663471e-01
1.157244000000000051e+04 9.286375074678056007e-01
1.157254000000000087e+04 9.257695459119418269e-01
1.157263999999999942e+04 9.230631624455167827e-01
1.157273999999999978e+04 9.205156582965527967e-01
1.157284000000000015e+04 9.181239864644409332e-01
1.157294000000000051e+04 9.158854481772198408e-01
1.157304000000000087e+04 9.137967352627937023e-01
1.157313999999999942e+04 9.118549748348829809e-01
1.157323999999999978e+04 9.100568587213890837e-01
1.157334000000000015e+04 9.083990787502222997e-01
1.157344000000000051e+04 9.068785008636195411e-01
1.157354000000000087e+04 9.054915557180041041e-01
1.157363999999999942e+04 9.042349351412960479e-01
1.157373999999999978e+04 9.031049827327546353e-01
1.157384000000000015e+04 9.020983032631307852e-01
1.157394000000000051e+04 9.012112403316995257e-01
1.157404000000000087e+04 9.004400504805638583e-01
1.157413999999999942e+04 8.997810773090022529e-01
1.157423999999999978e+04 8.992305773591147133e-01
1.157434000000000015e+04 8.987847201158498667e-01
1.157444000000000051e+04 8.984396750641623353e-01
1.157454000000000087e+04 8.981916116889956392e-01
1.157463999999999942e+04 8.980365253609867704e-01
1.157473999999999978e+04 8.979705855650753632e-01
1.157484000000000015e+04 8.979898747290498973e-01
1.157494000000000051e+04 8.980903882235447000e-01
1.157504000000000087e+04 8.982681214191822194e-01
1.157513999999999942e+04 8.985193308580810001e-01
1.157523999999999978e+04 8.988399248536990127e-01
1.157534000000000015e+04 8.992260728909857725e-01
1.157544000000000051e+04 8.996739444548957909e-01
1.157554000000000087e+04 9.001797090303721438e-01
1.157563999999999942e+04 9.007396231595328207e-01
1.157573999999999978e+04 9.013500304416380837e-01
1.157584000000000015e+04 9.020071874187970407e-01
1.157594000000000051e+04 9.027077859189255316e-01
1.157604000000000087e+04 9.034483436556081104e-01
1.157613999999999942e+04 9.042255524567639480e-01
1.157623999999999978e+04 9.050361912074543769e-01
1.157634000000000015e+04 9.058772129070704615e-01
1.157644000000000051e+04 9.067457446693301115e-01
1.157654000000000087e+04 9.076390006650985054e-01
1.157663999999999942e+04 9.085543691795784360e-01
1.157673999999999978e+04 9.094893255551120825e-01
1.157684000000000015e+04 9.104416063055333908e-01
1.157694000000000051e+04 9.114089479446818576e-01
1.157704000000000087e+04 9.123893481578649878e-01
1.157713999999999942e+04 9.133810658018879369e-01
1.157723999999999978e+04 9.143821856192149156e-01
1.157734000000000015e+04 9.153913146952823432e-01
1.157744000000000051e+04 9.164068860012114515e-01
1.157754000000000087e+04 9.174277677939134401e-01
1.157763999999999942e+04 9.184526542159932028e-01
1.157773999999999978e+04 9.194805876386785704e-01
1.157784000000000015e+04 9.205106104332069217e-01
1.157794000000000051e+04 9.215420261423025172e-01
1.157804000000000087e+04 9.225738771371962965e-01
1.157813999999999942e+04 9.236058151892566626e-01
1.157823999999999978e+04 9.246370567840316301e-01
1.157834000000000015e+04 9.256673407500409789e-01
1.157844000000000051e+04 9.266962318014893008e-01
1.157854000000000087e+04 9.277233817097292334e-01
1.157863999999999942e+04 9.287485293032898825e-01
1.157873999999999978e+04 9.297715875250007755e-01
1.157884000000000015e+04 9.307923822605422837e-01
1.157894000000000051e+04 9.318107393955998852e-01
1.157904000000000087e+04 9.328267459873272882e-01
1.157913999999999942e+04 9.338405761500547797e-01
1.157923999999999978e+04 9.348520557694520727e-01
1.157934000000000015e+04 9.358616201313205707e-01
1.157944000000000051e+04 9.368693562928270824e-01
1.157954000000000087e+04 9.378756124826060914e-01
1.157963999999999942e+04 9.388808239864684380e-01
1.157973999999999978e+04 9.398852519758851276e-01
1.157984000000000015e+04 9.408895058509783027e-01
1.157994000000000051e+04 9.418940208975552508e-01
1.158004000000000087e+04 9.428994935728916005e-01
1.158013999999999942e+04 9.439065332771194861e-01
1.158023999999999978e+04 9.449158364675103172e-01
1.158034000000000015e+04 9.459280125441867915e-01
1.158044000000000051e+04 9.469437579644365277e-01
1.158054000000000087e+04 9.479638562426959680e-01
1.158063999999999942e+04 9.489889167790961366e-01
1.158073999999999978e+04 9.500195489737495169e-01
1.158084000000000015e+04 9.510562751696176598e-01
1.158094000000000051e+04 9.520994435953472612e-01
1.158104000000000087e+04 9.531495765938948761e-01
1.158113999999999942e+04 9.542065871081084616e-01
1.158123999999999978e+04 9.552706492522994308e-01
1.158134000000000015e+04 9.563414147978267499e-01
1.158144000000000051e+04 9.574185355160559352e-01
1.158154000000000087e+04 9.585011408353779627e-01
1.158163999999999942e+04 9.595883601842000177e-01
1.158173999999999978e+04 9.606788877051084530e-01
1.158184000000000015e+04 9.617711563692188381e-01
1.158194000000000051e+04 9.628633379761719624e-01
1.158204000000000087e+04 9.639530819826349628e-01
1.158213999999999942e+04 9.650378637309698915e-01
1.158223999999999978e+04 9.661149844491989658e-01
1.158234000000000015e+04 9.671812230223932882e-01
1.158244000000000051e+04 9.682332712784691431e-01
1.158254000000000087e+04 9.692672987023692732e-01
1.158263999999999942e+04 9.702795618362120011e-01
1.158273999999999978e+04 9.712659689934561857e-01
1.158284000000000015e+04 9.722224284875695677e-01
1.158294000000000051e+04 9.731447615748662905e-01
1.158304000000000087e+04 9.740285283401672878e-01
1.158313999999999942e+04 9.748697241541104397e-01
1.158323999999999978e+04 9.756641702729933474e-01
1.158334000000000015e+04 9.764079491246052678e-01
1.158344000000000051e+04 9.770974043082215621e-01
1.158354000000000087e+04 9.777292276517459690e-01
1.158363999999999942e+04 9.783003721545797671e-01
1.158373999999999978e+04 9.788083131590652464e-01
1.158384000000000015e+04 9.792508742361971663e-01
1.158394000000000051e+04 9.796265754142562399e-01
1.158404000000000087e+04 9.799341978929934083e-01
1.158413999999999942e+04 9.801734805009371110e-01
1.158423999999999978e+04 9.803443361809176526e-01
1.158434000000000015e+04 9.804474613902169899e-01
1.158444000000000051e+04 9.804843361005660674e-01
1.158454000000000087e+04 9.804566143980031345e-01
1.158463999999999942e+04 9.803667338830250877e-01
1.158513999999999942e+04 9.793375306208201847e-01
1.158563999999999942e+04 9.782524366617318945e-01
1.158613999999999942e+04 9.771152825208117010e-01
1.158663999999999942e+04 9.759302469417514558e-01
1.158713999999999942e+04 9.747018568968842667e-01
1.158763999999999942e+04 9.734349005300245716e-01
1.158813999999999942e+04 9.721344271564672512e-01
1.158863999999999942e+04 9.708055731486664452e-01
1.158913999999999942e+04 9.694537360505585122e-01
1.158963999999999942e+04 9.680843134060795885e-01
1.159013999999999942e+04 9.667027027591647004e-01
1.159063999999999942e+04 9.653143887109102428e-01
1.159113999999999942e+04 9.639210253473612378e-01
1.159163999999999942e+04 9.625382829573632115e-01
1.159213999999999942e+04 9.611722555421335912e-01
1.159263999999999942e+04 9.598285147599296963e-01
1.159313999999999942e+04 9.585138510692507996e-01
1.159363999999999942e+04 9.566859854188716206e-01
1.159413999999999942e+04 9.559319698402310994e-01
1.159463999999999942e+04 9.565835791710587399e-01
1.159563999999999942e+04 9.576912674507819245e-01
1.159663999999999942e+04 9.603419568388550376e-01
1.159763999999999942e+04 9.644054098235370631e-01
1.159863999999999942e+04 9.696939311673192785e-01
1.159963999999999942e+04 9.760157339461614789e-01
1.160063999999999942e+04 9.832045389839774163e-01
1.160163999999999942e+04 9.911254947395331527e-01
1.160263999999999942e+04 9.996628151896902459e-01
1.160363999999999942e+04 1.008698711996624642e+00
1.160463999999999942e+04 1.018087712645550758e+00
1.160563999999999942e+04 1.027629498610723724e+00
1.160663999999999942e+04 1.037048185751296536e+00
1.160763999999999942e+04 1.045991192568239692e+00
1.160863999999999942e+04 1.054054835009452296e+00
1.160963999999999942e+04 1.060835603137155747e+00
1.161063999999999942e+04 1.065996237512524480e+00
1.161163999999999942e+04 1.068941093045096880e+00
1.161263999999999942e+04 1.072371727531889585e+00
1.161363999999999942e+04 1.069578036231970897e+00
1.161463999999999942e+04 1.062465352154669640e+00
1.161563999999999942e+04 1.052655027852564373e+00
1.161663999999999942e+04 1.041553645863885658e+00
1.161763999999999942e+04 1.030675130205458645e+00
1.161863999999999942e+04 1.021427369272917662e+00
1.161963999999999942e+04 1.014589872879180676e+00
1.162063999999999942e+04 1.009951266239150325e+00
1.162163999999999942e+04 1.006400351759338507e+00
1.162263999999999942e+04 1.002584783512353361e+00
1.162363999999999942e+04 9.978585103119466115e-01
1.162463999999999942e+04 9.927181062002096157e-01
1.162563999999999942e+04 9.883118551208981417e-01
1.162663999999999942e+04 9.856880993977962246e-01
1.162763999999999942e+04 9.854649448687100577e-01
1.162863999999999942e+04 9.878483687748021991e-01
1.162963999999999942e+04 9.927476575550866489e-01
1.163063999999999942e+04 9.999031197005254779e-01
1.163163999999999942e+04 1.008947809280645425e+00
1.163263999999999942e+04 1.019315506525151793e+00
1.163363999999999942e+04 1.030064775303053848e+00
1.163463999999999942e+04 1.039870344463797336e+00
1.163563999999999942e+04 1.047335817156902049e+00
1.163663999999999942e+04 1.051428434290269331e+00
1.163763999999999942e+04 1.051694802173293697e+00
1.163863999999999942e+04 1.048182628129795235e+00
1.163963999999999942e+04 1.041290895125219995e+00
1.164063999999999942e+04 1.031720239185294874e+00
1.164163999999999942e+04 1.020432990159473308e+00
1.164263999999999942e+04 1.008475662171173237e+00
1.164363999999999942e+04 9.967237890810736189e-01
1.164463999999999942e+04 9.857305320854311548e-01
1.164563999999999942e+04 9.757278985163237994e-01
1.164663999999999942e+04 9.667102296583350851e-01
1.164763999999999942e+04 9.585342294256864459e-01
1.164863999999999942e+04 9.510056732938495516e-01
1.164963999999999942e+04 9.439489669705922736e-01
1.165063999999999942e+04 9.372442327462431333e-01
1.165163999999999942e+04 9.308282671224581417e-01
1.165263999999999942e+04 9.246647672634111803e-01
1.165363999999999942e+04 9.187115104463781101e-01
1.165463999999999942e+04 9.129069472590604084e-01
1.165563999999999942e+04 9.071879612602720133e-01
1.165663999999999942e+04 9.015256494728097758e-01
1.165763999999999942e+04 8.959516136458454127e-01
