1.151499799999999959e+04 1.049813451940345005e-02
1.151550300000000061e+04 1.098722638861074526e-02
1.151600200000000041e+04 8.188091120548749574e-03
1.151650100000000020e+04 8.422401204487232201e-03
1.151700400000000081e+04 8.543455805222040234e-03
1.151749899999999980e+04 8.289850027575833627e-03
1.151800300000000061e+04 6.175588093423249256e-03
1.151850000000000000e+04 7.297837549869431832e-03
1.151900100000000020e+04 6.138738163788117971e-03
1.151950200000000041e+04 5.814094281891696303e-03
1.152000200000000041e+04 5.940835288874650975e-03
1.152050200000000041e+04 4.071475393104521771e-03
1.152099799999999959e+04 2.433789668359883068e-03
1.152150000000000000e+04 2.016278388265427875e-03
1.152200000000000000e+04 1.051718662844551263e-03
1.152249799999999959e+04 2.036446179458792360e-03
1.152300000000000000e+04 1.544317251510453435e-03
1.152349799999999959e+04 1.900674027223469773e-03
1.152400000000000000e+04 -3.166558077415667716e-04
1.152450000000000000e+04 -2.428982023510275860e-03
1.152499899999999980e+04 -1.525659719026532064e-03
1.152550400000000081e+04 -1.663311761152700763e-03
1.152600100000000020e+04 -3.224925328165541196e-03
1.152650100000000020e+04 -3.717595602776191561e-03
1.152700000000000000e+04 -4.074656798316664795e-03
1.152750000000000000e+04 -4.273616458241346824e-03
1.152799500000000080e+04 -4.671984223464969305e-03
1.152849799999999959e+04 -4.838241666327259063e-03
1.152900200000000041e+04 -5.090107801409929703e-03
1.152949500000000080e+04 -3.748903067621409818e-03
1.153000500000000102e+04 -5.548932867307943689e-03
1.153050200000000041e+04 -5.039796974233520278e-03
1.153099699999999939e+04 -4.899331659854617819e-03
1.153150500000000102e+04 -6.840742871720304798e-03
1.153200400000000081e+04 -6.786478227768353959e-03
1.153250000000000000e+04 -6.244876992012941309e-03
1.153299699999999939e+04 -4.611229864555093858e-03
1.153350000000000000e+04 -4.640609960240604445e-03
1.153399899999999980e+04 -7.474362581049789032e-03
1.153450000000000000e+04 -6.691182164987683617e-03
1.153500300000000061e+04 -6.937900364004479653e-03
1.153549799999999959e+04 -5.261355947998527446e-03
1.153600100000000020e+04 -7.014817098377302412e-03
1.153650100000000020e+04 -7.097750413590301656e-03
1.153699899999999980e+04 -4.594984023082543563e-03
1.153750200000000041e+04 -4.876733526569750760e-03
1.153799400000000060e+04 -2.858950863582929418e-03
1.153850300000000061e+04 -5.446899784375595563e-03
1.153899899999999980e+04 -3.895097729486798367e-03
1.153949799999999959e+04 -2.399651635643393864e-03
1.153999799999999959e+04 -1.303839256549321063e-03
1.154049600000000100e+04 -2.111226926365263479e-03
1.154100100000000020e+04 -4.170357280869504382e-04
1.154150300000000061e+04 3.423183455291295982e-04
1.154200300000000061e+04 1.325823214032692673e-03
1.154250500000000102e+04 3.912269245002459629e-03
1.154299899999999980e+04 3.513463883838002875e-03
1.154350100000000020e+04 4.631775219594081068e-03
1.154400100000000020e+04 6.513121172498434995e-03
1.154450100000000020e+04 7.270822220989508512e-03
1.154499799999999959e+04 7.929992127068460211e-03
1.154550300000000061e+04 1.426219070658184609e-02
1.154600300000000061e+04 1.550725712322153019e-02
1.154649899999999980e+04 1.568189447510829129e-02
1.154700100000000020e+04 1.909461926617690014e-02
1.154749799999999959e+04 2.119493408614598826e-02
1.154800000000000000e+04 2.726081986539169097e-02
1.154850000000000000e+04 2.982935321610655915e-02
1.154900300000000061e+04 3.070735752087219370e-02
1.154950000000000000e+04 3.611553084244353146e-02
1.155000000000000000e+04 4.299919995414048374e-02
1.155050599999999940e+04 4.541841750417569684e-02
1.155099799999999959e+04 5.425684279957680017e-02
1.155150400000000081e+04 5.668394969685673634e-02
1.155200000000000000e+04 6.612964629775860970e-02
1.155250400000000081e+04 7.497883921011479214e-02
1.155300000000000000e+04 8.296859860761836292e-02
1.155350100000000020e+04 9.342119012671314116e-02
1.155400000000000000e+04 1.053299692584794417e-01
1.155450100000000020e+04 1.208413293341028538e-01
1.155500400000000081e+04 1.313837166893929154e-01
1.155550300000000061e+04 1.513382804292665584e-01
1.155600100000000020e+04 1.684679935717116328e-01
1.155650200000000041e+04 1.919216788547611352e-01
1.155700100000000020e+04 2.208516560227313796e-01
1.155750300000000061e+04 2.512995794391857940e-01
1.155800000000000000e+04 2.866252763300133899e-01
1.155850400000000081e+04 3.298326081021911160e-01
1.155899799999999959e+04 3.805478051264694628e-01
1.155950100000000020e+04 4.380554643864315589e-01
1.156000100000000020e+04 5.075136272297074980e-01
1.156050200000000041e+04 5.853773787279981100e-01
1.156100200000000041e+04 6.935944378447734815e-01
1.156150400000000081e+04 7.936008153227868123e-01
1.156200200000000041e+04 9.228317941488275444e-01
1.156249799999999959e+04 1.047824044590628612e+00
1.156299799999999959e+04 1.169216247384316176e+00
1.156350200000000041e+04 1.261596188140500896e+00
1.156400000000000000e+04 1.316462670044021621e+00
1.156450000000000000e+04 1.340603016509325451e+00
1.156499899999999980e+04 1.352527449106163182e+00
1.156550599999999940e+04 1.331881761327370794e+00
1.156600100000000020e+04 1.303560006410934502e+00
1.156650300000000061e+04 1.264226571201419791e+00
1.156699699999999939e+04 1.232585946724073844e+00
1.156750000000000000e+04 1.203732360862293627e+00
1.156799899999999980e+04 1.166457397924252293e+00
1.156850300000000061e+04 1.149200402322396286e+00
1.156899799999999959e+04 1.118207798433477951e+00
1.156950200000000041e+04 1.104223909017445937e+00
1.157000100000000020e+04 1.089293123889331083e+00
1.157049799999999959e+04 1.082549631509563071e+00
1.157100100000000020e+04 1.061732719093575472e+00
1.157150100000000020e+04 1.059575870056304048e+00
1.157199899999999980e+04 1.042653750045010375e+00
1.157249899999999980e+04 1.029011962560047122e+00
1.157299699999999939e+04 1.037556327277001422e+00
1.157350100000000020e+04 1.021697448961328192e+00
1.157400000000000000e+04 1.027521831574654376e+00
1.157450000000000000e+04 1.021218272533986671e+00
1.157500200000000041e+04 1.020760157728753947e+00
1.157550000000000000e+04 1.028757325919428922e+00
1.157599899999999980e+04 1.029380055253466208e+00
1.157650100000000020e+04 1.041177326741494102e+00
1.157700200000000041e+04 1.038672043298644931e+00
1.157749899999999980e+04 1.045398378655292060e+00
1.157800100000000020e+04 1.057422735289102134e+00
1.157849899999999980e+04 1.054617885764300933e+00
1.157900200000000041e+04 1.057011607503510753e+00
1.157949899999999980e+04 1.057827259211241877e+00
1.158000100000000020e+04 1.050692673596996141e+00
1.158050300000000061e+04 1.036607626520531289e+00
1.158099400000000060e+04 1.023237066206267754e+00
1.158149899999999980e+04 1.020587428995180401e+00
1.158200200000000041e+04 1.013323662780364343e+00
1.158250000000000000e+04 1.003988205201961748e+00
1.158300200000000041e+04 9.888677880593533809e-01
1.158350599999999940e+04 9.906958962341116948e-01
1.158399500000000080e+04 9.917758916969064975e-01
1.158450000000000000e+04 9.761314492980230906e-01
1.158500100000000020e+04 9.852629647127179036e-01
1.158550300000000061e+04 9.809797845309482511e-01
1.158600500000000102e+04 9.808567067938283035e-01
1.158650000000000000e+04 9.760043944447933661e-01
1.158700200000000041e+04 9.771697387882887220e-01
1.158750000000000000e+04 9.829003362838335534e-01
1.158799699999999939e+04 9.851561738909898613e-01
1.158850300000000061e+04 9.937196630813814879e-01
1.158900200000000041e+04 9.982709084835359459e-01
1.158949500000000080e+04 9.991841042672455764e-01
1.158999699999999939e+04 1.019444206923725060e+00
1.159050200000000041e+04 1.028353474585397942e+00
1.159100799999999981e+04 1.029449406038985160e+00
1.159149899999999980e+04 1.037978353007573240e+00
1.159199899999999980e+04 1.041828496941244797e+00
1.159249899999999980e+04 1.052055613111913646e+00
1.159300000000000000e+04 1.058624052953128336e+00
1.159349899999999980e+04 1.054152540381418701e+00
1.159400000000000000e+04 1.044167283517999145e+00
1.159450100000000020e+04 1.038163561277068769e+00
1.159499699999999939e+04 1.033877739102241788e+00
1.159550300000000061e+04 1.026582166072914859e+00
1.159600100000000020e+04 1.019087423961942962e+00
1.159650500000000102e+04 1.007308668879897562e+00
1.159700100000000020e+04 1.002892536289102354e+00
1.159750100000000020e+04 9.992557504054158102e-01
1.159800200000000041e+04 9.875633083376811339e-01
1.159849799999999959e+04 9.874962298250543613e-01
1.159900100000000020e+04 9.745015330181531210e-01
1.159950300000000061e+04 9.770690759986041529e-01
1.160000000000000000e+04 9.691772034970650429e-01
1.160050000000000000e+04 9.710325803953907542e-01
1.160100300000000061e+04 9.658910901769405255e-01
1.160150000000000000e+04 9.597196713981885896e-01
1.160200000000000000e+04 9.606113785655807646e-01
1.160250100000000020e+04 9.624482515749426259e-01
1.160299799999999959e+04 9.558972577378310742e-01
1.160350100000000020e+04 9.464578316873034636e-01
1.160400200000000041e+04 9.403875366167696592e-01
1.160450100000000020e+04 9.397084324344537887e-01
1.160500300000000061e+04 9.407838685950244972e-01
1.160550200000000041e+04 9.340864171855500775e-01
1.160600200000000041e+04 9.369969831303903707e-01
1.160650200000000041e+04 9.305877027857403228e-01
1.160700000000000000e+04 9.373614949613715552e-01
1.160750300000000061e+04 9.288891335009725747e-01
1.160800300000000061e+04 9.264809312803028440e-01
