1.151500000000000000e+04 2.141312785057472839e-03
1.151550100000000020e+04 5.376299081088526267e-04
1.151600200000000041e+04 4.413273711050780214e-04
1.151650300000000061e+04 1.487761941324092880e-03
1.151699899999999980e+04 2.465235743214146558e-04
1.151750200000000041e+04 1.862566791813981206e-04
1.151800000000000000e+04 1.742255077624215318e-05
1.151850100000000020e+04 1.225992800804612951e-05
1.151899899999999980e+04 3.866506421747952665e-04
1.151949899999999980e+04 3.067604779152107125e-04
1.151999899999999980e+04 4.821063120797702242e-04
1.152050000000000000e+04 -2.596796485323961599e-05
1.152100400000000081e+04 7.401931112458784955e-04
1.152150000000000000e+04 -3.377306730147970029e-04
1.152200200000000041e+04 -1.815881086946179461e-04
1.152250200000000041e+04 4.757701970925414859e-04
1.152300000000000000e+04 -4.534610345302864001e-04
1.152350000000000000e+04 8.044783847638951879e-04
1.152400200000000041e+04 1.300627512527288135e-03
1.152450000000000000e+04 9.733774871488609518e-04
1.152500000000000000e+04 6.125039971227195981e-04
1.152549899999999980e+04 1.632780118000518770e-03
1.152599699999999939e+04 2.444936489716054585e-03
1.152650300000000061e+04 2.022368148647146757e-03
1.152700100000000020e+04 2.715669355048180942e-03
1.152750000000000000e+04 3.134358589374725522e-03
1.152800100000000020e+04 2.395247557510569916e-03
1.152850300000000061e+04 1.410104023485715240e-03
1.152900200000000041e+04 1.400159443539493323e-03
1.152950000000000000e+04 1.150818705251563379e-03
1.153000000000000000e+04 2.129895747495352647e-03
1.153050200000000041e+04 1.482544298423861279e-03
1.153099899999999980e+04 2.598598400798006469e-03
1.153149799999999959e+04 2.319462279722116129e-03
1.153200200000000041e+04 1.472730787327823166e-03
1.153249799999999959e+04 2.206504536837009065e-03
1.153300000000000000e+04 1.855211768439594998e-03
1.153350000000000000e+04 2.165882157533648936e-03
1.153400200000000041e+04 1.164420044368575432e-03
1.153449600000000100e+04 -3.301544113566059341e-04
1.153500300000000061e+04 -9.444780991657678341e-04
1.153549500000000080e+04 -2.885458455099441672e-03
1.153600100000000020e+04 -3.458244328067109578e-03
1.153649899999999980e+04 -5.457617461112678967e-03
1.153700000000000000e+04 -5.350549622550564502e-03
1.153749799999999959e+04 -6.891452560390449490e-03
1.153800100000000020e+04 -8.495334567065382717e-03
1.153849899999999980e+04 -7.629949376372791026e-03
1.153899899999999980e+04 -1.035628508121856292e-02
1.153950000000000000e+04 -1.170029980413229975e-02
1.154000000000000000e+04 -1.174882143219431983e-02
1.154050000000000000e+04 -9.303779668196406061e-03
1.154099600000000100e+04 -8.031500663319453628e-03
1.154149899999999980e+04 -7.799974471780839538e-03
1.154200100000000020e+04 -4.800248129416130605e-03
1.154249899999999980e+04 -2.891250788147313195e-03
1.154300100000000020e+04 -1.835176680333408311e-03
1.154349799999999959e+04 7.901870967977530020e-04
1.154400300000000061e+04 3.462316727864052888e-03
1.154450100000000020e+04 6.559667883024624703e-03
1.154500100000000020e+04 9.291742727394410734e-03
1.154549600000000100e+04 1.326611083605453226e-02
1.154600200000000041e+04 1.630444514618922813e-02
1.154650100000000020e+04 1.898822965783555222e-02
1.154699899999999980e+04 2.278039608110658809e-02
1.154750000000000000e+04 2.577182026576806465e-02
1.154800300000000061e+04 3.018572718208183472e-02
1.154849899999999980e+04 3.366980196608850007e-02
1.154900100000000020e+04 3.827487504952931108e-02
1.154950200000000041e+04 4.174961590062593181e-02
1.154999799999999959e+04 4.591694128656011870e-02
1.155050100000000020e+04 4.924630648630092672e-02
1.155100000000000000e+04 5.454945171823888383e-02
1.155149899999999980e+04 5.939750632125587876e-02
1.155200000000000000e+04 6.425885622092446237e-02
1.155249899999999980e+04 7.093639999316905809e-02
1.155299600000000100e+04 7.631043447777997868e-02
1.155350200000000041e+04 8.364762043068485475e-02
1.155400500000000102e+04 9.191262919404069587e-02
1.155450300000000061e+04 1.004590217020057408e-01
1.155500599999999940e+04 1.121063411798881304e-01
1.155549799999999959e+04 1.242404085012274867e-01
1.155600200000000041e+04 1.402463972867065700e-01
1.155650000000000000e+04 1.574615845063422337e-01
1.155700100000000020e+04 1.767538064627151573e-01
1.155750100000000020e+04 2.007042948541516714e-01
1.155799699999999939e+04 2.283483241245310713e-01
1.155850400000000081e+04 2.616521803601280505e-01
1.155900300000000061e+04 3.022955909907169558e-01
1.155949400000000060e+04 3.499527968950029155e-01
1.156000100000000020e+04 4.109681792664814370e-01
1.156049699999999939e+04 4.833828003655979977e-01
1.156099899999999980e+04 5.741390461110853494e-01
1.156149699999999939e+04 6.822487629972157075e-01
1.156200300000000061e+04 8.075462572742645451e-01
1.156250500000000102e+04 9.462035894127102109e-01
1.156300000000000000e+04 1.081475044017431220e+00
1.156349699999999939e+04 1.203235581703645307e+00
1.156399799999999959e+04 1.290220124663722601e+00
1.156449899999999980e+04 1.329993481257263577e+00
1.156499899999999980e+04 1.341826717968867433e+00
1.156550300000000061e+04 1.320371828935164471e+00
1.156600100000000020e+04 1.290071439329214975e+00
1.156649400000000060e+04 1.248490279094590205e+00
1.156700000000000000e+04 1.209796716315937104e+00
1.156749799999999959e+04 1.171809382566617597e+00
1.156800400000000081e+04 1.139541593620190030e+00
1.156850300000000061e+04 1.108869445993757585e+00
1.156899799999999959e+04 1.087725067430703518e+00
1.156950100000000020e+04 1.068244557867169542e+00
1.156999899999999980e+04 1.048266744560776287e+00
1.157050200000000041e+04 1.034929669219920800e+00
1.157100400000000081e+04 1.019491786419655321e+00
1.157150300000000061e+04 1.008805335811374437e+00
1.157200000000000000e+04 9.954161994032595384e-01
1.157249899999999980e+04 9.872219421760438651e-01
1.157300599999999940e+04 9.792614835128791162e-01
1.157349899999999980e+04 9.758281258458852969e-01
1.157400000000000000e+04 9.738071332724951290e-01
1.157449899999999980e+04 9.753785664257880184e-01
1.157499899999999980e+04 9.776447554446855426e-01
1.157550200000000041e+04 9.813708235686806614e-01
1.157599799999999959e+04 9.899095171510313707e-01
1.157649699999999939e+04 9.955550986403158831e-01
1.157700500000000102e+04 1.004876474701198674e+00
1.157749899999999980e+04 1.011109654892294207e+00
1.157799699999999939e+04 1.019031017711182985e+00
1.157850000000000000e+04 1.022648503211811111e+00
1.157900000000000000e+04 1.024009111393805238e+00
1.157950000000000000e+04 1.024159164836667024e+00
1.158000400000000081e+04 1.018093427916232585e+00
1.158050300000000061e+04 1.011436733590679982e+00
1.158100200000000041e+04 1.001782981829024255e+00
1.158149699999999939e+04 9.898743115312081953e-01
1.158200400000000081e+04 9.813249477947137978e-01
1.158249899999999980e+04 9.713529905892026584e-01
1.158300400000000081e+04 9.659272961403176927e-01
1.158349899999999980e+04 9.607857550007610214e-01
1.158399899999999980e+04 9.594441696436677436e-01
1.158450000000000000e+04 9.586033833215240607e-01
1.158500200000000041e+04 9.595754487780897568e-01
1.158549899999999980e+04 9.588142871271303491e-01
1.158599899999999980e+04 9.603101453070983506e-01
1.158649799999999959e+04 9.620689548253104073e-01
1.158700200000000041e+04 9.658273829252610465e-01
1.158749799999999959e+04 9.696210763967227919e-01
1.158799899999999980e+04 9.760327587130979143e-01
1.158850200000000041e+04 9.843365060352402551e-01
1.158900200000000041e+04 9.943840008590332236e-01
1.158949699999999939e+04 1.004983676607025256e+00
1.159000300000000061e+04 1.017957295415180763e+00
1.159049799999999959e+04 1.030075463901730881e+00
1.159099699999999939e+04 1.040618654162475121e+00
1.159150300000000061e+04 1.054288753639605503e+00
1.159199699999999939e+04 1.060595081679269747e+00
1.159249899999999980e+04 1.066683667029946436e+00
1.159300200000000041e+04 1.068171499881629849e+00
1.159350400000000081e+04 1.067506171525090197e+00
1.159399799999999959e+04 1.062999624749326744e+00
1.159450300000000061e+04 1.058556980695004590e+00
1.159500200000000041e+04 1.050996175946268707e+00
1.159549600000000100e+04 1.042300536100803976e+00
1.159600599999999940e+04 1.035360774835713205e+00
1.159649600000000100e+04 1.026144300051287539e+00
1.159700100000000020e+04 1.018791636138912660e+00
1.159749899999999980e+04 1.011224198597770574e+00
1.159799500000000080e+04 1.004871803466524272e+00
1.159849799999999959e+04 1.000452095556443322e+00
1.159900100000000020e+04 9.961287208422161532e-01
1.159949899999999980e+04 9.918083136261245381e-01
1.160000200000000041e+04 9.909729520265505576e-01
1.160049799999999959e+04 9.882360146996204131e-01
1.160100000000000000e+04 9.866779015153135379e-01
1.160150100000000020e+04 9.855893912421996861e-01
1.160200300000000061e+04 9.832799484865401007e-01
1.160249699999999939e+04 9.799084911070703452e-01
1.160300300000000061e+04 9.768407624939314804e-01
1.160350100000000020e+04 9.737003783181428229e-01
1.160400300000000061e+04 9.704816319696146776e-01
1.160450300000000061e+04 9.658993640154918126e-01
1.160500000000000000e+04 9.632563103847936459e-01
1.160550000000000000e+04 9.603827797014352630e-01
1.160600500000000102e+04 9.562727292516741695e-01
1.160649799999999959e+04 9.570003366276831347e-01
1.160700400000000081e+04 9.548025656661006666e-01
1.160749899999999980e+04 9.572334122532412115e-01
1.160800500000000102e+04 9.568408724550429012e-01
