1.151500000000000000e+04 8.588782321091208843e-03
1.151550200000000041e+04 8.359395186631991478e-03
1.151599799999999959e+04 8.632464587979553350e-03
1.151650300000000061e+04 8.407376680463509583e-03
1.151700400000000081e+04 8.876928773153916832e-03
1.151750000000000000e+04 6.379598903046030528e-03
1.151800200000000041e+04 5.939333855429805749e-03
1.151849600000000100e+04 5.753255642706026074e-03
1.151900100000000020e+04 4.037448049175109202e-03
1.151949899999999980e+04 3.640134208837753679e-03
1.152000200000000041e+04 2.406824353843749990e-03
1.152050000000000000e+04 3.112905959497500128e-03
1.152099799999999959e+04 3.384304152614630874e-03
1.152149500000000080e+04 2.743378663462234246e-03
1.152200200000000041e+04 2.882379944099488275e-03
1.152249600000000100e+04 1.593855013921263589e-03
1.152300000000000000e+04 7.171350096371507075e-04
1.152349799999999959e+04 -9.190633859222888084e-06
1.152400300000000061e+04 -8.731546084569765439e-04
1.152450200000000041e+04 -4.011336165194623500e-04
1.152500599999999940e+04 -1.617554713536115173e-03
1.152550000000000000e+04 -1.985508279724990978e-03
1.152599899999999980e+04 -1.824727439734242455e-03
1.152650100000000020e+04 -1.540259926751730030e-03
1.152700100000000020e+04 -8.417525527176425697e-04
1.152750000000000000e+04 -4.188481970886092851e-03
1.152800100000000020e+04 -2.353656664060335343e-03
1.152850100000000020e+04 -4.490457631365466634e-03
1.152900100000000020e+04 -3.343397662258699825e-03
1.152950000000000000e+04 -5.406259614956362806e-03
1.153000100000000020e+04 -5.847082410516797613e-03
1.153049799999999959e+04 -4.737559274212587226e-03
1.153100200000000041e+04 -5.206730807988700811e-03
1.153150100000000020e+04 -4.302445717834745866e-03
1.153200200000000041e+04 -6.382261678684410071e-03
1.153250100000000020e+04 -6.587779133054237103e-03
1.153299699999999939e+04 -6.085026560737013569e-03
1.153349899999999980e+04 -4.793213511354310619e-03
1.153400100000000020e+04 -4.928418315029336333e-03
1.153449799999999959e+04 -4.210836129459226244e-03
1.153500200000000041e+04 -5.799493382755784715e-03
1.153550400000000081e+04 -7.085439832851713610e-03
1.153600100000000020e+04 -3.622823658169200406e-03
1.153650400000000081e+04 -5.693328215448212326e-03
1.153700200000000041e+04 -3.428045159899155338e-03
1.153749799999999959e+04 -6.063679505611075347e-03
1.153799799999999959e+04 -3.492675009543074870e-03
1.153850100000000020e+04 -3.423391552734549557e-03
1.153899899999999980e+04 -3.214984281914326676e-03
1.153950200000000041e+04 -4.042361875550266360e-03
1.153999799999999959e+04 -2.407488766227669150e-03
1.154049600000000100e+04 -2.302036922344551789e-03
1.154099799999999959e+04 -3.260052509365280468e-04
1.154149899999999980e+04 4.385421097460344073e-04
1.154199799999999959e+04 1.769872273332202166e-03
1.154250300000000061e+04 1.847618279269311542e-03
1.154300100000000020e+04 3.541527464738824724e-03
1.154350100000000020e+04 6.645113550304411650e-03
1.154399899999999980e+04 5.000355825194130639e-03
1.154450300000000061e+04 6.647688228084367920e-03
1.154499799999999959e+04 1.033283486519153554e-02
1.154550000000000000e+04 9.415252402966450829e-03
1.154600200000000041e+04 1.160622083613242414e-02
1.154649899999999980e+04 1.573875722276468422e-02
1.154699899999999980e+04 1.690926013363799191e-02
1.154750300000000061e+04 2.160112828899883944e-02
1.154800500000000102e+04 2.281014455040857730e-02
1.154849899999999980e+04 2.634529896076084898e-02
1.154900300000000061e+04 3.111324611781831131e-02
1.154949600000000100e+04 3.388097615517050853e-02
1.155000400000000081e+04 3.913528854277210228e-02
1.155050200000000041e+04 4.428687507428889086e-02
1.155100200000000041e+04 4.899722222117804116e-02
1.155149899999999980e+04 5.268256523241583028e-02
1.155199899999999980e+04 6.376807339836930433e-02
1.155249899999999980e+04 7.142497781132590984e-02
1.155300300000000061e+04 7.990385751474857190e-02
1.155349699999999939e+04 8.804774424486629114e-02
1.155400100000000020e+04 9.701536690397342955e-02
1.155449899999999980e+04 1.126995129807240037e-01
1.155500000000000000e+04 1.220394402026332287e-01
1.155549799999999959e+04 1.391744391995263785e-01
1.155600200000000041e+04 1.549321072494460327e-01
1.155650400000000081e+04 1.754858304743900921e-01
1.155700400000000081e+04 2.020568204872911222e-01
1.155749699999999939e+04 2.325337231718412334e-01
1.155799899999999980e+04 2.636948694682986760e-01
1.155849600000000100e+04 3.018149755729786499e-01
1.155899799999999959e+04 3.455889950819815981e-01
1.155950100000000020e+04 4.008810302741919185e-01
1.155999799999999959e+04 4.654269060118909063e-01
1.156050100000000020e+04 5.442642391427766624e-01
1.156099899999999980e+04 6.360901880592173541e-01
1.156150200000000041e+04 7.308970338309552783e-01
1.156199799999999959e+04 8.516660043057554530e-01
1.156250000000000000e+04 9.652691243975725088e-01
1.156299799999999959e+04 1.073222932857225587e+00
1.156349699999999939e+04 1.167570287630104620e+00
1.156399799999999959e+04 1.229323039371118975e+00
1.156449699999999939e+04 1.256731861310025122e+00
1.156499699999999939e+04 1.257920643252827597e+00
1.156549899999999980e+04 1.246502132116557471e+00
1.156600100000000020e+04 1.223645989079857666e+00
1.156650500000000102e+04 1.195200189775754485e+00
1.156700300000000061e+04 1.159828111257158012e+00
1.156750200000000041e+04 1.134246173203068642e+00
1.156800100000000020e+04 1.106626387266102407e+00
1.156849799999999959e+04 1.082611122776503843e+00
1.156900000000000000e+04 1.070592603936881604e+00
1.156949899999999980e+04 1.053931588721033874e+00
1.157000100000000020e+04 1.036250771038949248e+00
1.157050000000000000e+04 1.014420040728893690e+00
1.157099899999999980e+04 1.015219172111492263e+00
1.157150300000000061e+04 1.003488437340638750e+00
1.157200000000000000e+04 9.967460002782961848e-01
1.157249799999999959e+04 9.848563696870986650e-01
1.157300200000000041e+04 9.793891276673462043e-01
1.157349899999999980e+04 9.804964430336379211e-01
1.157399899999999980e+04 9.749568303797302438e-01
1.157449600000000100e+04 9.761487373115859123e-01
1.157500100000000020e+04 9.879208978074627279e-01
1.157549600000000100e+04 9.931719237444242010e-01
1.157600100000000020e+04 9.979689208170209325e-01
1.157650100000000020e+04 1.000775174678913304e+00
1.157700200000000041e+04 1.011133810760201701e+00
1.157750100000000020e+04 1.012671741800477143e+00
1.157799899999999980e+04 1.021814575781126333e+00
1.157850000000000000e+04 1.028509597617224269e+00
1.157900000000000000e+04 1.029969819475358372e+00
1.157950300000000061e+04 1.028059599294274928e+00
1.158000100000000020e+04 1.024886503310009855e+00
1.158050100000000020e+04 1.015472607358596902e+00
1.158100100000000020e+04 1.008507389010852906e+00
1.158150100000000020e+04 9.984588481755269918e-01
1.158200200000000041e+04 9.893292807856893800e-01
1.158249899999999980e+04 9.796081428208767150e-01
1.158300200000000041e+04 9.793382285460620063e-01
1.158349899999999980e+04 9.763202424344478159e-01
1.158400000000000000e+04 9.726566325484469200e-01
1.158450000000000000e+04 9.763841910031757498e-01
1.158500100000000020e+04 9.732042879964917237e-01
1.158550400000000081e+04 9.715450778655037034e-01
1.158599699999999939e+04 9.695796131580360910e-01
1.158650300000000061e+04 9.672448508186672900e-01
1.158700200000000041e+04 9.767343834904395061e-01
1.158749799999999959e+04 9.750825852760041101e-01
1.158800100000000020e+04 9.871617504101344309e-01
1.158849899999999980e+04 9.885258798305156525e-01
1.158900000000000000e+04 1.000886964506484844e+00
1.158950400000000081e+04 1.010016978643678565e+00
1.158999600000000100e+04 1.022503651673092318e+00
1.159050500000000102e+04 1.026382741442316782e+00
1.159100000000000000e+04 1.042141631112886602e+00
1.159150100000000020e+04 1.044086062982094276e+00
1.159200400000000081e+04 1.046683404477486867e+00
1.159249899999999980e+04 1.060197504256835455e+00
1.159299799999999959e+04 1.058100978056630614e+00
1.159349899999999980e+04 1.053498894950578579e+00
1.159399799999999959e+04 1.053190212456475372e+00
1.159449899999999980e+04 1.040456712814962881e+00
1.159500000000000000e+04 1.037473106578698845e+00
1.159550100000000020e+04 1.032931255930837455e+00
1.159600100000000020e+04 1.016668499778536461e+00
1.159650000000000000e+04 1.013668460611378608e+00
1.159700100000000020e+04 1.007800104076409964e+00
1.159750100000000020e+04 1.008384245124207990e+00
1.159800000000000000e+04 9.925429719008136420e-01
1.159850000000000000e+04 9.989548596275896752e-01
1.159899899999999980e+04 9.877691887036486040e-01
1.159950400000000081e+04 9.851902141319874850e-01
1.159999899999999980e+04 9.939815119784477515e-01
1.160050500000000102e+04 9.802846025098942428e-01
1.160100200000000041e+04 9.879423604826425009e-01
1.160150100000000020e+04 9.792267147046385123e-01
1.160200599999999940e+04 9.767978234028602547e-01
1.160249899999999980e+04 9.812996981336222779e-01
1.160299899999999980e+04 9.758812182595502094e-01
1.160349899999999980e+04 9.668803362191924489e-01
1.160400500000000102e+04 9.665525595218857902e-01
1.160449899999999980e+04 9.618675334883836081e-01
1.160500000000000000e+04 9.602643669687422889e-01
1.160550100000000020e+04 9.590705994137442847e-01
1.160600000000000000e+04 9.557577915043378169e-01
1.160649699999999939e+04 9.516894253273715520e-01
1.160700200000000041e+04 9.524137042955999055e-01
1.160750300000000061e+04 9.577423851113916475e-01
1.160800300000000061e+04 9.594210448322210150e-01
