1.152400000000000000e+04 5.041776182194998221e-03
1.152450000000000000e+04 4.530767961000795215e-03
1.152500000000000000e+04 4.029697474370171235e-03
1.152550000000000000e+04 3.538980816843973701e-03
1.152600000000000000e+04 3.059058054273633247e-03
1.152650000000000000e+04 2.590393519756670725e-03
1.152700000000000000e+04 2.133479069012559314e-03
1.152750000000000000e+04 1.688835264131270100e-03
1.152800000000000000e+04 1.257012853296743003e-03
1.152850000000000000e+04 8.385966180271673580e-04
1.152900000000000000e+04 4.342065569563898853e-04
1.152950000000000000e+04 4.450114117690958564e-05
1.153000000000000000e+04 -3.298191344421665680e-04
1.153050000000000000e+04 -6.880114553196751753e-04
1.153100000000000000e+04 -1.029277665698313847e-03
1.153150000000000000e+04 -1.352778473883545912e-03
1.153200000000000000e+04 -1.657608297154866987e-03
1.153250000000000000e+04 -1.942805323802615719e-03
1.153300000000000000e+04 -2.207339675432185878e-03
1.153350000000000000e+04 -2.450107488142467399e-03
1.153400000000000000e+04 -2.669927953092020995e-03
1.153450000000000000e+04 -2.865537397664337255e-03
1.153500000000000000e+04 -3.035568569510126331e-03
1.153550000000000000e+04 -3.178565433670299707e-03
1.153600000000000000e+04 -3.292947659514953128e-03
1.153650000000000000e+04 -3.377016539591274919e-03
1.153700000000000000e+04 -3.428940192507085906e-03
1.153750000000000000e+04 -3.446735806426670917e-03
1.153800000000000000e+04 -3.428257801374974285e-03
1.153850000000000000e+04 -3.371180072720272175e-03
1.153900000000000000e+04 -3.272975275216409574e-03
1.153950000000000000e+04 -3.130891147657304148e-03
1.154000000000000000e+04 -2.941938675181157356e-03
1.154050000000000000e+04 -2.702844738546566605e-03
1.154100000000000000e+04 -2.410040276436736795e-03
1.154150000000000000e+04 -2.059607015907420537e-03
1.154200000000000000e+04 -1.647247878167200537e-03
1.154250000000000000e+04 -1.168239627853599576e-03
1.154300000000000000e+04 -6.173677657655253850e-04
1.154350000000000000e+04 1.111786242687798498e-05
1.154400000000000000e+04 7.235888893943460921e-04
1.154450000000000000e+04 1.527118330499603431e-03
1.154500000000000000e+04 2.429578244692168383e-03
1.154550000000000000e+04 3.439746273632206773e-03
1.154600000000000000e+04 4.567444734474434762e-03
1.154650000000000000e+04 5.823697469156359670e-03
1.154700000000000000e+04 7.220904450230002797e-03
1.154750000000000000e+04 8.773075575073986665e-03
1.154800000000000000e+04 1.049607925724170554e-02
1.154850000000000000e+04 1.240795316562355241e-02
1.154900000000000000e+04 1.452928303030397335e-02
1.154950000000000000e+04 1.688366135274322818e-02
1.155000000000000000e+04 1.949822010150857252e-02
1.155050000000000000e+04 2.240431137901834416e-02
1.155100000000000000e+04 2.563833901875920210e-02
1.155150000000000000e+04 2.924276182886860476e-02
1.155200000000000000e+04 3.326736910245031015e-02
1.155250000000000000e+04 3.777086982645968399e-02
1.155300000000000000e+04 4.282287845297651219e-02
1.155350000000000000e+04 4.850647479805205581e-02
1.155400000000000000e+04 5.492141501313317631e-02
1.155450000000000000e+04 6.218834580006871171e-02
1.155500000000000000e+04 7.045419647555661857e-02
1.155550000000000000e+04 7.989928158069675712e-02
1.155600000000000000e+04 9.074663489375063563e-02
1.155650000000000000e+04 1.032743709302117868e-01
1.155700000000000000e+04 1.178321511593447141e-01
1.155750000000000000e+04 1.348631813778955746e-01
1.155800000000000000e+04 1.549335425282193091e-01
1.155850000000000000e+04 1.787710330943732551e-01
1.155900000000000000e+04 2.073154762938485829e-01
1.155910000000000036e+04 2.136904375974302550e-01
1.155920000000000073e+04 2.203123862300536973e-01
1.155929999999999927e+04 2.271930740511506619e-01
1.155939999999999964e+04 2.343449631810873290e-01
1.155950000000000000e+04 2.417810750707564960e-01
1.155960000000000036e+04 2.495150230551657355e-01
1.155970000000000073e+04 2.575611603244995496e-01
1.155979999999999927e+04 2.659344615472734041e-01
1.155989999999999964e+04 2.746506116529502939e-01
1.156000000000000000e+04 2.837259466435569366e-01
1.156010000000000036e+04 2.931775127820610005e-01
1.156020000000000073e+04 3.030230369981939398e-01
1.156029999999999927e+04 3.132808677000148978e-01
1.156039999999999964e+04 3.239700043681305042e-01
1.156050000000000000e+04 3.351100087730687349e-01
1.156060000000000036e+04 3.467209753810850947e-01
1.156070000000000073e+04 3.588233833831106501e-01
1.156079999999999927e+04 3.714380079121451517e-01
1.156089999999999964e+04 3.845858904490473962e-01
1.156100000000000000e+04 3.982879245036400895e-01
1.156110000000000036e+04 4.125648260205163065e-01
1.156120000000000073e+04 4.274368966253647151e-01
1.156129999999999927e+04 4.429235205234869355e-01
1.156139999999999964e+04 4.590429277461058888e-01
1.156150000000000000e+04 4.758117502373139796e-01
1.156160000000000036e+04 4.932444891583154245e-01
1.156170000000000073e+04 5.113528934091179368e-01
1.156179999999999927e+04 5.301453973385892304e-01
1.156189999999999964e+04 5.496262329182560746e-01
1.156200000000000000e+04 5.697947786697910022e-01
1.156210000000000036e+04 5.906445534619523263e-01
1.156220000000000073e+04 6.121623286844176670e-01
1.156229999999999927e+04 6.343271220447381786e-01
1.156239999999999964e+04 6.571091913653287486e-01
1.156250000000000000e+04 6.804690875688514939e-01
1.156260000000000036e+04 7.043567372578267705e-01
1.156270000000000073e+04 7.287107028594480562e-01
1.156279999999999927e+04 7.534574427704328059e-01
1.156289999999999964e+04 7.785111929801921127e-01
1.156300000000000000e+04 8.037737599113820020e-01
1.156310000000000036e+04 8.292818441465817925e-01
1.156320000000000073e+04 8.547672592195593166e-01
1.156329999999999927e+04 8.800989619837067401e-01
1.156339999999999964e+04 9.051378892624251105e-01
1.156350000000000000e+04 9.297392957914790701e-01
1.156360000000000036e+04 9.537557136396083157e-01
1.156370000000000073e+04 9.770399412234247460e-01
1.156379999999999927e+04 9.994485058295654589e-01
1.156389999999999964e+04 1.020845096542643660e+00
1.156400000000000000e+04 1.041103908390611288e+00
1.156410000000000036e+04 1.060097035212739236e+00
1.156420000000000073e+04 1.077710036212302658e+00
1.156429999999999927e+04 1.093861882451751200e+00
1.156439999999999964e+04 1.108492260938137353e+00
1.156450000000000000e+04 1.121562284884041638e+00
1.156460000000000036e+04 1.133054316142372064e+00
1.156470000000000073e+04 1.142970840626472029e+00
1.156479999999999927e+04 1.151333136570849902e+00
1.156489999999999964e+04 1.158179114154102685e+00
1.156500000000000000e+04 1.163561095933414169e+00
1.156510000000000036e+04 1.167543360525420404e+00
1.156520000000000073e+04 1.170199715881256042e+00
1.156529999999999927e+04 1.171611072561641986e+00
1.156539999999999964e+04 1.171863401736603194e+00
1.156550000000000000e+04 1.171045722779462395e+00
1.156560000000000036e+04 1.169248623556466526e+00
1.156570000000000073e+04 1.166562721528082269e+00
1.156579999999999927e+04 1.163077598357547204e+00
1.156589999999999964e+04 1.158881030461489159e+00
1.156600000000000000e+04 1.154058101183752960e+00
1.156610000000000036e+04 1.148690875259098298e+00
1.156620000000000073e+04 1.142857866117521937e+00
1.156629999999999927e+04 1.136633858318972123e+00
1.156639999999999964e+04 1.130089641205528350e+00
1.156650000000000000e+04 1.123291890524543923e+00
1.156660000000000036e+04 1.116303109240269986e+00
1.156670000000000073e+04 1.109181509156988987e+00
1.156679999999999927e+04 1.101981129295862338e+00
1.156689999999999964e+04 1.094751687923904315e+00
1.156700000000000000e+04 1.087538760119196146e+00
1.156710000000000036e+04 1.080383748176717784e+00
1.156720000000000073e+04 1.073323970390921200e+00
1.156729999999999927e+04 1.066392838621011752e+00
1.156739999999999964e+04 1.059619858290911543e+00
1.156750000000000000e+04 1.053030776360334375e+00
1.156760000000000036e+04 1.046647788484184938e+00
1.156770000000000073e+04 1.040489568606801196e+00
1.156779999999999927e+04 1.034571446527180250e+00
1.156789999999999964e+04 1.028905644652621687e+00
1.156800000000000000e+04 1.023501277998750236e+00
1.156810000000000036e+04 1.018364531754725633e+00
1.156820000000000073e+04 1.013498898036934159e+00
1.156829999999999927e+04 1.008905175888942907e+00
1.156839999999999964e+04 1.004581767223604594e+00
1.156850000000000000e+04 1.000524617634611868e+00
1.156860000000000036e+04 9.967274531501882917e-01
1.156870000000000073e+04 9.931819577982862191e-01
1.156879999999999927e+04 9.898778032008160865e-01
1.156889999999999964e+04 9.868029445157169288e-01
1.156900000000000000e+04 9.839435612485192273e-01
1.156910000000000036e+04 9.812844715712749633e-01
1.156920000000000073e+04 9.788092506993373298e-01
1.156929999999999927e+04 9.765003196740208447e-01
1.156939999999999964e+04 9.743394484640796049e-01
1.156950000000000000e+04 9.723077263715393936e-01
1.156960000000000036e+04 9.703861539157843108e-01
1.156970000000000073e+04 9.685557316162103358e-01
1.156979999999999927e+04 9.667978743111061979e-01
1.156989999999999964e+04 9.650947662881207423e-01
1.157000000000000000e+04 9.634296572263519876e-01
1.157010000000000036e+04 9.617871877325888663e-01
1.157020000000000073e+04 9.601537444718312164e-01
1.157029999999999927e+04 9.585176969208935027e-01
1.157039999999999964e+04 9.568695749336856293e-01
1.157050000000000000e+04 9.552024534658679622e-01
1.157060000000000036e+04 9.535118046038408846e-01
1.157070000000000073e+04 9.517958231010084091e-01
1.157079999999999927e+04 9.500552192183211453e-01
1.157089999999999964e+04 9.482933371011257329e-01
1.157100000000000000e+04 9.465158884312775411e-01
1.157110000000000036e+04 9.447308636445582719e-01
1.157120000000000073e+04 9.429482951769795340e-01
1.157129999999999927e+04 9.411799615227558480e-01
1.157139999999999964e+04 9.394390025095865626e-01
1.157150000000000000e+04 9.377398601102825415e-01
1.157160000000000036e+04 9.360976569643818523e-01
1.157170000000000073e+04 9.345281075955672589e-01
1.157179999999999927e+04 9.330469857159346958e-01
1.157189999999999964e+04 9.316700354433632425e-01
1.157200000000000000e+04 9.304125273884407132e-01
1.157210000000000036e+04 9.292891106834002546e-01
1.157220000000000073e+04 9.283135170400956815e-01
1.157229999999999927e+04 9.274983831847150029e-01
1.157239999999999964e+04 9.268551028867875186e-01
1.157250000000000000e+04 9.263936493939146644e-01
1.157260000000000036e+04 9.261225458375865749e-01
1.157270000000000073e+04 9.260486876679336898e-01
1.157279999999999927e+04 9.261772538710960623e-01
1.157289999999999964e+04 9.265117957518662628e-01
1.157300000000000000e+04 9.270541481510410353e-01
1.157310000000000036e+04 9.278043998512530699e-01
1.157320000000000073e+04 9.287609231711317914e-01
1.157329999999999927e+04 9.299204923421700020e-01
1.157339999999999964e+04 9.312781355376565928e-01
1.157350000000000000e+04 9.328274012205766130e-01
1.157360000000000036e+04 9.345603285493578882e-01
1.157370000000000073e+04 9.364675657547325560e-01
1.157379999999999927e+04 9.385383997339321605e-01
1.157389999999999964e+04 9.407609928043293435e-01
1.157400000000000000e+04 9.431224122976669122e-01
1.157410000000000036e+04 9.456088081252721489e-01
1.157420000000000073e+04 9.482055311549046905e-01
1.157429999999999927e+04 9.508972811817769655e-01
1.157439999999999964e+04 9.536682548995933928e-01
1.157450000000000000e+04 9.565023530599827684e-01
1.157460000000000036e+04 9.593832396609314195e-01
1.157470000000000073e+04 9.622945491062191437e-01
1.157479999999999927e+04 9.652200341764423097e-01
1.157489999999999964e+04 9.681435956232429252e-01
1.157500000000000000e+04 9.710495189229317869e-01
1.157510000000000036e+04 9.739225334649406207e-01
1.157520000000000073e+04 9.767478717401903987e-01
1.157529999999999927e+04 9.795113285295425909e-01
1.157539999999999964e+04 9.821993496863860029e-01
1.157550000000000000e+04 9.847991209192967776e-01
1.157560000000000036e+04 9.872984790093719543e-01
1.157570000000000073e+04 9.896859709986789433e-01
1.157579999999999927e+04 9.919508837844492888e-01
1.157589999999999964e+04 9.940831553364484208e-01
1.157600000000000000e+04 9.960734634796190035e-01
1.157610000000000036e+04 9.979130779230211967e-01
1.157620000000000073e+04 9.995939194482701406e-01
1.157629999999999927e+04 1.001108500721107575e+00
1.157639999999999964e+04 1.002449867102997327e+00
1.157650000000000000e+04 1.003611537462697267e+00
1.157660000000000036e+04 1.004587622553107185e+00
1.157670000000000073e+04 1.005372588257604782e+00
1.157679999999999927e+04 1.005961433155276641e+00
1.157689999999999964e+04 1.006349540549907218e+00
1.157700000000000000e+04 1.006532767252568128e+00
1.157710000000000036e+04 1.006507354799041742e+00
1.157720000000000073e+04 1.006270136609216159e+00
1.157729999999999927e+04 1.005818360421889324e+00
1.157739999999999964e+04 1.005149806671559398e+00
1.157750000000000000e+04 1.004262966053705464e+00
1.157760000000000036e+04 1.003156861959501489e+00
1.157770000000000073e+04 1.001831287229508316e+00
1.157779999999999927e+04 1.000286892936263383e+00
1.157789999999999964e+04 9.985250996016845626e-01
1.157800000000000000e+04 9.965482747622991244e-01
1.157810000000000036e+04 9.943597625634412740e-01
1.157820000000000073e+04 9.919639429476838632e-01
1.157829999999999927e+04 9.893661724664125634e-01
1.157839999999999964e+04 9.865729322508661747e-01
1.157850000000000000e+04 9.835917096352956301e-01
1.157860000000000036e+04 9.804310277511912863e-01
1.157870000000000073e+04 9.771004159330665129e-01
1.157879999999999927e+04 9.736103505300337524e-01
1.157889999999999964e+04 9.699721069347967406e-01
1.157900000000000000e+04 9.661977891778251726e-01
1.157910000000000036e+04 9.623002115505692178e-01
1.157920000000000073e+04 9.582927802285876595e-01
1.157929999999999927e+04 9.541894044889663862e-01
1.157939999999999964e+04 9.500044671160803311e-01
1.157950000000000000e+04 9.457526764305986822e-01
1.157960000000000036e+04 9.414489479126143534e-01
1.157970000000000073e+04 9.371084337958888177e-01
1.157979999999999927e+04 9.327462863141700034e-01
1.157989999999999964e+04 9.283778056722492567e-01
1.158000000000000000e+04 9.240180553212645753e-01
1.158010000000000036e+04 9.196820691181382124e-01
1.158020000000000073e+04 9.153845553835299187e-01
1.158029999999999927e+04 9.111399264960307054e-01
1.158039999999999964e+04 9.069620917327236853e-01
1.158050000000000000e+04 9.028645164575834769e-01
1.158060000000000036e+04 8.988598965852244715e-01
1.158070000000000073e+04 8.949602177693032345e-01
1.158079999999999927e+04 8.911766074314775299e-01
1.158089999999999964e+04 8.875191867903945431e-01
1.158100000000000000e+04 8.839970412674557076e-01
1.158110000000000036e+04 8.806181021100308870e-01
1.158120000000000073e+04 8.773890280145837384e-01
1.158129999999999927e+04 8.743152347209205422e-01
1.158139999999999964e+04 8.714008358237420593e-01
1.158150000000000000e+04 8.686486131784771914e-01
1.158160000000000036e+04 8.660599873070309318e-01
1.158170000000000073e+04 8.636350765862357282e-01
1.158179999999999927e+04 8.613727564362358979e-01
1.158189999999999964e+04 8.592706889147176952e-01
1.158200000000000000e+04 8.573253523111040719e-01
1.158210000000000036e+04 8.555322779001991451e-01
1.158220000000000073e+04 8.538860203480009847e-01
1.158229999999999927e+04 8.523803352769264707e-01
1.158239999999999964e+04 8.510082680484395423e-01
1.158250000000000000e+04 8.497624201108952002e-01
1.158260000000000036e+04 8.486349194053540712e-01
1.158270000000000073e+04 8.476177459018433558e-01
1.158279999999999927e+04 8.467027315993483905e-01
1.158289999999999964e+04 8.458818268736931767e-01
1.158300000000000000e+04 8.451472780427514708e-01
1.158310000000000036e+04 8.444915977722784461e-01
1.158320000000000073e+04 8.439078906121374457e-01
1.158329999999999927e+04 8.433899417789592068e-01
1.158339999999999964e+04 8.429322171561086652e-01
1.158350000000000000e+04 8.425300704531700768e-01
1.158360000000000036e+04 8.421797728001111372e-01
1.158370000000000073e+04 8.418785719357195774e-01
1.158379999999999927e+04 8.416247809902248633e-01
1.158389999999999964e+04 8.414176601084631946e-01
1.158400000000000000e+04 8.412574756382970032e-01
1.158450000000000000e+04 8.412339634993778459e-01
1.158500000000000000e+04 8.428768715372179088e-01
1.158550000000000000e+04 8.468009010161201555e-01
1.158600000000000000e+04 8.534335402497310596e-01
1.158650000000000000e+04 8.628108053874216088e-01
1.158700000000000000e+04 8.746957948057427767e-01
1.158750000000000000e+04 8.889212716434704564e-01
1.158800000000000000e+04 9.056427534560341774e-01
1.158850000000000000e+04 9.252439883197955961e-01
1.158900000000000000e+04 9.479294426078287428e-01
1.158950000000000000e+04 9.732362925238636775e-01
1.159000000000000000e+04 9.996881422914107862e-01
1.159050000000000000e+04 1.024768862875175657e+00
1.159100000000000000e+04 1.045359106527711690e+00
1.159150000000000000e+04 1.058609099129059317e+00
1.159200000000000000e+04 1.062917971669968820e+00
1.159250000000000000e+04 1.058520672556257480e+00
1.159300000000000000e+04 1.047362991274541688e+00
1.159350000000000000e+04 1.032342230240511416e+00
1.159400000000000000e+04 1.016308459516192197e+00
1.159500000000000000e+04 9.881910935697525433e-01
1.159600000000000000e+04 9.675338056168355516e-01
1.159700000000000000e+04 9.531052103170021272e-01
1.159800000000000000e+04 9.478676581519416278e-01
1.159900000000000000e+04 9.538922996672234422e-01
1.160000000000000000e+04 9.644273350147435364e-01
1.160100000000000000e+04 9.671520745284000187e-01
1.160200000000000000e+04 9.552444025253198356e-01
1.160300000000000000e+04 9.333052415155855819e-01
1.160400000000000000e+04 9.118894836429369821e-01
1.160500000000000000e+04 8.995142527705356494e-01
1.160600000000000000e+04 8.994233106901767805e-01
1.160700000000000000e+04 9.099553570228352539e-01
1.160800000000000000e+04 9.269065939161552636e-01
1.160900000000000000e+04 9.472351216612353575e-01
1.161000000000000000e+04 9.702007595579932309e-01
1.161100000000000000e+04 9.952545350748820407e-01
1.161200000000000000e+04 1.021563341703245031e+00
1.161300000000000000e+04 1.049053253115114437e+00
1.161400000000000000e+04 1.077437856579475994e+00
1.161500000000000000e+04 1.103497243235015413e+00
1.161600000000000000e+04 1.120396719861075141e+00
1.161700000000000000e+04 1.122024017413148833e+00
1.161800000000000000e+04 1.109481372114280440e+00
1.161900000000000000e+04 1.091677498368732957e+00
1.162000000000000000e+04 1.077637563783552466e+00
1.162100000000000000e+04 1.070366179367384429e+00
1.162200000000000000e+04 1.067495483059765382e+00
1.162300000000000000e+04 1.065225253203094358e+00
1.162400000000000000e+04 1.061526451807726090e+00
1.162500000000000000e+04 1.056734470016518213e+00
1.162600000000000000e+04 1.052367934538708028e+00
1.162700000000000000e+04 1.049803212732633995e+00
1.162800000000000000e+04 1.049501619090035254e+00
1.162900000000000000e+04 1.050910570586165438e+00
1.163000000000000000e+04 1.052707117405512260e+00
1.163100000000000000e+04 1.053281482682657977e+00
1.163200000000000000e+04 1.051401422845173794e+00
1.163300000000000000e+04 1.046384495489961486e+00
1.163400000000000000e+04 1.037772227169110772e+00
1.163500000000000000e+04 1.025484979872789637e+00
1.163600000000000000e+04 1.010412828957267806e+00
1.163700000000000000e+04 9.942469057617758788e-01
1.163800000000000000e+04 9.784814513693510518e-01
1.163900000000000000e+04 9.637913320662143679e-01
1.164000000000000000e+04 9.503886495307265481e-01
1.164100000000000000e+04 9.386760329430334782e-01
1.164200000000000000e+04 9.293177834576198393e-01
1.164300000000000000e+04 9.227600929266664975e-01
1.164400000000000000e+04 9.188507879400938938e-01
1.164500000000000000e+04 9.169646316960569088e-01
1.164600000000000000e+04 9.165124331363161403e-01
1.164700000000000000e+04 9.174013848291108220e-01
1.164800000000000000e+04 9.200727955825630522e-01
1.164900000000000000e+04 9.251372234720423027e-01
1.165000000000000000e+04 9.329497397877776210e-01
1.165100000000000000e+04 9.434044860529178234e-01
1.165200000000000000e+04 9.560218881502944299e-01
1.165300000000000000e+04 9.702199464138349105e-01
1.165400000000000000e+04 9.854931917956369913e-01
1.165500000000000000e+04 1.001289307618800528e+00
1.165600000000000000e+04 1.016712092526311562e+00
1.165700000000000000e+04 1.030387073189038549e+00
1.165800000000000000e+04 1.040679939144343535e+00
1.165900000000000000e+04 1.046191446712210205e+00
1.166000000000000000e+04 1.046293547641195865e+00
1.166100000000000000e+04 1.041447526828820358e+00
1.166200000000000000e+04 1.033135166197175270e+00
1.166300000000000000e+04 1.023402076491562118e+00
1.166400000000000000e+04 1.014167530789537697e+00
