1.151500200000000041e+04 7.714474658467027242e-03
1.151550100000000020e+04 7.508129920557893473e-03
1.151600200000000041e+04 6.609587983246116571e-03
1.151650000000000000e+04 7.089978875865688389e-03
1.151699899999999980e+04 6.250327789521567881e-03
1.151750000000000000e+04 4.960639614518881288e-03
1.151799799999999959e+04 6.164255327866761947e-03
1.151850100000000020e+04 4.795503585526357006e-03
1.151900300000000061e+04 3.822299166936161865e-03
1.151949699999999939e+04 3.103523340226034370e-03
1.151999899999999980e+04 3.208113871815203647e-03
1.152049799999999959e+04 2.414893174320106514e-03
1.152100000000000000e+04 1.757315541709127821e-03
1.152150300000000061e+04 2.166231669018778543e-03
1.152200000000000000e+04 1.659006938064333655e-03
1.152250100000000020e+04 7.116744246206137660e-04
1.152300000000000000e+04 5.447851123928857927e-04
1.152350000000000000e+04 8.477206545173322002e-04
1.152400200000000041e+04 3.521644280941084730e-04
1.152449799999999959e+04 -4.807911027674210361e-04
1.152500100000000020e+04 -5.540301452863525622e-04
1.152549699999999939e+04 -1.074337997155382432e-03
1.152600300000000061e+04 -1.112617112811133471e-03
1.152649899999999980e+04 -1.456447962048051502e-03
1.152700100000000020e+04 -2.837655544102821517e-03
1.152749799999999959e+04 -2.421159419746979780e-03
1.152799699999999939e+04 -2.990517620090084143e-03
1.152850500000000102e+04 -3.301623707510313848e-03
1.152899600000000100e+04 -3.556056734616099869e-03
1.152950000000000000e+04 -3.230784029830476630e-03
1.153000300000000061e+04 -3.503209255936754613e-03
1.153050500000000102e+04 -3.861988551353176449e-03
1.153100200000000041e+04 -3.250894208870761231e-03
1.153150300000000061e+04 -3.575265158069419313e-03
1.153199699999999939e+04 -3.957242904405772199e-03
1.153250300000000061e+04 -3.689433718287974014e-03
1.153299899999999980e+04 -3.817827981176085024e-03
1.153350100000000020e+04 -4.627637486040525952e-03
1.153400100000000020e+04 -4.643822293826477612e-03
1.153450000000000000e+04 -3.326763885706334172e-03
1.153500300000000061e+04 -3.970618121693908834e-03
1.153550699999999961e+04 -3.319022649653315116e-03
1.153599799999999959e+04 -3.121462050688273652e-03
1.153649899999999980e+04 -2.980572752108179898e-03
1.153699699999999939e+04 -2.864321297845507340e-03
1.153749799999999959e+04 -3.011471050656697093e-03
1.153799899999999980e+04 -2.049634464577569821e-03
1.153850400000000081e+04 -2.245805270262470846e-03
1.153899899999999980e+04 -2.091551939679107183e-03
1.153950200000000041e+04 -8.337307010957969522e-04
1.154000300000000061e+04 -3.295955593911905051e-04
1.154050300000000061e+04 -1.954855884688383720e-04
1.154099899999999980e+04 9.194320915972267402e-04
1.154150100000000020e+04 4.012877964907724882e-04
1.154199899999999980e+04 4.550082336024445354e-04
1.154250300000000061e+04 2.550853866717465437e-04
1.154299899999999980e+04 1.435182828470398745e-03
1.154349600000000100e+04 2.703170527014727830e-03
1.154400400000000081e+04 3.303537910056910960e-03
1.154450100000000020e+04 3.987927908322002300e-03
1.154499600000000100e+04 5.694966170822453495e-03
1.154550000000000000e+04 7.768300596847460028e-03
1.154599799999999959e+04 8.214062773267961221e-03
1.154650100000000020e+04 1.038696140347976880e-02
1.154699699999999939e+04 1.161134628861784125e-02
1.154750000000000000e+04 1.465338742733455352e-02
1.154800200000000041e+04 1.654612503666634538e-02
1.154850000000000000e+04 1.926741563907009847e-02
1.154899899999999980e+04 2.213634730171467821e-02
1.154950300000000061e+04 2.555267158459798016e-02
1.154999899999999980e+04 2.825186606283361379e-02
1.155049799999999959e+04 3.263555775699819583e-02
1.155100000000000000e+04 3.612111278910549311e-02
1.155149699999999939e+04 4.183850948081817289e-02
1.155200200000000041e+04 4.672729058165856625e-02
1.155250400000000081e+04 5.299742243325254037e-02
1.155299799999999959e+04 5.882900759012610337e-02
1.155350300000000061e+04 6.752223710706048432e-02
1.155400000000000000e+04 7.616747781847359178e-02
1.155450100000000020e+04 8.523581727981570377e-02
1.155500400000000081e+04 9.550826654204701283e-02
1.155549799999999959e+04 1.078487022521203847e-01
1.155600200000000041e+04 1.234835857383697610e-01
1.155650699999999961e+04 1.380014120714258830e-01
1.155700000000000000e+04 1.589690377335332694e-01
1.155749600000000100e+04 1.810619768160889598e-01
1.155800000000000000e+04 2.107844108887594048e-01
1.155849799999999959e+04 2.425257319394707178e-01
1.155899799999999959e+04 2.790505259932157256e-01
1.155949899999999980e+04 3.249219400264761193e-01
1.155999899999999980e+04 3.826530786780906745e-01
1.156050000000000000e+04 4.504214983024982799e-01
1.156100400000000081e+04 5.565442082912889221e-01
1.156150599999999940e+04 6.604105639651912663e-01
1.156200200000000041e+04 7.730572236721819923e-01
1.156250000000000000e+04 8.907702768158386464e-01
1.156300000000000000e+04 9.981602739385355694e-01
1.156350200000000041e+04 1.095220464808265959e+00
1.156400200000000041e+04 1.166294890070815216e+00
1.156449699999999939e+04 1.208056879312760179e+00
1.156500200000000041e+04 1.211883385996529450e+00
1.156549899999999980e+04 1.202311780138526798e+00
1.156600200000000041e+04 1.176174573709676929e+00
1.156650100000000020e+04 1.148103761142711177e+00
1.156700100000000020e+04 1.110452168387719762e+00
1.156750400000000081e+04 1.082017606766618290e+00
1.156800100000000020e+04 1.052661599599055808e+00
1.156849799999999959e+04 1.026023179288513720e+00
1.156900200000000041e+04 1.014362606832331704e+00
1.156950100000000020e+04 9.930863917135215324e-01
1.157000300000000061e+04 9.778407156396260458e-01
1.157049600000000100e+04 9.693018136315246780e-01
1.157100100000000020e+04 9.571762800372813906e-01
1.157150300000000061e+04 9.481266030859446525e-01
1.157200200000000041e+04 9.405951712315349100e-01
1.157249899999999980e+04 9.338549333983531264e-01
1.157299899999999980e+04 9.300662453730695889e-01
1.157350300000000061e+04 9.260953202341862811e-01
1.157400000000000000e+04 9.247297483213947622e-01
1.157449799999999959e+04 9.258182605035228940e-01
1.157500100000000020e+04 9.297638781292169030e-01
1.157549600000000100e+04 9.319912350248640287e-01
1.157600300000000061e+04 9.375434020399550095e-01
1.157649699999999939e+04 9.439518329086402648e-01
1.157700000000000000e+04 9.518104197905472574e-01
1.157749600000000100e+04 9.569569844998901953e-01
1.157799699999999939e+04 9.642158678646967074e-01
1.157850000000000000e+04 9.716531192651270965e-01
1.157899799999999959e+04 9.751363720322557826e-01
1.157949600000000100e+04 9.774801479871882970e-01
1.158000300000000061e+04 9.774134549731173793e-01
1.158049699999999939e+04 9.723097327848325699e-01
1.158099600000000100e+04 9.693847334916811942e-01
1.158149699999999939e+04 9.630485279492567718e-01
1.158199899999999980e+04 9.605737332458264000e-01
1.158249899999999980e+04 9.615382967815947479e-01
1.158299899999999980e+04 9.529260737334588338e-01
1.158350200000000041e+04 9.535698615820903390e-01
1.158400000000000000e+04 9.521759772437892178e-01
1.158450200000000041e+04 9.524353502590022780e-01
1.158499500000000080e+04 9.493797316706101830e-01
1.158549899999999980e+04 9.527009824227988810e-01
1.158600100000000020e+04 9.575232561499608108e-01
1.158650100000000020e+04 9.603629275681400124e-01
1.158700200000000041e+04 9.657551619115036790e-01
1.158750200000000041e+04 9.683357972260820956e-01
1.158800100000000020e+04 9.730942115483565136e-01
1.158849799999999959e+04 9.817642166809246174e-01
1.158900000000000000e+04 9.886779757230961252e-01
1.158950200000000041e+04 9.978328466761170468e-01
1.158999899999999980e+04 1.004722660566964576e+00
1.159050300000000061e+04 1.016128322165248177e+00
1.159100000000000000e+04 1.024339540919951830e+00
1.159150300000000061e+04 1.033648519561382928e+00
1.159200000000000000e+04 1.040092395935022118e+00
1.159250300000000061e+04 1.043646811213351899e+00
1.159300000000000000e+04 1.045804618022573074e+00
1.159350100000000020e+04 1.049315778249922060e+00
1.159400000000000000e+04 1.050960679180848567e+00
1.159449600000000100e+04 1.049860398917846549e+00
1.159499799999999959e+04 1.048314774700091156e+00
1.159550000000000000e+04 1.045926616069647652e+00
1.159599899999999980e+04 1.044121780225344853e+00
1.159650000000000000e+04 1.040135515705663538e+00
1.159700100000000020e+04 1.035916355530211552e+00
1.159750200000000041e+04 1.036423271478779107e+00
1.159800000000000000e+04 1.031677450054036882e+00
1.159849799999999959e+04 1.029420308362302361e+00
1.159899899999999980e+04 1.025189549359894148e+00
1.159949699999999939e+04 1.024280707401781010e+00
1.159999899999999980e+04 1.022492566285359228e+00
1.160050599999999940e+04 1.020812264201918618e+00
1.160099600000000100e+04 1.018825686131086483e+00
1.160149799999999959e+04 1.015113962773779965e+00
1.160200000000000000e+04 1.016970116078210529e+00
1.160249799999999959e+04 1.015159921255816888e+00
1.160299899999999980e+04 1.011585302631655470e+00
1.160350000000000000e+04 1.007832595402977649e+00
1.160399799999999959e+04 1.008967696056757735e+00
1.160449899999999980e+04 1.006390847138722178e+00
1.160500000000000000e+04 1.006084709933872112e+00
1.160550699999999961e+04 1.008124712548043034e+00
1.160599899999999980e+04 1.008089609348917337e+00
1.160650000000000000e+04 1.005568195530044395e+00
1.160700200000000041e+04 1.010392070134666920e+00
1.160749899999999980e+04 1.008776866625808788e+00
1.160799899999999980e+04 1.012427328497330192e+00
