1.152400000000000000e+04 5.021185500858039996e-03
1.152450000000000000e+04 4.468923145417855354e-03
1.152500000000000000e+04 3.987952598533612766e-03
1.152550000000000000e+04 3.516522229374047324e-03
1.152600000000000000e+04 3.055033466037444280e-03
1.152650000000000000e+04 2.603908984233966294e-03
1.152700000000000000e+04 2.163598778023784371e-03
1.152750000000000000e+04 1.734576365616869939e-03
1.152800000000000000e+04 1.317343342424592703e-03
1.152850000000000000e+04 9.124331752680212709e-04
1.152900000000000000e+04 5.204104435508432030e-04
1.152950000000000000e+04 1.418746334676543395e-04
1.153000000000000000e+04 -2.225383443175473364e-04
1.153050000000000000e+04 -5.721493250656721746e-04
1.153100000000000000e+04 -9.062389253437329187e-04
1.153150000000000000e+04 -1.224037678070301815e-03
1.153200000000000000e+04 -1.524726791342594003e-03
1.153250000000000000e+04 -1.807431318855053223e-03
1.153300000000000000e+04 -2.071216365691003810e-03
1.153350000000000000e+04 -2.315081017557563126e-03
1.153400000000000000e+04 -2.537954546590784170e-03
1.153450000000000000e+04 -2.738688064060694656e-03
1.153500000000000000e+04 -2.916047690789875125e-03
1.153550000000000000e+04 -3.068708486415277267e-03
1.153600000000000000e+04 -3.195243825566131037e-03
1.153650000000000000e+04 -3.294114774066085431e-03
1.153700000000000000e+04 -3.363664018195067999e-03
1.153750000000000000e+04 -3.402097652434349362e-03
1.153800000000000000e+04 -3.407476832198564828e-03
1.153850000000000000e+04 -3.377698043918464510e-03
1.153900000000000000e+04 -3.310479445845710030e-03
1.153950000000000000e+04 -3.203339620449094805e-03
1.154000000000000000e+04 -3.053577844497309349e-03
1.154050000000000000e+04 -2.858245252998116524e-03
1.154100000000000000e+04 -2.614122073907988644e-03
1.154150000000000000e+04 -2.317679685976179078e-03
1.154200000000000000e+04 -1.965049506153997150e-03
1.154250000000000000e+04 -1.551978976692628982e-03
1.154300000000000000e+04 -1.073782240337959725e-03
1.154350000000000000e+04 -5.252862624414530350e-04
1.154400000000000000e+04 9.923215302407937112e-05
1.154450000000000000e+04 8.061237654710267948e-04
1.154500000000000000e+04 1.602446576260360385e-03
1.154550000000000000e+04 2.496074343269218641e-03
1.154600000000000000e+04 3.495806613185533773e-03
1.154650000000000000e+04 4.611510625193429233e-03
1.154700000000000000e+04 5.854284462270560770e-03
1.154750000000000000e+04 7.236646003181225473e-03
1.154800000000000000e+04 8.772767405042044067e-03
1.154850000000000000e+04 1.047874449267865125e-02
1.154900000000000000e+04 1.237292913199881245e-02
1.154950000000000000e+04 1.447632610502032867e-02
1.155000000000000000e+04 1.681307269881642669e-02
1.155050000000000000e+04 1.941102756791789063e-02
1.155100000000000000e+04 2.230248784120548305e-02
1.155150000000000000e+04 2.552508455697323833e-02
1.155200000000000000e+04 2.912288374454525056e-02
1.155250000000000000e+04 3.314775993060600084e-02
1.155300000000000000e+04 3.766113389030549541e-02
1.155350000000000000e+04 4.273616570435725265e-02
1.155400000000000000e+04 4.846054730230382052e-02
1.155450000000000000e+04 5.494011455652584447e-02
1.155500000000000000e+04 6.230351416843563084e-02
1.155550000000000000e+04 7.070823647255224109e-02
1.155600000000000000e+04 8.034864399840511984e-02
1.155650000000000000e+04 9.146650421529187169e-02
1.155700000000000000e+04 1.043650205445203760e-01
1.155750000000000000e+04 1.194275909653311624e-01
1.155800000000000000e+04 1.371428043125620944e-01
1.155850000000000000e+04 1.581376852007761180e-01
1.155900000000000000e+04 1.832211681558395810e-01
1.155910000000000036e+04 1.840033037279823758e-01
1.155920000000000073e+04 1.855239607579549088e-01
1.155929000000000087e+04 1.889816734378978180e-01
1.155938999999999942e+04 1.889306370297905713e-01
1.155948999999999978e+04 1.923882718879712794e-01
1.155959000000000015e+04 1.929193745143621963e-01
1.155963999999999942e+04 1.931910079564553295e-01
1.155973999999999978e+04 1.990942732940261528e-01
1.155984000000000015e+04 1.998560415125097967e-01
1.155994000000000051e+04 2.052128486266446283e-01
1.156004000000000087e+04 2.116899057226291347e-01
1.156013999999999942e+04 2.184231938408424112e-01
1.156023999999999978e+04 2.254250517730262415e-01
1.156034000000000015e+04 2.327084481508538694e-01
1.156044000000000051e+04 2.402869435037547907e-01
1.156054000000000087e+04 2.481747813201113373e-01
1.156063999999999942e+04 2.563868273397988395e-01
1.156073999999999978e+04 2.649386150847719557e-01
1.156084000000000015e+04 2.738463458590828514e-01
1.156094000000000051e+04 2.831268659835621815e-01
1.156104000000000087e+04 2.927976516189714218e-01
1.156113999999999942e+04 3.028768087659954866e-01
1.156123999999999978e+04 3.133829822040403168e-01
1.156134000000000015e+04 3.243353403143841018e-01
1.156144000000000051e+04 3.357534764305394326e-01
1.156154000000000087e+04 3.476573101886296646e-01
1.156163999999999942e+04 3.600669585240340309e-01
1.156173999999999978e+04 3.730025763142875705e-01
1.156184000000000015e+04 3.864841439029789716e-01
1.156194000000000051e+04 4.005312546236207139e-01
1.156204000000000087e+04 4.151627960854742949e-01
1.156213999999999942e+04 4.303966162825089703e-01
1.156223999999999978e+04 4.462490986411564720e-01
1.156234000000000015e+04 4.627347294796463895e-01
1.156244000000000051e+04 4.798655136986851311e-01
1.156254000000000087e+04 4.976503904721215621e-01
1.156263999999999942e+04 5.160945047574028166e-01
1.156273999999999978e+04 5.351984484522825936e-01
1.156284000000000015e+04 5.549574332556612699e-01
1.156294000000000051e+04 5.753603648787720681e-01
1.156304000000000087e+04 5.963889020795158924e-01
1.156313999999999942e+04 6.180164853430641925e-01
1.156323999999999978e+04 6.402073731508816090e-01
1.156334000000000015e+04 6.629157010150737994e-01
1.156344000000000051e+04 6.860846771044984971e-01
1.156354000000000087e+04 7.096459827585772651e-01
1.156363999999999942e+04 7.335190212324492753e-01
1.156373999999999978e+04 7.576112895301708727e-01
1.156384000000000015e+04 7.820007632024877919e-01
1.156394000000000051e+04 8.063884156509280032e-01
1.156404000000000087e+04 8.306478994692252371e-01
1.156413999999999942e+04 8.546437611317407868e-01
1.156423999999999978e+04 8.782337934076354102e-01
1.156434000000000015e+04 9.012718430810117143e-01
1.156444000000000051e+04 9.236101633650747322e-01
1.156454000000000087e+04 9.451031322342240415e-01
1.156463999999999942e+04 9.656090736479169268e-01
1.156473999999999978e+04 9.849923064275303286e-01
1.156484000000000015e+04 1.003123827215314900e+00
1.156494000000000051e+04 1.019889278328834692e+00
1.156504000000000087e+04 1.035195625581855516e+00
1.156513999999999942e+04 1.048972448317913031e+00
1.156523999999999978e+04 1.061173836518507940e+00
1.156534000000000015e+04 1.071776949000890600e+00
1.156544000000000051e+04 1.080781026921774579e+00
1.156554000000000087e+04 1.088206862587059565e+00
1.156563999999999942e+04 1.094094295268992267e+00
1.156573999999999978e+04 1.098500693519607774e+00
1.156584000000000015e+04 1.101497540375969031e+00
1.156594000000000051e+04 1.103168080945984508e+00
1.156604000000000087e+04 1.103604211150972958e+00
1.156613999999999942e+04 1.102903670005512815e+00
1.156623999999999978e+04 1.101167459550291827e+00
1.156634000000000015e+04 1.098497264784951355e+00
1.156644000000000051e+04 1.094993784212860310e+00
1.156654000000000087e+04 1.090754908617257213e+00
1.156663999999999942e+04 1.085874127490350283e+00
1.156673999999999978e+04 1.080439997843013700e+00
1.156684000000000015e+04 1.074534854171230513e+00
1.156694000000000051e+04 1.068235187877708992e+00
1.156704000000000087e+04 1.061610584891309106e+00
1.156713999999999942e+04 1.054724484510313864e+00
1.156723999999999978e+04 1.047633951749446402e+00
1.156734000000000015e+04 1.040389904992857328e+00
1.156744000000000051e+04 1.033037723068737979e+00
1.156754000000000087e+04 1.025617397017994925e+00
1.156763999999999942e+04 1.018164288937517536e+00
1.156773999999999978e+04 1.010709131980181308e+00
1.156784000000000015e+04 1.003278789198133181e+00
1.156794000000000051e+04 9.958967847330750800e-01
1.156804000000000087e+04 9.885832279319535232e-01
1.156813999999999942e+04 9.813555721902315065e-01
1.156823999999999978e+04 9.742288426048656413e-01
1.156834000000000015e+04 9.672159395116360914e-01
1.156844000000000051e+04 9.603278661381107195e-01
1.156854000000000087e+04 9.535738803723186052e-01
1.156863999999999942e+04 9.469621018373661769e-01
1.156873999999999978e+04 9.404989807011402414e-01
1.156884000000000015e+04 9.341902841725785445e-01
1.156894000000000051e+04 9.280405653113610320e-01
1.156904000000000087e+04 9.220536183338949865e-01
1.156913999999999942e+04 9.162324027289756589e-01
1.156923999999999978e+04 9.105793467951046605e-01
1.156934000000000015e+04 9.050961199874946184e-01
1.156944000000000051e+04 8.997840882240539795e-01
1.156954000000000087e+04 8.946440103480658435e-01
1.156963999999999942e+04 8.896761898968378324e-01
1.156973999999999978e+04 8.848806268703749422e-01
1.156984000000000015e+04 8.802570177313592259e-01
1.156994000000000051e+04 8.758047554051693329e-01
1.157004000000000087e+04 8.715228533955393653e-01
1.157013999999999942e+04 8.674101734375485595e-01
1.157023999999999978e+04 8.634655013819497738e-01
1.157034000000000015e+04 8.596870918891919011e-01
1.157044000000000051e+04 8.560734272727157368e-01
1.157054000000000087e+04 8.526225345399907063e-01
1.157063999999999942e+04 8.493325165828149448e-01
1.157073999999999978e+04 8.462012486400043443e-01
1.157084000000000015e+04 8.432265300660393148e-01
1.157094000000000051e+04 8.404061602154100363e-01
1.157104000000000087e+04 8.377377107896130104e-01
1.157113999999999942e+04 8.352187534901515109e-01
1.157123999999999978e+04 8.328468600185295889e-01
1.157134000000000015e+04 8.306195261919151474e-01
1.157144000000000051e+04 8.285340960588272186e-01
1.157154000000000087e+04 8.265879895521111020e-01
1.157163999999999942e+04 8.247785507202839428e-01
1.157173999999999978e+04 8.231029718432085751e-01
1.157184000000000015e+04 8.215585969693968149e-01
1.157194000000000051e+04 8.201425424943837861e-01
1.157204000000000087e+04 8.188520006980305466e-01
1.157213999999999942e+04 8.176840120915410681e-01
1.157223999999999978e+04 8.166357689547792953e-01
1.157234000000000015e+04 8.157040841459597402e-01
1.157244000000000051e+04 8.148859222919643264e-01
1.157254000000000087e+04 8.141783239039923625e-01
1.157263999999999942e+04 8.135779500716101564e-01
1.157273999999999978e+04 8.130816136530412130e-01
1.157284000000000015e+04 8.126860516221718900e-01
1.157294000000000051e+04 8.123878491842407845e-01
1.157304000000000087e+04 8.121835915444846066e-01
1.157313999999999942e+04 8.120697880238104682e-01
1.157323999999999978e+04 8.120429479431292563e-01
1.157334000000000015e+04 8.120993529703592895e-01
1.157344000000000051e+04 8.122355124264110104e-01
1.157354000000000087e+04 8.124477079792080669e-01
1.157363999999999942e+04 8.127320695280181306e-01
1.157373999999999978e+04 8.130850305094233788e-01
1.157384000000000015e+04 8.135027208226888185e-01
1.157394000000000051e+04 8.139814221357352109e-01
1.157404000000000087e+04 8.145173402321609357e-01
1.157413999999999942e+04 8.151067567798895297e-01
1.157423999999999978e+04 8.157459534468471940e-01
1.157434000000000015e+04 8.164312877852805128e-01
1.157444000000000051e+04 8.171590414631157984e-01
1.157454000000000087e+04 8.179257996855887614e-01
1.157463999999999942e+04 8.187281476579355566e-01
1.157473999999999978e+04 8.195626705853950034e-01
1.157484000000000015e+04 8.204261054418536814e-01
1.157494000000000051e+04 8.213154927385190041e-01
1.157504000000000087e+04 8.222277971022670107e-01
1.157513999999999942e+04 8.231602866972869137e-01
1.157523999999999978e+04 8.241103055721008541e-01
1.157534000000000015e+04 8.250752736595426962e-01
1.157544000000000051e+04 8.260530661984317735e-01
1.157554000000000087e+04 8.270414066589254487e-01
1.157563999999999942e+04 8.280384738171518988e-01
1.157573999999999978e+04 8.290424464492317513e-01
1.157584000000000015e+04 8.300518068686060236e-01
1.157594000000000051e+04 8.310651132730408897e-01
1.157604000000000087e+04 8.320811515132896519e-01
1.157613999999999942e+04 8.330989350930816384e-01
1.157623999999999978e+04 8.341174775161547261e-01
1.157634000000000015e+04 8.351360958235557463e-01
1.157644000000000051e+04 8.361542588249882835e-01
1.157654000000000087e+04 8.371714353301584755e-01
1.157663999999999942e+04 8.381873218017511507e-01
1.157673999999999978e+04 8.392016905867791809e-01
1.157684000000000015e+04 8.402145416852454529e-01
1.157694000000000051e+04 8.412257233284938795e-01
1.157704000000000087e+04 8.422354631695112559e-01
1.157713999999999942e+04 8.432439129769483399e-01
1.157723999999999978e+04 8.442512245194642162e-01
1.157734000000000015e+04 8.452577772186991023e-01
1.157744000000000051e+04 8.462638746119655053e-01
1.157754000000000087e+04 8.472700478895627274e-01
1.157763999999999942e+04 8.482766005887976135e-01
1.157773999999999978e+04 8.492841397842977313e-01
1.157784000000000015e+04 8.502931966663594965e-01
1.157794000000000051e+04 8.513044541939360776e-01
1.157804000000000087e+04 8.523183676729984004e-01
1.157813999999999942e+04 8.533356959468245684e-01
1.157823999999999978e+04 8.543571978586931293e-01
1.157834000000000015e+04 8.553835563675593612e-01
1.157844000000000051e+04 8.564155303167040323e-01
1.157854000000000087e+04 8.574539544337390629e-01
1.157863999999999942e+04 8.584995875619400030e-01
1.157873999999999978e+04 8.595534161975744158e-01
1.157884000000000015e+04 8.606161232995954702e-01
1.157894000000000051e+04 8.616886953642680647e-01
1.157904000000000087e+04 8.627718153505475884e-01
1.157913999999999942e+04 8.638663938703659007e-01
1.157923999999999978e+04 8.649731897670067671e-01
1.157934000000000015e+04 8.660928101150945357e-01
1.157944000000000051e+04 8.672258619892542209e-01
1.157954000000000087e+04 8.683729524641129460e-01
1.157963999999999942e+04 8.695343850769806648e-01
1.157973999999999978e+04 8.707103874808387323e-01
1.157984000000000015e+04 8.719009596756899239e-01
1.157994000000000051e+04 8.731060257772063071e-01
1.158004000000000087e+04 8.743252063637499960e-01
1.158013999999999942e+04 8.755578184763624927e-01
1.158023999999999978e+04 8.768029515031099397e-01
1.158034000000000015e+04 8.780595430633988396e-01
1.158044000000000051e+04 8.793260754706673232e-01
1.158054000000000087e+04 8.806008033853721662e-01
1.158063999999999942e+04 8.818815261619933343e-01
1.158073999999999978e+04 8.831659672706910769e-01
1.158084000000000015e+04 8.844513189913255635e-01
1.158094000000000051e+04 8.857345459507737218e-01
1.158104000000000087e+04 8.870122333542740378e-01
1.158113999999999942e+04 8.882809664070598910e-01
1.158123999999999978e+04 8.895367232397397572e-01
1.158134000000000015e+04 8.907754819829276638e-01
1.158144000000000051e+04 8.919929931142507318e-01
1.158154000000000087e+04 8.931849312270101482e-01
1.158163999999999942e+04 8.943466673771874875e-01
1.158173999999999978e+04 8.954738002737561153e-01
1.158184000000000015e+04 8.965618527413589112e-01
1.158194000000000051e+04 8.976064993732945085e-01
1.158204000000000087e+04 8.986034147628648716e-01
1.158213999999999942e+04 8.995487288093317879e-01
1.158223999999999978e+04 9.004386472962936372e-01
1.158234000000000015e+04 9.012699071976425502e-01
1.158244000000000051e+04 9.020394731402574529e-01
1.158254000000000087e+04 9.027448409413090236e-01
1.158263999999999942e+04 9.033839617239359798e-01
1.158273999999999978e+04 9.039554695702355369e-01
1.158284000000000015e+04 9.044583020996143086e-01
1.158294000000000051e+04 9.048923075434188723e-01
1.158304000000000087e+04 9.052576376702999861e-01
1.158313999999999942e+04 9.055550513235414156e-01
1.158323999999999978e+04 9.057861420740327407e-01
1.158334000000000015e+04 9.059527311456482268e-01
1.158344000000000051e+04 9.060573986055457940e-01
1.158354000000000087e+04 9.061031039425151423e-01
1.158363999999999942e+04 9.060933378356512691e-01
1.158373999999999978e+04 9.060319703856868356e-01
1.158384000000000015e+04 9.059231752306665664e-01
1.158394000000000051e+04 9.057715054302812874e-01
1.158404000000000087e+04 9.055818175815181226e-01
1.158413999999999942e+04 9.053590441657078935e-01
1.158423999999999978e+04 9.051084970858170875e-01
1.158434000000000015e+04 9.048352605918276170e-01
1.158444000000000051e+04 9.045449501240205858e-01
1.158454000000000087e+04 9.042427258167011761e-01
1.158463999999999942e+04 9.039291188601681348e-01
1.158513999999999942e+04 9.036905016213008235e-01
1.158563999999999942e+04 9.034739667219099379e-01
1.158613999999999942e+04 9.032697250836670966e-01
1.158663999999999942e+04 9.021438682807806364e-01
1.158713999999999942e+04 9.018877976464556578e-01
1.158763999999999942e+04 9.028710698584804240e-01
1.158813999999999942e+04 9.052792220990393268e-01
1.158863999999999942e+04 9.091300871852271426e-01
1.158913999999999942e+04 9.143185653226435505e-01
1.158963999999999942e+04 9.206748273850273723e-01
1.159013999999999942e+04 9.280143226864602246e-01
1.159063999999999942e+04 9.361682844812747595e-01
1.159113999999999942e+04 9.449921531244631634e-01
1.159163999999999942e+04 9.543603400530328296e-01
1.159213999999999942e+04 9.641538586405424827e-01
1.159263999999999942e+04 9.742419601896973314e-01
1.159313999999999942e+04 9.844587615592885754e-01
1.159363999999999942e+04 9.945813145933931620e-01
1.159413999999999942e+04 1.004320955307961949e+00
1.159463999999999942e+04 1.013338556640759780e+00
1.159563999999999942e+04 1.021376454386573540e+00
1.159663999999999942e+04 1.028047144193201312e+00
1.159763999999999942e+04 1.032892588256302258e+00
1.159863999999999942e+04 1.038308303044993330e+00
1.159963999999999942e+04 1.038410445412219829e+00
1.160063999999999942e+04 1.034776650538961285e+00
1.160163999999999942e+04 1.028730796413061865e+00
1.160263999999999942e+04 1.021452125493022445e+00
1.160363999999999942e+04 1.014256623796566226e+00
1.160463999999999942e+04 1.008413912016958847e+00
1.160563999999999942e+04 1.004658474565773174e+00
1.160663999999999942e+04 1.002819268167493449e+00
1.160763999999999942e+04 1.001897427411486685e+00
1.160863999999999942e+04 1.000692462227379398e+00
1.160963999999999942e+04 9.986407038261214675e-01
1.161063999999999942e+04 9.961290863966459908e-01
1.161163999999999942e+04 9.940541073909956449e-01
1.161263999999999942e+04 9.932655195151137706e-01
1.161363999999999942e+04 9.943598494721065384e-01
1.161463999999999942e+04 9.976745548689919252e-01
1.161563999999999942e+04 1.003301228089771291e+00
1.161663999999999942e+04 1.011121261929638138e+00
1.161763999999999942e+04 1.020850393695575953e+00
1.161863999999999942e+04 1.031997651784844816e+00
1.161963999999999942e+04 1.043731647498896908e+00
1.162063999999999942e+04 1.054843012300979543e+00
1.162163999999999942e+04 1.063986468822724962e+00
1.162263999999999942e+04 1.070104948373847620e+00
1.162363999999999942e+04 1.072712715370254255e+00
1.162463999999999942e+04 1.071867517785617396e+00
1.162563999999999942e+04 1.067990134219192422e+00
1.162663999999999942e+04 1.061752216858893760e+00
1.162763999999999942e+04 1.054028180817301763e+00
1.162863999999999942e+04 1.045761420061212865e+00
1.162963999999999942e+04 1.037750010069141471e+00
1.163063999999999942e+04 1.030499795772135574e+00
1.163163999999999942e+04 1.024209518225458027e+00
1.163263999999999942e+04 1.018836758089704642e+00
1.163363999999999942e+04 1.014193170462562854e+00
1.163463999999999942e+04 1.010045942225452631e+00
1.163563999999999942e+04 1.006202478953680757e+00
1.163663999999999942e+04 1.002550851263321219e+00
1.163763999999999942e+04 9.990489433522814489e-01
1.163863999999999942e+04 9.956849172653798874e-01
1.163963999999999942e+04 9.924435202526677990e-01
1.164063999999999942e+04 9.892940950456025062e-01
1.164163999999999942e+04 9.862033284241501496e-01
1.164263999999999942e+04 9.831609760040160850e-01
1.164363999999999942e+04 9.801964050201761314e-01
1.164463999999999942e+04 9.773697158604742752e-01
1.164563999999999942e+04 9.747397188791767642e-01
1.164663999999999942e+04 9.723345671620103881e-01
1.164763999999999942e+04 9.701435610187119085e-01
1.164863999999999942e+04 9.681314901210475998e-01
1.164963999999999942e+04 9.662644341743590326e-01
1.165063999999999942e+04 9.645353359361394929e-01
1.165163999999999942e+04 9.629815304958058153e-01
1.165263999999999942e+04 9.616899054090177756e-01
1.165363999999999942e+04 9.607878704626449107e-01
1.165463999999999942e+04 9.604240071710782312e-01
1.165563999999999942e+04 9.607450758248419209e-01
1.165663999999999942e+04 9.618727948861965915e-01
1.165763999999999942e+04 9.638798615414487791e-01
