1.151500000000000000e+04 1.027938740872871674e-02
1.151549699999999939e+04 9.284932169334394678e-03
1.151600699999999961e+04 9.525883358055453956e-03
1.151650500000000102e+04 8.645039933622989878e-03
1.151700300000000061e+04 7.350737649141974098e-03
1.151749899999999980e+04 7.561255466916135329e-03
1.151799600000000100e+04 6.016496880995334494e-03
1.151850000000000000e+04 6.029641826583956310e-03
1.151900200000000041e+04 5.725100102229868128e-03
1.151950100000000020e+04 4.418929235541070415e-03
1.151999899999999980e+04 2.666293943256241479e-03
1.152050000000000000e+04 2.894268232063907775e-03
1.152099799999999959e+04 2.310578199526871785e-03
1.152149799999999959e+04 2.648721649163203809e-03
1.152200200000000041e+04 1.531998033313038002e-03
1.152250000000000000e+04 7.436848983389364324e-04
1.152300200000000041e+04 4.338397251686648541e-04
1.152350200000000041e+04 -1.513002869246506425e-03
1.152400200000000041e+04 -8.682012955408723509e-04
1.152449899999999980e+04 -9.182192948739892249e-04
1.152500000000000000e+04 5.817510154056431180e-05
1.152549899999999980e+04 -3.056909020647128987e-03
1.152600500000000102e+04 -2.360215227784227821e-03
1.152650100000000020e+04 -3.335518641419964441e-03
1.152700500000000102e+04 -2.506253560523027685e-03
1.152750500000000102e+04 -3.615797142514854973e-03
1.152800000000000000e+04 -4.198888737746862311e-03
1.152850000000000000e+04 -4.151264709932089673e-03
1.152900200000000041e+04 -5.220927066430711833e-03
1.152950000000000000e+04 -5.274765279730671622e-03
1.152999600000000100e+04 -6.512326472942352520e-03
1.153050500000000102e+04 -5.538691997004681171e-03
1.153100200000000041e+04 -6.411608336384014457e-03
1.153150100000000020e+04 -5.814837347400710413e-03
1.153199699999999939e+04 -6.048103569001916750e-03
1.153250300000000061e+04 -7.139514613139481478e-03
1.153299899999999980e+04 -5.780741746328927309e-03
1.153350000000000000e+04 -7.085080188450665339e-03
1.153400000000000000e+04 -6.915300449414698257e-03
1.153450200000000041e+04 -6.308790664185612643e-03
1.153500300000000061e+04 -6.997814297899565897e-03
1.153550200000000041e+04 -5.767591256024729926e-03
1.153599600000000100e+04 -5.373337228677490737e-03
1.153650100000000020e+04 -5.729520939919595379e-03
1.153699699999999939e+04 -5.135321818334107058e-03
1.153750000000000000e+04 -4.446384847024341565e-03
1.153799899999999980e+04 -5.022404321112890029e-03
1.153850000000000000e+04 -4.298151095393068499e-03
1.153899899999999980e+04 -3.269311190441503718e-03
1.153950000000000000e+04 -2.103541118000593242e-03
1.154000300000000061e+04 -1.285309445948019502e-03
1.154050000000000000e+04 -1.236497913858013815e-04
1.154100100000000020e+04 -1.106198158276056184e-03
1.154149799999999959e+04 1.353714133533722060e-03
1.154200100000000020e+04 1.524382434604427006e-03
1.154250300000000061e+04 1.953065620670705075e-03
1.154299899999999980e+04 5.422869820087785307e-03
1.154350100000000020e+04 6.214268808140652710e-03
1.154400100000000020e+04 7.661842553837281029e-03
1.154450000000000000e+04 1.010022023919451145e-02
1.154500300000000061e+04 1.320026166819966880e-02
1.154549600000000100e+04 1.716514441261126483e-02
1.154599799999999959e+04 1.807707981281587994e-02
1.154650100000000020e+04 2.048127344496929528e-02
1.154699899999999980e+04 2.245160432188867197e-02
1.154749600000000100e+04 2.508592382057628703e-02
1.154800300000000061e+04 2.797154083901551638e-02
1.154850400000000081e+04 3.107951591300953109e-02
1.154899899999999980e+04 3.572496139988701191e-02
1.154950200000000041e+04 3.997318267261656261e-02
1.154999899999999980e+04 4.383834633376356565e-02
1.155049899999999980e+04 4.958881303578908245e-02
1.155100000000000000e+04 5.431715229433368292e-02
1.155150100000000020e+04 6.159259456667624810e-02
1.155200200000000041e+04 6.869219077825616804e-02
1.155249899999999980e+04 7.714443765516972029e-02
1.155300000000000000e+04 8.643199538814658189e-02
1.155350200000000041e+04 9.637609946520840631e-02
1.155400200000000041e+04 1.084520069411437360e-01
1.155449899999999980e+04 1.238217631701840210e-01
1.155499699999999939e+04 1.385714809351648591e-01
1.155550000000000000e+04 1.569191158974833356e-01
1.155599899999999980e+04 1.780917394848178514e-01
1.155650000000000000e+04 2.017213927754448188e-01
1.155700000000000000e+04 2.292137356453575470e-01
1.155749899999999980e+04 2.604707581016927342e-01
1.155799899999999980e+04 2.957947606476614699e-01
1.155850400000000081e+04 3.389529216972643200e-01
1.155900000000000000e+04 3.905781612743484676e-01
1.155949400000000060e+04 4.507247333368735731e-01
1.156000300000000061e+04 5.216635502802647872e-01
1.156049899999999980e+04 6.035177635829189757e-01
1.156099699999999939e+04 6.980241466593988253e-01
1.156150000000000000e+04 8.082257111808448524e-01
1.156200000000000000e+04 9.226814522866753077e-01
1.156249699999999939e+04 1.036545788193704798e+00
1.156300599999999940e+04 1.142136609425061566e+00
1.156349799999999959e+04 1.222093129698186509e+00
1.156399799999999959e+04 1.279018553689638127e+00
1.156449500000000080e+04 1.308518673501198881e+00
1.156500100000000020e+04 1.310834717186416754e+00
1.156550100000000020e+04 1.295169810429829926e+00
1.156600100000000020e+04 1.271428157184194996e+00
1.156649799999999959e+04 1.240355079511071601e+00
1.156699600000000100e+04 1.209294273477902859e+00
1.156750000000000000e+04 1.174920957313280834e+00
1.156799899999999980e+04 1.150009684973833712e+00
1.156849899999999980e+04 1.122098252142736285e+00
1.156900200000000041e+04 1.100298717979129481e+00
1.156950200000000041e+04 1.084187217775407275e+00
1.156999899999999980e+04 1.067597748096865917e+00
1.157049600000000100e+04 1.053523118029029870e+00
1.157100100000000020e+04 1.045522061280944603e+00
1.157149799999999959e+04 1.030801101695093980e+00
1.157199699999999939e+04 1.023711018304690024e+00
1.157250100000000020e+04 1.016022398544846883e+00
1.157300000000000000e+04 1.007363977005703237e+00
1.157349899999999980e+04 1.002101113539311417e+00
1.157400200000000041e+04 9.995221732327990161e-01
1.157449799999999959e+04 9.995209031952443368e-01
1.157499500000000080e+04 1.000824031146618776e+00
1.157550000000000000e+04 1.003853912580744856e+00
1.157600100000000020e+04 1.002448797016571858e+00
1.157649699999999939e+04 1.008589448524112253e+00
1.157699500000000080e+04 1.011859935660334830e+00
1.157749899999999980e+04 1.020065373504609019e+00
1.157800300000000061e+04 1.020174276688288195e+00
1.157850200000000041e+04 1.021758372551620608e+00
1.157900000000000000e+04 1.025455891258263419e+00
1.157950000000000000e+04 1.023730388883474340e+00
1.158000300000000061e+04 1.021255444824444192e+00
1.158050300000000061e+04 1.015337099110149799e+00
1.158100100000000020e+04 1.007805450609346343e+00
1.158150100000000020e+04 1.004245802681753563e+00
1.158199899999999980e+04 9.964696743812148094e-01
1.158249899999999980e+04 9.922828508106357193e-01
1.158299699999999939e+04 9.855684018338591867e-01
1.158349899999999980e+04 9.796037967695989668e-01
1.158400000000000000e+04 9.769155619812244229e-01
1.158449899999999980e+04 9.749432207484752810e-01
1.158499899999999980e+04 9.714872241417226162e-01
1.158550100000000020e+04 9.769942452205948591e-01
1.158599899999999980e+04 9.768374934077954652e-01
1.158650100000000020e+04 1.002101468922739880e+00
1.158700200000000041e+04 1.003460786578998176e+00
1.158749799999999959e+04 1.002617652072783194e+00
1.158800200000000041e+04 1.005209955561397583e+00
1.158850100000000020e+04 1.008172594111921505e+00
1.158900000000000000e+04 1.008543742800857457e+00
1.158950000000000000e+04 1.015134326535103826e+00
1.159000100000000020e+04 1.021181841690164127e+00
1.159049799999999959e+04 1.025919651798112620e+00
1.159100000000000000e+04 1.032711042688698955e+00
1.159150300000000061e+04 1.036381111809747457e+00
1.159200000000000000e+04 1.039671075543631584e+00
1.159249899999999980e+04 1.041090264629711770e+00
1.159300200000000041e+04 1.039987222880273121e+00
1.159350000000000000e+04 1.040883996138173506e+00
1.159400000000000000e+04 1.038847579407711663e+00
1.159450100000000020e+04 1.035052823297303526e+00
1.159500000000000000e+04 1.030823970136830248e+00
1.159549799999999959e+04 1.027499831126486907e+00
1.159599699999999939e+04 1.019822076526519572e+00
1.159649799999999959e+04 1.015289028589438702e+00
1.159700100000000020e+04 1.012895202414727081e+00
1.159749699999999939e+04 1.004968342281076676e+00
1.159800200000000041e+04 1.000743708777374952e+00
1.159849799999999959e+04 9.949814591199979130e-01
1.159900100000000020e+04 9.878392943722792419e-01
1.159949500000000080e+04 9.846522026438763175e-01
1.160000000000000000e+04 9.844941189891279754e-01
1.160049699999999939e+04 9.788086696278683885e-01
1.160100200000000041e+04 9.752541199183765164e-01
1.160150000000000000e+04 9.703051040328111165e-01
1.160200500000000102e+04 9.677337990949501645e-01
1.160249799999999959e+04 9.648074326784046306e-01
1.160299899999999980e+04 9.596942419808045521e-01
1.160349899999999980e+04 9.584657061790436972e-01
1.160399799999999959e+04 9.546836413029871071e-01
1.160449899999999980e+04 9.519641006600202404e-01
1.160499500000000080e+04 9.507721601634231412e-01
1.160549500000000080e+04 9.483980145661918826e-01
1.160599699999999939e+04 9.467566847585248135e-01
1.160649799999999959e+04 9.438151799805701847e-01
1.160700000000000000e+04 9.418328534528800366e-01
1.160749699999999939e+04 9.433025598095708952e-01
1.160800300000000061e+04 9.393419499081822055e-01
