1.151500000000000000e+04 1.273402509861186992e-02
1.151550300000000061e+04 1.111747644128621877e-02
1.151600000000000000e+04 1.003721318210827954e-02
1.151649600000000100e+04 9.510214244769995412e-03
1.151699600000000100e+04 9.012112031970366532e-03
1.151749899999999980e+04 8.632534901103210145e-03
1.151800000000000000e+04 7.024087242844079086e-03
1.151850100000000020e+04 6.411215843805212825e-03
1.151899899999999980e+04 6.378715722836192890e-03
1.151949899999999980e+04 5.992532966373556765e-03
1.152000000000000000e+04 4.908472702955185042e-03
1.152050000000000000e+04 4.901730049623518812e-03
1.152100000000000000e+04 3.731531749048048584e-03
1.152150000000000000e+04 2.855300559604789009e-03
1.152200200000000041e+04 2.081599027705961173e-03
1.152250200000000041e+04 1.355852185438095056e-03
1.152300000000000000e+04 1.121780511597612320e-03
1.152349799999999959e+04 4.388870500218682675e-04
1.152399799999999959e+04 -3.705686456471388006e-05
1.152450200000000041e+04 4.187012992451758951e-04
1.152499699999999939e+04 -7.315795231024668638e-06
1.152549899999999980e+04 -2.043449636348491829e-03
1.152600300000000061e+04 -2.382924842457379705e-03
1.152649899999999980e+04 -3.011536718092327775e-03
1.152700000000000000e+04 -2.755415657468572414e-03
1.152749799999999959e+04 -2.830547735329279769e-03
1.152800100000000020e+04 -3.321462729632780261e-03
1.152850500000000102e+04 -3.824179118421825764e-03
1.152900200000000041e+04 -4.514305143479869185e-03
1.152950000000000000e+04 -4.400893725041753538e-03
1.153000300000000061e+04 -4.928526834454893119e-03
1.153050000000000000e+04 -4.773473096297316774e-03
1.153099899999999980e+04 -6.029911458890668298e-03
1.153150100000000020e+04 -6.088166970654989435e-03
1.153199699999999939e+04 -6.399233154120059427e-03
1.153250100000000020e+04 -6.337556941267151293e-03
1.153300400000000081e+04 -5.674462320265199686e-03
1.153350100000000020e+04 -6.624031143443842584e-03
1.153399899999999980e+04 -5.418335626907860511e-03
1.153450200000000041e+04 -6.410087180418981047e-03
1.153500400000000081e+04 -6.629001475484048653e-03
1.153550200000000041e+04 -5.293602112265737188e-03
1.153600000000000000e+04 -6.462340170951058442e-03
1.153650100000000020e+04 -5.793478784139272954e-03
1.153699699999999939e+04 -4.736991112448588059e-03
1.153750200000000041e+04 -5.424468485462659653e-03
1.153799799999999959e+04 -3.745526257634316115e-03
1.153849899999999980e+04 -4.607452848602515243e-03
1.153900000000000000e+04 -3.462813511525460360e-03
1.153949799999999959e+04 -3.149583814970001276e-03
1.153999699999999939e+04 -3.447459177806412329e-03
1.154050300000000061e+04 -1.715049811381940976e-03
1.154100000000000000e+04 -1.620887880333124866e-03
1.154149799999999959e+04 -1.116677684568184896e-05
1.154199799999999959e+04 -4.522624797516754396e-04
1.154249699999999939e+04 2.445754015572068878e-03
1.154299600000000100e+04 3.292872795265628164e-03
1.154350300000000061e+04 5.524019138046267798e-03
1.154399899999999980e+04 6.757874146383267139e-03
1.154450000000000000e+04 7.613241299496138585e-03
1.154500100000000020e+04 1.032042110402059919e-02
1.154550000000000000e+04 1.116599833923184910e-02
1.154600000000000000e+04 1.449540579199782957e-02
1.154649699999999939e+04 1.748431691822810788e-02
1.154699899999999980e+04 1.965401365241014123e-02
1.154750000000000000e+04 2.243159917850989782e-02
1.154800000000000000e+04 2.458802325939618214e-02
1.154850599999999940e+04 2.958686348140225630e-02
1.154900500000000102e+04 3.349704422018975197e-02
1.154950000000000000e+04 3.910404188504950501e-02
1.155000400000000081e+04 4.322317809335902289e-02
1.155049899999999980e+04 4.999385123680137599e-02
1.155100000000000000e+04 5.596426460172211625e-02
1.155150100000000020e+04 6.194719010542563964e-02
1.155199799999999959e+04 6.775475419690842049e-02
1.155249899999999980e+04 7.704360531478508800e-02
1.155300000000000000e+04 8.775844867809140526e-02
1.155350100000000020e+04 9.620492902131276558e-02
1.155399799999999959e+04 1.092157148017594420e-01
1.155450300000000061e+04 1.223824919557967711e-01
1.155500000000000000e+04 1.361271944537663370e-01
1.155550000000000000e+04 1.539892384747465759e-01
1.155599899999999980e+04 1.749514032773790417e-01
1.155650000000000000e+04 1.978415013612027373e-01
1.155700500000000102e+04 2.249605783893993127e-01
1.155750300000000061e+04 2.549511888673684501e-01
1.155799699999999939e+04 2.903383144782730185e-01
1.155850200000000041e+04 3.326659499556278710e-01
1.155900000000000000e+04 3.838409642076389683e-01
1.155949799999999959e+04 4.437681880444450111e-01
1.156000100000000020e+04 5.113225008689329387e-01
1.156049899999999980e+04 5.941969635820812945e-01
1.156100599999999940e+04 6.882191002433918348e-01
1.156150200000000041e+04 8.002132730520229442e-01
1.156199799999999959e+04 9.164051741169729759e-01
1.156250200000000041e+04 1.035855951311983825e+00
1.156299799999999959e+04 1.146798583245750347e+00
1.156350200000000041e+04 1.239852656756252225e+00
1.156399799999999959e+04 1.296604632616445985e+00
1.156450000000000000e+04 1.330415884602610399e+00
1.156500200000000041e+04 1.337726062863229703e+00
1.156549500000000080e+04 1.324028551982729507e+00
1.156600100000000020e+04 1.301817476506120785e+00
1.156650000000000000e+04 1.265557321686158421e+00
1.156700200000000041e+04 1.232869629726622840e+00
1.156750200000000041e+04 1.200660057592388474e+00
1.156799899999999980e+04 1.168546458733670912e+00
1.156849899999999980e+04 1.142964457096437236e+00
1.156899799999999959e+04 1.117616091244771681e+00
1.156950400000000081e+04 1.100141593668322537e+00
1.156999899999999980e+04 1.088477171046115188e+00
1.157049799999999959e+04 1.071193839155936134e+00
1.157100599999999940e+04 1.055850155339530083e+00
1.157150300000000061e+04 1.041499494355412558e+00
1.157199699999999939e+04 1.034237376463862379e+00
1.157250100000000020e+04 1.026401081449103359e+00
1.157300200000000041e+04 1.018325376775810698e+00
1.157349899999999980e+04 1.014324077471968399e+00
1.157400000000000000e+04 1.008730479803949587e+00
1.157450000000000000e+04 1.010239535708577385e+00
1.157500200000000041e+04 1.011022551227877653e+00
1.157550000000000000e+04 1.015959997532845271e+00
1.157600300000000061e+04 1.015489938137625003e+00
1.157650100000000020e+04 1.024786613043368488e+00
1.157700000000000000e+04 1.029121275142790060e+00
1.157749899999999980e+04 1.034133289635315700e+00
1.157800100000000020e+04 1.037758293522425435e+00
1.157850000000000000e+04 1.039225403593909469e+00
1.157900200000000041e+04 1.040338403623848551e+00
1.157950000000000000e+04 1.037169096768123522e+00
1.158000100000000020e+04 1.035289471946143847e+00
1.158049899999999980e+04 1.024871674478545547e+00
1.158099899999999980e+04 1.021684811987299657e+00
1.158150400000000081e+04 1.010381275927664468e+00
1.158200000000000000e+04 1.005448518134576918e+00
1.158249899999999980e+04 1.001876098434015594e+00
1.158300400000000081e+04 9.927747895325113037e-01
1.158349899999999980e+04 9.874326678040811212e-01
1.158400200000000041e+04 9.861591411087484715e-01
1.158449699999999939e+04 9.855197188355393489e-01
1.158500100000000020e+04 9.811921486981786122e-01
1.158550400000000081e+04 9.763785245093760112e-01
1.158600500000000102e+04 9.781240893057318031e-01
1.158650300000000061e+04 9.804766415403406432e-01
1.158700000000000000e+04 9.816003966883555254e-01
1.158750200000000041e+04 9.848961916239931114e-01
1.158800200000000041e+04 9.879013237403563297e-01
1.158849799999999959e+04 9.894005415939893799e-01
1.158900000000000000e+04 9.980068225586189445e-01
1.158950000000000000e+04 1.005467355545174968e+00
1.159000300000000061e+04 1.009093889798587718e+00
1.159049799999999959e+04 1.016258746595896767e+00
1.159099899999999980e+04 1.027337022097942754e+00
1.159150100000000020e+04 1.026804983886751899e+00
1.159200000000000000e+04 1.032889281188815733e+00
1.159249899999999980e+04 1.035187287400920253e+00
1.159299600000000100e+04 1.034323556541135281e+00
1.159349899999999980e+04 1.034491396936888075e+00
1.159399799999999959e+04 1.032873334102457630e+00
1.159450100000000020e+04 1.026900252862412710e+00
1.159500000000000000e+04 1.024775640725014592e+00
1.159549600000000100e+04 1.015851814386501850e+00
1.159600100000000020e+04 1.013663946573107211e+00
1.159649600000000100e+04 1.011970861624537976e+00
1.159699600000000100e+04 1.003365465704114667e+00
1.159749899999999980e+04 1.004350419504163927e+00
1.159800200000000041e+04 9.961629788343466796e-01
1.159849799999999959e+04 9.910723544960280407e-01
1.159900100000000020e+04 9.849708396107840214e-01
1.159949899999999980e+04 9.891459634412451685e-01
1.160000000000000000e+04 9.830414017770894297e-01
1.160050400000000081e+04 9.802320861083010373e-01
1.160099600000000100e+04 9.777184907306313288e-01
1.160150100000000020e+04 9.769868803751894371e-01
1.160200900000000001e+04 9.720723686432481969e-01
1.160249899999999980e+04 9.707422902238157514e-01
1.160300100000000020e+04 9.661817099589589120e-01
1.160349799999999959e+04 9.625569239513132036e-01
1.160400100000000020e+04 9.618576616746234986e-01
1.160449799999999959e+04 9.605324011904643466e-01
1.160499799999999959e+04 9.547950789622672296e-01
1.160550000000000000e+04 9.563016893862748002e-01
1.160600000000000000e+04 9.559762230204971178e-01
1.160649799999999959e+04 9.521001783626622528e-01
1.160699899999999980e+04 9.498517154157630760e-01
1.160750300000000061e+04 9.531012664441599336e-01
1.160800000000000000e+04 9.528158374572944789e-01
