1.151500100000000020e+04 6.774908791020638156e-04
1.151550300000000061e+04 1.289843838174477460e-03
1.151600200000000041e+04 -1.957875392721640344e-04
1.151650000000000000e+04 5.859970846731787269e-04
1.151699699999999939e+04 -5.881081241223467977e-06
1.151750200000000041e+04 4.382887031420517200e-05
1.151800000000000000e+04 9.024301021856060779e-04
1.151849799999999959e+04 -5.406673458089030979e-04
1.151900100000000020e+04 -2.528900591602116954e-04
1.151950200000000041e+04 -6.516697744371320692e-06
1.152000200000000041e+04 -3.067336158675648509e-04
1.152050000000000000e+04 -7.703439077454172926e-04
1.152100000000000000e+04 4.012842946684105102e-04
1.152149799999999959e+04 1.209000842542993495e-03
1.152200200000000041e+04 1.734080459082089874e-04
1.152250000000000000e+04 4.116263609388127521e-04
1.152300200000000041e+04 4.950246291502252401e-04
1.152349799999999959e+04 -2.058186450718499133e-04
1.152400000000000000e+04 9.443902718041928979e-04
1.152450000000000000e+04 2.107730127005724827e-04
1.152500100000000020e+04 3.605287112741916052e-04
1.152550100000000020e+04 4.757142302525171592e-04
1.152599899999999980e+04 1.728090284406287635e-03
1.152650100000000020e+04 1.666763904663024539e-03
1.152700000000000000e+04 9.864086751298504954e-04
1.152750000000000000e+04 1.875438058953812423e-03
1.152799799999999959e+04 1.116086068398444101e-03
1.152849899999999980e+04 7.768862643228542555e-04
1.152900000000000000e+04 5.880386184807477731e-04
1.152949699999999939e+04 1.108316119015480879e-03
1.153000000000000000e+04 1.892719584551494187e-03
1.153050200000000041e+04 2.233354115027005177e-03
1.153099699999999939e+04 1.951090333532307401e-03
1.153150000000000000e+04 1.703060199686660383e-03
1.153199899999999980e+04 2.331082394618835384e-03
1.153250200000000041e+04 1.786876713134407388e-03
1.153300000000000000e+04 2.500962055082486986e-03
1.153350000000000000e+04 1.510684387234518091e-03
1.153400200000000041e+04 3.105065391963775841e-03
1.153449799999999959e+04 1.283919189240173347e-03
1.153500100000000020e+04 1.537228189667423932e-04
1.153550599999999940e+04 4.961146149299891587e-05
1.153600100000000020e+04 -1.537295129133203417e-03
1.153650000000000000e+04 -2.887894597646939107e-03
1.153700000000000000e+04 -3.540481211555847330e-03
1.153750200000000041e+04 -4.683758047940730918e-03
1.153800100000000020e+04 -6.033454430031151908e-03
1.153849899999999980e+04 -7.240422928685357612e-03
1.153899899999999980e+04 -8.221437899441751823e-03
1.153950000000000000e+04 -8.468396068770488866e-03
1.154000300000000061e+04 -9.116740725893078198e-03
1.154050100000000020e+04 -9.193566755102113019e-03
1.154100500000000102e+04 -9.042746428054582175e-03
1.154150100000000020e+04 -7.212591904655794688e-03
1.154200100000000020e+04 -6.242717601704010459e-03
1.154250300000000061e+04 -4.947059991047908847e-03
1.154300599999999940e+04 -1.870857107453888744e-03
1.154350500000000102e+04 -5.307177770996848070e-05
1.154399799999999959e+04 2.709440317385743147e-03
1.154450300000000061e+04 4.923408057993882044e-03
1.154500100000000020e+04 7.730454915040526308e-03
1.154550200000000041e+04 1.011902634881392538e-02
1.154599799999999959e+04 1.396045406960806298e-02
1.154650400000000081e+04 1.696237423894367616e-02
1.154699899999999980e+04 2.045529936396928497e-02
1.154750000000000000e+04 2.389247861303728238e-02
1.154799799999999959e+04 2.797531133483837501e-02
1.154850200000000041e+04 3.205134299281642285e-02
1.154900100000000020e+04 3.669410761274392863e-02
1.154949799999999959e+04 4.045072723446768714e-02
1.154999899999999980e+04 4.435900870404905355e-02
1.155049600000000100e+04 4.843409284996369468e-02
1.155100200000000041e+04 5.359836335487198206e-02
1.155150100000000020e+04 5.883576982788561033e-02
1.155200000000000000e+04 6.378283237299191277e-02
1.155250100000000020e+04 7.023042674925117357e-02
1.155300200000000041e+04 7.623741394850122588e-02
1.155350100000000020e+04 8.352862562625003318e-02
1.155400200000000041e+04 9.196309855114664922e-02
1.155450300000000061e+04 1.005249326184610575e-01
1.155500000000000000e+04 1.116778663870625909e-01
1.155550100000000020e+04 1.243847182066883522e-01
1.155599699999999939e+04 1.397910679497882946e-01
1.155650000000000000e+04 1.569749687026631979e-01
1.155700000000000000e+04 1.765720556235530203e-01
1.155750100000000020e+04 1.996954655664970602e-01
1.155800200000000041e+04 2.278820603432815672e-01
1.155850000000000000e+04 2.621646867435158956e-01
1.155900000000000000e+04 3.015161918249893991e-01
1.155950300000000061e+04 3.507167634786855781e-01
1.156000100000000020e+04 4.113421318187297504e-01
1.156049699999999939e+04 4.863699673023848535e-01
1.156100000000000000e+04 5.774794224662163078e-01
1.156150000000000000e+04 6.856556762141334804e-01
1.156200200000000041e+04 8.124334704076791036e-01
1.156250000000000000e+04 9.509911253882371573e-01
1.156300000000000000e+04 1.086233404560535964e+00
1.156350400000000081e+04 1.207131625019727483e+00
1.156399799999999959e+04 1.287892209129854582e+00
1.156450000000000000e+04 1.332371002374715507e+00
1.156499899999999980e+04 1.337663018295500272e+00
1.156550100000000020e+04 1.319095212040444443e+00
1.156600100000000020e+04 1.289312603334783480e+00
1.156649799999999959e+04 1.246924099931689955e+00
1.156699799999999959e+04 1.208525748627513163e+00
1.156749699999999939e+04 1.173091573831523959e+00
1.156799699999999939e+04 1.137534591414249618e+00
1.156849799999999959e+04 1.110715878744729324e+00
1.156899600000000100e+04 1.085629149838471141e+00
1.156950000000000000e+04 1.068223600614861768e+00
1.157000300000000061e+04 1.049514202535395402e+00
1.157050500000000102e+04 1.035909145431241463e+00
1.157099899999999980e+04 1.019855886636936715e+00
1.157150000000000000e+04 1.008955263121670720e+00
1.157200000000000000e+04 9.955708082648044854e-01
1.157250100000000020e+04 9.876612195647940240e-01
1.157299600000000100e+04 9.811859294594391656e-01
1.157349600000000100e+04 9.760577546396588255e-01
1.157399899999999980e+04 9.749756546950638647e-01
1.157450300000000061e+04 9.737696329974123710e-01
1.157500200000000041e+04 9.782426287479111249e-01
1.157549799999999959e+04 9.821324491191492090e-01
1.157600100000000020e+04 9.883410687943915418e-01
1.157650100000000020e+04 9.962160282763434793e-01
1.157700200000000041e+04 1.003948974228425994e+00
1.157750100000000020e+04 1.011753518430921650e+00
1.157799899999999980e+04 1.018880926862300695e+00
1.157850200000000041e+04 1.021882609295828637e+00
1.157899799999999959e+04 1.025435514050057284e+00
1.157950100000000020e+04 1.021641154884653568e+00
1.158000300000000061e+04 1.018552834072001367e+00
1.158049899999999980e+04 1.010056936246945813e+00
1.158100200000000041e+04 1.001544829721860097e+00
1.158150100000000020e+04 9.896281706150200641e-01
1.158200200000000041e+04 9.813786979239879082e-01
1.158250000000000000e+04 9.706100563690164273e-01
1.158299899999999980e+04 9.663207873942196713e-01
1.158350000000000000e+04 9.611071163465955136e-01
1.158400200000000041e+04 9.597037806245425351e-01
1.158450400000000081e+04 9.597091357180852489e-01
1.158500100000000020e+04 9.587928418899391847e-01
1.158550300000000061e+04 9.588339735835128552e-01
1.158600300000000061e+04 9.618510654373221280e-01
1.158650300000000061e+04 9.615079103651509307e-01
1.158700000000000000e+04 9.658565188553851488e-01
1.158750200000000041e+04 9.701911066467193701e-01
1.158800100000000020e+04 9.758903911989906810e-01
1.158849899999999980e+04 9.849785754214543942e-01
1.158900200000000041e+04 9.931990280100806423e-01
1.158950000000000000e+04 1.005879097210993889e+00
1.158999699999999939e+04 1.017825563112893850e+00
1.159050200000000041e+04 1.028956916428753310e+00
1.159100400000000081e+04 1.042178443928735820e+00
1.159149600000000100e+04 1.052921926497493832e+00
1.159199500000000080e+04 1.060817000811394406e+00
1.159250599999999940e+04 1.067261405620128611e+00
1.159300000000000000e+04 1.069114359945930737e+00
1.159349899999999980e+04 1.066729408023795456e+00
1.159400200000000041e+04 1.064485143747743834e+00
1.159450300000000061e+04 1.058736987265803231e+00
1.159499799999999959e+04 1.050424447763357305e+00
1.159550699999999961e+04 1.043631542481891827e+00
1.159600200000000041e+04 1.033507853349040273e+00
1.159649799999999959e+04 1.026878973961038444e+00
1.159700000000000000e+04 1.017691796274936555e+00
1.159750599999999940e+04 1.011624180073578794e+00
1.159800200000000041e+04 1.004766914119292309e+00
1.159849799999999959e+04 1.000450042377936111e+00
1.159899799999999959e+04 9.953861299927604378e-01
1.159950100000000020e+04 9.935394295003080467e-01
1.160000200000000041e+04 9.892760868580930955e-01
1.160050200000000041e+04 9.897608732020226618e-01
1.160100300000000061e+04 9.861647745193219405e-01
1.160150300000000061e+04 9.859840805012950460e-01
1.160200000000000000e+04 9.821481665134489392e-01
1.160249799999999959e+04 9.803580701047437396e-01
1.160299899999999980e+04 9.766296358350334827e-01
1.160350300000000061e+04 9.725519045668512552e-01
1.160399899999999980e+04 9.687735252841385147e-01
1.160449899999999980e+04 9.673186938607374330e-01
1.160499600000000100e+04 9.615390844496837230e-01
1.160549600000000100e+04 9.607493624349262573e-01
1.160599799999999959e+04 9.564318416421558888e-01
1.160650200000000041e+04 9.562498835467098113e-01
1.160699699999999939e+04 9.568892636186911993e-01
1.160750000000000000e+04 9.558123590286652371e-01
1.160800500000000102e+04 9.586836550976980398e-01
