1.152400000000000000e+04 4.768132526373797427e-03
1.152450000000000000e+04 4.269382557595764217e-03
1.152500000000000000e+04 3.809405011263172769e-03
1.152550000000000000e+04 3.358603488219614411e-03
1.152600000000000000e+04 2.917361564116704564e-03
1.152650000000000000e+04 2.486085158815965011e-03
1.152700000000000000e+04 2.065203281198562096e-03
1.152750000000000000e+04 1.655168029165321247e-03
1.152800000000000000e+04 1.256460548093377583e-03
1.152850000000000000e+04 8.695895412220356517e-04
1.152900000000000000e+04 4.950935040740195563e-04
1.152950000000000000e+04 1.335451932979674452e-04
1.153000000000000000e+04 -2.144476285244581080e-04
1.153050000000000000e+04 -5.482384688431603042e-04
1.153100000000000000e+04 -8.671391259112685599e-04
1.153150000000000000e+04 -1.170417454363867696e-03
1.153200000000000000e+04 -1.457292151568408871e-03
1.153250000000000000e+04 -1.726929778396374361e-03
1.153300000000000000e+04 -1.978439545573667212e-03
1.153350000000000000e+04 -2.210868844838101768e-03
1.153400000000000000e+04 -2.423198035289819349e-03
1.153450000000000000e+04 -2.614332995320422463e-03
1.153500000000000000e+04 -2.783101398577539961e-03
1.153550000000000000e+04 -2.928243031472742893e-03
1.153600000000000000e+04 -3.048400855496499317e-03
1.153650000000000000e+04 -3.142114303954409056e-03
1.153700000000000000e+04 -3.207808854668009035e-03
1.153750000000000000e+04 -3.243781133833069895e-03
1.153800000000000000e+04 -3.248190723141669133e-03
1.153850000000000000e+04 -3.219043774026272755e-03
1.153900000000000000e+04 -3.154177366710995099e-03
1.153950000000000000e+04 -3.051238655613164839e-03
1.154000000000000000e+04 -2.907669973198998264e-03
1.154050000000000000e+04 -2.720681272132019577e-03
1.154100000000000000e+04 -2.487223312202090780e-03
1.154150000000000000e+04 -2.203961592088045200e-03
1.154200000000000000e+04 -1.867239853807827529e-03
1.154250000000000000e+04 -1.473038373521730988e-03
1.154300000000000000e+04 -1.016935231563951235e-03
1.154350000000000000e+04 -4.940489622970083237e-04
1.154400000000000000e+04 1.010173064196466942e-04
1.154450000000000000e+04 7.742466099027254644e-04
1.154500000000000000e+04 1.532289330617467261e-03
1.154550000000000000e+04 2.382552575027804473e-03
1.154600000000000000e+04 3.333312639466306897e-03
1.154650000000000000e+04 4.393843861759914003e-03
1.154700000000000000e+04 5.574566837839977501e-03
1.154750000000000000e+04 6.887227920249739364e-03
1.154800000000000000e+04 8.345115212199213234e-03
1.154850000000000000e+04 9.963308822745733234e-03
1.154900000000000000e+04 1.175898474808489275e-02
1.154950000000000000e+04 1.375178578547900203e-02
1.155000000000000000e+04 1.596426394866578419e-02
1.155050000000000000e+04 1.842242641145199269e-02
1.155100000000000000e+04 2.115638348987761500e-02
1.155150000000000000e+04 2.420118580537990172e-02
1.155200000000000000e+04 2.759784988414984083e-02
1.155250000000000000e+04 3.139457219268133870e-02
1.155300000000000000e+04 3.564837516142984469e-02
1.155350000000000000e+04 4.042708837165947394e-02
1.155400000000000000e+04 4.581191813988743505e-02
1.155450000000000000e+04 5.190073956520145637e-02
1.155500000000000000e+04 5.881232703350712521e-02
1.155550000000000000e+04 6.669193282258686906e-02
1.155600000000000000e+04 7.571850428277286660e-02
1.155650000000000000e+04 8.611432908869201541e-02
1.155700000000000000e+04 9.815774909621566291e-02
1.155750000000000000e+04 1.122001940805019415e-01
1.155800000000000000e+04 1.286888983520994012e-01
1.155850000000000000e+04 1.481970803400458059e-01
1.155900000000000000e+04 1.714635588807389144e-01
1.155904000000000087e+04 1.734549797677412963e-01
1.155909000000000015e+04 1.759197535854055139e-01
1.155910000000000036e+04 1.765436171318776892e-01
1.155910000000000036e+04 1.766967523104787940e-01
1.155912999999999920e+04 1.780574173436218210e-01
1.155913999999999942e+04 1.786354454620606713e-01
1.155918000000000029e+04 1.808024471713667869e-01
1.155920999999999913e+04 1.822875127257601591e-01
1.155921999999999935e+04 1.829882180192266838e-01
1.155926000000000022e+04 1.848152748786309751e-01
1.155926000000000022e+04 1.852559651767493598e-01
1.155928000000000065e+04 1.860194977897165758e-01
1.155929999999999927e+04 1.870046803850674844e-01
1.155935000000000036e+04 1.899637975614295038e-01
1.155935000000000036e+04 1.901297955583947930e-01
1.155936000000000058e+04 1.905291341671311034e-01
1.155936000000000058e+04 1.906968899088178904e-01
1.155937999999999920e+04 1.917309811436144207e-01
1.155938999999999942e+04 1.922466316686540500e-01
1.155939999999999964e+04 1.927069430272485284e-01
1.155940999999999985e+04 1.932323877654580080e-01
1.155940999999999985e+04 1.932850782605269047e-01
1.155942000000000007e+04 1.941282101710800068e-01
1.155947999999999956e+04 1.980341392461253680e-01
1.155957999999999993e+04 2.042381858697869812e-01
1.155968000000000029e+04 2.106872963687458356e-01
1.155978000000000065e+04 2.173932535910924890e-01
1.155987999999999920e+04 2.243684287825174761e-01
1.155997999999999956e+04 2.316257666901564705e-01
1.156007999999999993e+04 2.391788451471835719e-01
1.156018000000000029e+04 2.470418303843597285e-01
1.156028000000000065e+04 2.552295291665420685e-01
1.156037999999999920e+04 2.637573664484710312e-01
1.156047999999999956e+04 2.726413630305449254e-01
1.156057999999999993e+04 2.818981430069170124e-01
1.156068000000000029e+04 2.915448965251147828e-01
1.156078000000000065e+04 3.015993127534156715e-01
1.156087999999999920e+04 3.120795649847052933e-01
1.156097999999999956e+04 3.230041840192593994e-01
1.156107999999999993e+04 3.343919985802040751e-01
1.156118000000000029e+04 3.462619640078590244e-01
1.156128000000000065e+04 3.586330356425468380e-01
1.156137999999999920e+04 3.715239528305380179e-01
1.156147999999999956e+04 3.849530303780536733e-01
1.156157999999999993e+04 3.989378084919620315e-01
1.156168000000000029e+04 4.134947995453429614e-01
1.156178000000000065e+04 4.286390188490373787e-01
1.156187999999999920e+04 4.443835750077503866e-01
1.156197999999999956e+04 4.607391187627947748e-01
1.156207999999999993e+04 4.777132694906615629e-01
1.156218000000000029e+04 4.953099225324048560e-01
1.156228000000000065e+04 5.135285416269229630e-01
1.156237999999999920e+04 5.323633470712362259e-01
1.156247999999999956e+04 5.518024815365377700e-01
1.156257999999999993e+04 5.718271088516464484e-01
1.156268000000000029e+04 5.924105276825495370e-01
1.156278000000000065e+04 6.135172926600545029e-01
1.156287999999999920e+04 6.351023950919952865e-01
1.156297999999999956e+04 6.571105479484176115e-01
1.156307999999999993e+04 6.794756496005033286e-01
1.156318000000000029e+04 7.021202996959385878e-01
1.156328000000000065e+04 7.249560672894783675e-01
1.156337999999999920e+04 7.478832971931032025e-01
1.156347999999999956e+04 7.709949036096407360e-01
1.156357999999999993e+04 7.939690931189153922e-01
1.156368000000000029e+04 8.166793229971448520e-01
1.156378000000000065e+04 8.389932410252521899e-01
1.156387999999999920e+04 8.607752923137010903e-01
1.156397999999999956e+04 8.818894006079903702e-01
1.156407999999999993e+04 9.022012771906392503e-01
1.156418000000000029e+04 9.215792401689504310e-01
1.156428000000000065e+04 9.398989067596679181e-01
1.156437999999999920e+04 9.570465449208510611e-01
1.156447999999999956e+04 9.729206374467812557e-01
1.156457999999999993e+04 9.874379149052930904e-01
1.156468000000000029e+04 1.000538643768156710e+00
1.156478000000000065e+04 1.012184168547633378e+00
1.156487999999999920e+04 1.022356464912265173e+00
1.156497999999999956e+04 1.031057692802586967e+00
1.156507999999999993e+04 1.038309079220544495e+00
1.156518000000000029e+04 1.044149130692443084e+00
1.156528000000000065e+04 1.048631398847725826e+00
1.156537999999999920e+04 1.051822097036276382e+00
1.156547999999999956e+04 1.053797642465060580e+00
1.156557999999999993e+04 1.054641900411878108e+00
1.156568000000000029e+04 1.054443428439190811e+00
1.156578000000000065e+04 1.053293763337785460e+00
1.156587999999999920e+04 1.051284590859869805e+00
1.156597999999999956e+04 1.048506702989144834e+00
1.156607999999999993e+04 1.045047838000276563e+00
1.156618000000000029e+04 1.040992233574615344e+00
1.156628000000000065e+04 1.036419062705333793e+00
1.156637999999999920e+04 1.031402582658838885e+00
1.156647999999999956e+04 1.026011092244873968e+00
1.156657999999999993e+04 1.020307304220005040e+00
1.156668000000000029e+04 1.014348270806987085e+00
1.156678000000000065e+04 1.008185383694702786e+00
1.156687999999999920e+04 1.001864746441743392e+00
1.156697999999999956e+04 9.954275468799166360e-01
1.156707999999999993e+04 9.889101315950067361e-01
1.156718000000000029e+04 9.823449741759118226e-01
1.156728000000000065e+04 9.757603028111881960e-01
1.156737999999999920e+04 9.691812174996023987e-01
1.156747999999999956e+04 9.626295410887630855e-01
1.156757999999999993e+04 9.561244896014596817e-01
1.156768000000000029e+04 9.496825977550003017e-01
1.156778000000000065e+04 9.433184637682531237e-01
1.156787999999999920e+04 9.370447493616692602e-01
1.156797999999999956e+04 9.308724776801062806e-01
1.156807999999999993e+04 9.248111077735647889e-01
1.156818000000000029e+04 9.188689814813795209e-01
1.156828000000000065e+04 9.130530999901687039e-01
1.156837999999999920e+04 9.073695707180217118e-01
1.156847999999999956e+04 9.018236817952606232e-01
1.156857999999999993e+04 8.964199020643763838e-01
1.156868000000000029e+04 8.911618065993945903e-01
1.156878000000000065e+04 8.860525980707746330e-01
1.156887999999999920e+04 8.810946598611971714e-01
1.156897999999999956e+04 8.762901519111967463e-01
1.156907999999999993e+04 8.716404893542541998e-01
1.156918000000000029e+04 8.671467894009735611e-01
1.156928000000000065e+04 8.628097968584613753e-01
1.156937999999999920e+04 8.586297351688327861e-01
1.156947999999999956e+04 8.546068277742212560e-01
1.156957999999999993e+04 8.507406277903624137e-01
1.156968000000000029e+04 8.470307628137321299e-01
1.156978000000000065e+04 8.434763390758065471e-01
1.156987999999999920e+04 8.400763883273909549e-01
1.156997999999999956e+04 8.368297188771379735e-01
1.157007999999999993e+04 8.337349155916009558e-01
1.157018000000000029e+04 8.307904143758801929e-01
1.157028000000000065e+04 8.279945021736946353e-01
1.157037999999999920e+04 8.253453914480292086e-01
1.157047999999999956e+04 8.228411457004772833e-01
1.157057999999999993e+04 8.204795305097625224e-01
1.157068000000000029e+04 8.182584604160659802e-01
1.157078000000000065e+04 8.161756265174000546e-01
1.157087999999999920e+04 8.142287199118236618e-01
1.157097999999999956e+04 8.124151337745194601e-01
1.157107999999999993e+04 8.107325592035412587e-01
1.157118000000000029e+04 8.091781659319410291e-01
1.157128000000000065e+04 8.077494960963581550e-01
1.157137999999999920e+04 8.064437194298575973e-01
1.157147999999999956e+04 8.052580056655231910e-01
1.157157999999999993e+04 8.041896734978341010e-01
1.157168000000000029e+04 8.032356692177591295e-01
1.157178000000000065e+04 8.023931625583523575e-01
1.157187999999999920e+04 8.016590253298714330e-01
1.157197999999999956e+04 8.010303527846726057e-01
1.157207999999999993e+04 8.005040167330136347e-01
1.157218000000000029e+04 8.000768145044059310e-01
1.157228000000000065e+04 7.997456179091068096e-01
1.157237999999999920e+04 7.995072242766390058e-01
1.157247999999999956e+04 7.993583564558423005e-01
1.157257999999999993e+04 7.992957372955200590e-01
1.157268000000000029e+04 7.993160896445181685e-01
1.157278000000000065e+04 7.994159873902199065e-01
1.157287999999999920e+04 7.995921533814733806e-01
1.157297999999999956e+04 7.998412359863763532e-01
1.157307999999999993e+04 8.001598090923512929e-01
1.157318000000000029e+04 8.005444465867903592e-01
1.157328000000000065e+04 8.009919457992447089e-01
1.157337999999999920e+04 8.014988061363893523e-01
1.157347999999999956e+04 8.020617504470723969e-01
1.157357999999999993e+04 8.026775015800996504e-01
1.157368000000000029e+04 8.033427823843144466e-01
1.157378000000000065e+04 8.040543901892281964e-01
1.157387999999999920e+04 8.048091968050984368e-01
1.157397999999999956e+04 8.056039995614474591e-01
1.157407999999999993e+04 8.064359681913665368e-01
1.157418000000000029e+04 8.073021234664934376e-01
1.157428000000000065e+04 8.081996351199245421e-01
1.157437999999999920e+04 8.091257473654177579e-01
1.157447999999999956e+04 8.100778533782063695e-01
1.157457999999999993e+04 8.110534952948815768e-01
1.157468000000000029e+04 8.120502897327918079e-01
1.157478000000000065e+04 8.130660022706570622e-01
1.157487999999999920e+04 8.140984729679535681e-01
1.157497999999999956e+04 8.151457653262408343e-01
1.157507999999999993e+04 8.162059428471130085e-01
1.157518000000000029e+04 8.172772924742576217e-01
1.157528000000000065e+04 8.183583245935224237e-01
1.157537999999999920e+04 8.194474006293013257e-01
1.157547999999999956e+04 8.205433288902654887e-01
1.157557999999999993e+04 8.216447687236588804e-01
1.157568000000000029e+04 8.227507518802834596e-01
1.157578000000000065e+04 8.238601611494902333e-01
1.157587999999999920e+04 8.249721772435009148e-01
1.157597999999999956e+04 8.260859808745112387e-01
1.157607999999999993e+04 8.272009761968688313e-01
1.157618000000000029e+04 8.283163439227582137e-01
1.157628000000000065e+04 8.294317861293669658e-01
1.157637999999999920e+04 8.305466324902968100e-01
1.157647999999999956e+04 8.316606595634380428e-01
1.157657999999999993e+04 8.327734949452374469e-01
1.157668000000000029e+04 8.338848407128767182e-01
1.157678000000000065e+04 8.349944734242062960e-01
1.157687999999999920e+04 8.361023185985415607e-01
1.157697999999999956e+04 8.372082272744469922e-01
1.157707999999999993e+04 8.383120504905214876e-01
1.157718000000000029e+04 8.394138627274573272e-01
1.157728000000000065e+04 8.405138129466906971e-01
1.157737999999999920e+04 8.416117521867853002e-01
1.157747999999999956e+04 8.427080528512922442e-01
1.157757999999999993e+04 8.438027894209172430e-01
1.157768000000000029e+04 8.448962598185077999e-01
1.157778000000000065e+04 8.459888364475851574e-01
1.157787999999999920e+04 8.470807427502911047e-01
1.157797999999999956e+04 8.481725000915747437e-01
1.157807999999999993e+04 8.492644808749943985e-01
1.157818000000000029e+04 8.503572809461974469e-01
1.157828000000000065e+04 8.514514216701647431e-01
1.157837999999999920e+04 8.525474988925434428e-01
1.157847999999999956e+04 8.536460339783090712e-01
1.157857999999999993e+04 8.547476227731195531e-01
1.157868000000000029e+04 8.558529356033671709e-01
1.157878000000000065e+04 8.569624938339882592e-01
1.157887999999999920e+04 8.580768188299664478e-01
1.157897999999999956e+04 8.591963574755393518e-01
1.157907999999999993e+04 8.603214076935412624e-01
1.157918000000000029e+04 8.614524163682234503e-01
1.157928000000000065e+04 8.625893090188907486e-01
1.157937999999999920e+04 8.637322346069413737e-01
1.157947999999999956e+04 8.648808952095493607e-01
1.157957999999999993e+04 8.660349929038777539e-01
1.157968000000000029e+04 8.671937828828548689e-01
1.157978000000000065e+04 8.683565203393734944e-01
1.157987999999999920e+04 8.695220880628219406e-01
1.157997999999999956e+04 8.706891454004410669e-01
1.158007999999999993e+04 8.718561282573517035e-01
1.158018000000000029e+04 8.730210256544179703e-01
1.158028000000000065e+04 8.741816776511083242e-01
1.158037999999999920e+04 8.753357753454368284e-01
1.158047999999999956e+04 8.764805629512035789e-01
1.158057999999999993e+04 8.776132102014736480e-01
1.158068000000000029e+04 8.787304399450844850e-01
1.158078000000000065e+04 8.798290495115533849e-01
1.158087999999999920e+04 8.809055383075949930e-01
1.158097999999999956e+04 8.819564057398974199e-01
1.158107999999999993e+04 8.829780767344507231e-01
1.158118000000000029e+04 8.839667527751200460e-01
1.158128000000000065e+04 8.849190077493254147e-01
1.158137999999999920e+04 8.858312665830362365e-01
1.158147999999999956e+04 8.867001776443842465e-01
1.158157999999999993e+04 8.875226127436055545e-01
1.158168000000000029e+04 8.882957416137756690e-01
1.158178000000000065e+04 8.890169574300905708e-01
1.158187999999999920e+04 8.896841002520133879e-01
1.158197999999999956e+04 8.902953080618254411e-01
1.158207999999999993e+04 8.908493146874815194e-01
1.158218000000000029e+04 8.913450773990567733e-01
1.158228000000000065e+04 8.917823727544417212e-01
1.158237999999999920e+04 8.921611262729062242e-01
1.158247999999999956e+04 8.924819338001347413e-01
1.158257999999999993e+04 8.927460615081671547e-01
1.158268000000000029e+04 8.929549245304628791e-01
1.158278000000000065e+04 8.931106083268609552e-01
1.158287999999999920e+04 8.932156452414623526e-01
1.158297999999999956e+04 8.932728655411805718e-01
1.158307999999999993e+04 8.932855463771914861e-01
1.158318000000000029e+04 8.932572628235047052e-01
1.158328000000000065e+04 8.931918878769773418e-01
1.158337999999999920e+04 8.930935179765577825e-01
1.158347999999999956e+04 8.929664730033571862e-01
1.158357999999999993e+04 8.928151473191734411e-01
1.158368000000000029e+04 8.926441587279360101e-01
1.158378000000000065e+04 8.924581250335693605e-01
1.158387999999999920e+04 8.922616640400126142e-01
1.158397999999999956e+04 8.920594680318986169e-01
1.158407999999999993e+04 8.918529521426895590e-01
1.158418000000000029e+04 8.916555228999164529e-01
1.158428000000000065e+04 8.914723939531931096e-01
1.158437999999999920e+04 8.913083320678444332e-01
1.158447999999999956e+04 8.911691467391522625e-01
1.158497999999999956e+04 8.907682381821986350e-01
1.158547999999999956e+04 8.912860491650388406e-01
1.158597999999999956e+04 8.930064256679105528e-01
1.158647999999999956e+04 8.960582193165785858e-01
1.158697999999999956e+04 9.004301090433431964e-01
1.158747999999999956e+04 9.060106717082392347e-01
1.158797999999999956e+04 9.126393269036592315e-01
1.158847999999999956e+04 9.201519936286980395e-01
1.158897999999999956e+04 9.284064137300478414e-01
1.158947999999999956e+04 9.372872165901917629e-01
1.158997999999999956e+04 9.466953428667730375e-01
1.159047999999999956e+04 9.565300201611424136e-01
1.159097999999999956e+04 9.666667912093328541e-01
1.159147999999999956e+04 9.769342759010072319e-01
1.159197999999999956e+04 9.870964448708111627e-01
1.159247999999999956e+04 9.968516512491721882e-01
1.159297999999999956e+04 1.005854527990604375e+00
1.159347999999999956e+04 1.013759857011046872e+00
1.159397999999999956e+04 1.020279100045632603e+00
1.159447999999999956e+04 1.024902660086538964e+00
1.159547999999999956e+04 1.030163498166783320e+00
1.159647999999999956e+04 1.030099189028803375e+00
1.159747999999999956e+04 1.026339817459621884e+00
1.159847999999999956e+04 1.020272512175025348e+00
1.159947999999999956e+04 1.013100657982831443e+00
1.160047999999999956e+04 1.006119474404493452e+00
1.160147999999999956e+04 1.000533463458456618e+00
1.160247999999999956e+04 9.970095254089610393e-01
1.160347999999999956e+04 9.953668210956753137e-01
1.160447999999999956e+04 9.946546787548458113e-01
1.160547999999999956e+04 9.937161150600630766e-01
1.160647999999999956e+04 9.919984086732839268e-01
1.160747999999999956e+04 9.899263975559942086e-01
1.160847999999999956e+04 9.884824822537999767e-01
1.160947999999999956e+04 9.885635594588806363e-01
1.161047999999999956e+04 9.906984422018523251e-01
1.161147999999999956e+04 9.950633518391148735e-01
1.161247999999999956e+04 1.001580679472368285e+00
1.161347999999999956e+04 1.010028249148053670e+00
1.161447999999999956e+04 1.020092124679684797e+00
1.161547999999999956e+04 1.031287883538946071e+00
1.161647999999999956e+04 1.042810091343719936e+00
1.161747999999999956e+04 1.053524928267961513e+00
1.161847999999999956e+04 1.062237723746742191e+00
1.161947999999999956e+04 1.068064913134700200e+00
1.162047999999999956e+04 1.070618600901771966e+00
1.162147999999999956e+04 1.069939602476241314e+00
1.162247999999999956e+04 1.066369262945324969e+00
1.162347999999999956e+04 1.060507003051329278e+00
1.162447999999999956e+04 1.053176132546415511e+00
1.162547999999999956e+04 1.045271984027894341e+00
1.162647999999999956e+04 1.037543609981516735e+00
1.162747999999999956e+04 1.030464260829327738e+00
1.162847999999999956e+04 1.024232427659571787e+00
1.162947999999999956e+04 1.018843269226199055e+00
1.163047999999999956e+04 1.014174190282953969e+00
1.163147999999999956e+04 1.010059024369096559e+00
1.163247999999999956e+04 1.006347543895503627e+00
1.163347999999999956e+04 1.002937188926526169e+00
1.163447999999999956e+04 9.997738864677612192e-01
1.163547999999999956e+04 9.968265780637546314e-01
1.163647999999999956e+04 9.940591405708605333e-01
1.163747999999999956e+04 9.914189161281494744e-01
1.163847999999999956e+04 9.888519062219268685e-01
1.163947999999999956e+04 9.863333832569641801e-01
1.164047999999999956e+04 9.838903837304547872e-01
1.164147999999999956e+04 9.815932919119707556e-01
1.164247999999999956e+04 9.795216531982239294e-01
1.164347999999999956e+04 9.777274551237777889e-01
1.164447999999999956e+04 9.762185181630231856e-01
1.164547999999999956e+04 9.749643052254660658e-01
1.164647999999999956e+04 9.739184148296822219e-01
1.164747999999999956e+04 9.730457665619568486e-01
1.164847999999999956e+04 9.723465838644101966e-01
1.164947999999999956e+04 9.718698005625556746e-01
1.165047999999999956e+04 9.717106030018980434e-01
1.165147999999999956e+04 9.719956828676622473e-01
1.165247999999999956e+04 9.728608929722140086e-01
1.165347999999999956e+04 9.744250300456713809e-01
1.165447999999999956e+04 9.767623513544477776e-01
1.165547999999999956e+04 9.798795601623061513e-01
1.165647999999999956e+04 9.837051549890566404e-01
1.165747999999999956e+04 9.880959839128874433e-01
1.165847999999999956e+04 9.928586950144429046e-01
1.165947999999999956e+04 9.977771452775454630e-01
1.166047999999999956e+04 1.002636010973821490e+00
1.166147999999999956e+04 1.007238439590603996e+00
1.166247999999999956e+04 1.011419754281324579e+00
1.166347999999999956e+04 1.015061828642238817e+00
