1.151499799999999959e+04 -5.004704925855218891e-04
1.151549899999999980e+04 -1.247926033580014533e-03
1.151599799999999959e+04 -4.728586566320306956e-04
1.151650100000000020e+04 1.141224135376280534e-04
1.151700300000000061e+04 -2.944144313646367768e-04
1.151750200000000041e+04 -3.678846309060975644e-04
1.151800000000000000e+04 -3.901838141220288531e-04
1.151849799999999959e+04 -3.415824610559947032e-04
1.151899899999999980e+04 -1.003212879199133489e-03
1.151950100000000020e+04 -1.297425472273448484e-03
1.151999799999999959e+04 4.127324016452039849e-04
1.152050200000000041e+04 -7.184832040462533218e-04
1.152099799999999959e+04 -4.999231886694866542e-05
1.152150000000000000e+04 -8.237751277521542393e-04
1.152200200000000041e+04 -4.520114344042391896e-04
1.152250200000000041e+04 2.024920041493699196e-04
1.152299600000000100e+04 -1.069214290346035380e-03
1.152349600000000100e+04 2.295739017882732387e-04
1.152400000000000000e+04 -4.527734043820898896e-04
1.152449500000000080e+04 -5.274895503840535630e-04
1.152499899999999980e+04 5.311406576948460539e-05
1.152549899999999980e+04 5.703356527067424348e-04
1.152600300000000061e+04 -3.780120590872694726e-04
1.152649899999999980e+04 2.513795551293995139e-04
1.152700300000000061e+04 6.179538060684473116e-04
1.152750000000000000e+04 7.965516389160543376e-04
1.152799899999999980e+04 1.175223016035021380e-03
1.152849899999999980e+04 5.414767311432050522e-04
1.152900200000000041e+04 4.670804178742615407e-04
1.152949899999999980e+04 -1.829968204843956427e-04
1.153000300000000061e+04 -1.263704075021223759e-04
1.153050000000000000e+04 3.284421188338272971e-04
1.153100200000000041e+04 4.140049182049049476e-04
1.153149799999999959e+04 5.389407941311590662e-04
1.153200400000000081e+04 -8.646182708613411633e-05
1.153250100000000020e+04 6.043071339309800212e-04
1.153300000000000000e+04 1.436965999719125092e-03
1.153350000000000000e+04 2.193506470810616202e-03
1.153400400000000081e+04 2.080728892021968448e-03
1.153450300000000061e+04 2.937003046453116190e-03
1.153500100000000020e+04 2.950179724503256256e-03
1.153550000000000000e+04 3.096371295553148034e-03
1.153600000000000000e+04 3.550325252493722120e-03
1.153649899999999980e+04 3.403160418889088473e-03
1.153699899999999980e+04 2.988097839698285619e-03
1.153750200000000041e+04 1.999376878783489311e-03
1.153799899999999980e+04 2.011222246289543023e-04
1.153849899999999980e+04 3.701341258143924098e-05
1.153899899999999980e+04 -2.119770819793431044e-03
1.153950000000000000e+04 -2.051084559840374907e-03
1.154000200000000041e+04 -3.504903220082905644e-03
1.154050100000000020e+04 -4.337976425332706019e-03
1.154100000000000000e+04 -5.268694279107771598e-03
1.154149799999999959e+04 -5.735110665688562294e-03
1.154199600000000100e+04 -6.373861984210494117e-03
1.154249600000000100e+04 -6.280164556767103314e-03
1.154300300000000061e+04 -5.285651352304034621e-03
1.154350300000000061e+04 -4.107443102960454950e-03
1.154400100000000020e+04 -2.600326057548098257e-03
1.154450100000000020e+04 -1.958385008870583020e-04
1.154500100000000020e+04 1.199853294844454264e-03
1.154549600000000100e+04 3.833394991826796858e-03
1.154599799999999959e+04 6.924628153386872161e-03
1.154650100000000020e+04 1.027365119176418262e-02
1.154699899999999980e+04 1.375928832582926607e-02
1.154749799999999959e+04 1.693708930033694521e-02
1.154800200000000041e+04 2.191367196727248348e-02
1.154850200000000041e+04 2.544983772112784093e-02
1.154899600000000100e+04 2.972201700375396924e-02
1.154950200000000041e+04 3.529358369436269571e-02
1.155000000000000000e+04 3.947675845831628838e-02
1.155049799999999959e+04 4.494394065116895376e-02
1.155099600000000100e+04 5.076096488314607580e-02
1.155150000000000000e+04 5.509114441136579721e-02
1.155200300000000061e+04 6.173603907617111058e-02
1.155249899999999980e+04 6.682959649846921535e-02
1.155300000000000000e+04 7.354241283605550406e-02
1.155350100000000020e+04 8.092168314840558763e-02
1.155400200000000041e+04 8.844496720282035707e-02
1.155450100000000020e+04 9.876780549793863495e-02
1.155500000000000000e+04 1.098131385924563941e-01
1.155550000000000000e+04 1.233398495469838763e-01
1.155599899999999980e+04 1.374438565526162059e-01
1.155650000000000000e+04 1.548861926255755139e-01
1.155699899999999980e+04 1.747450396251336024e-01
1.155749899999999980e+04 1.986851106929829469e-01
1.155799699999999939e+04 2.275765582542707832e-01
1.155850200000000041e+04 2.601444889634165758e-01
1.155900100000000020e+04 3.010143426968850955e-01
1.155950300000000061e+04 3.507734251579752716e-01
1.155999899999999980e+04 4.112039040472424967e-01
1.156050000000000000e+04 4.864781786849390333e-01
1.156099899999999980e+04 5.781310091130753559e-01
1.156149699999999939e+04 6.878304025454636816e-01
1.156200200000000041e+04 8.163045612951482788e-01
1.156249799999999959e+04 9.556296763920248960e-01
1.156299899999999980e+04 1.092331989274022641e+00
1.156349500000000080e+04 1.211695511955912075e+00
1.156400200000000041e+04 1.293324740014416330e+00
1.156449500000000080e+04 1.338315507014645744e+00
1.156500100000000020e+04 1.341836947431079397e+00
1.156549699999999939e+04 1.322106254829270799e+00
1.156600100000000020e+04 1.290618827669648194e+00
1.156650000000000000e+04 1.248290362450175106e+00
1.156700300000000061e+04 1.211295475384087439e+00
1.156750200000000041e+04 1.171408567875400486e+00
1.156800200000000041e+04 1.139648931366328499e+00
1.156850500000000102e+04 1.110660250323040721e+00
1.156900200000000041e+04 1.088218177261422337e+00
1.156949899999999980e+04 1.067632777630788565e+00
1.157000100000000020e+04 1.050413455850871980e+00
1.157050200000000041e+04 1.036765510995859563e+00
1.157099699999999939e+04 1.020833273917056916e+00
1.157150200000000041e+04 1.007549355976284922e+00
1.157199699999999939e+04 9.981792442619384920e-01
1.157249899999999980e+04 9.879439484186165465e-01
1.157300200000000041e+04 9.819833511643284440e-01
1.157349799999999959e+04 9.749233581174533425e-01
1.157400200000000041e+04 9.743168895487601677e-01
1.157449799999999959e+04 9.740450619189219283e-01
1.157500100000000020e+04 9.764874836931580759e-01
1.157550200000000041e+04 9.812346296538162482e-01
1.157599899999999980e+04 9.874613576884074817e-01
1.157650100000000020e+04 9.960850190868409948e-01
1.157700200000000041e+04 1.005777573480456821e+00
1.157750000000000000e+04 1.012711762354456146e+00
1.157800100000000020e+04 1.018073772133768262e+00
1.157850200000000041e+04 1.024420782804429386e+00
1.157899799999999959e+04 1.025078738033191161e+00
1.157950000000000000e+04 1.024646417039365653e+00
1.158000100000000020e+04 1.017858121547034145e+00
1.158050300000000061e+04 1.011682059222813956e+00
1.158100100000000020e+04 1.000132800752489670e+00
1.158150200000000041e+04 9.908920606331440561e-01
1.158200000000000000e+04 9.802620234818748557e-01
1.158249500000000080e+04 9.711987587446657688e-01
1.158299899999999980e+04 9.658496602101979134e-01
1.158349899999999980e+04 9.612794904950939801e-01
1.158400100000000020e+04 9.588368778049120023e-01
1.158450000000000000e+04 9.598813757425191939e-01
1.158500400000000081e+04 9.588039897114304377e-01
1.158549899999999980e+04 9.587786194472096568e-01
1.158600300000000061e+04 9.600224990892827215e-01
1.158650000000000000e+04 9.615858421019324309e-01
1.158699799999999959e+04 9.651576635409561122e-01
1.158750200000000041e+04 9.703027229566398848e-01
1.158800100000000020e+04 9.752768360023684746e-01
1.158849899999999980e+04 9.850826961218126510e-01
1.158899799999999959e+04 9.944844259528281549e-01
1.158950000000000000e+04 1.004021838792465093e+00
1.159000100000000020e+04 1.017083626355867354e+00
1.159049799999999959e+04 1.030232802823798366e+00
1.159099899999999980e+04 1.042148162973900893e+00
1.159149799999999959e+04 1.051745838086339813e+00
1.159200000000000000e+04 1.062934157677903002e+00
1.159249899999999980e+04 1.066075395981519902e+00
1.159299600000000100e+04 1.068797722598689548e+00
1.159350100000000020e+04 1.068879340576742276e+00
1.159399799999999959e+04 1.064138890736096466e+00
1.159449899999999980e+04 1.057907455953464027e+00
1.159500200000000041e+04 1.051098065820109673e+00
1.159550100000000020e+04 1.041886913979192197e+00
1.159600100000000020e+04 1.034865139319469662e+00
1.159649600000000100e+04 1.025631183290069970e+00
1.159699899999999980e+04 1.018500502947462083e+00
1.159750200000000041e+04 1.011168031700685477e+00
1.159800000000000000e+04 1.004847451681624593e+00
1.159850200000000041e+04 1.000384882532028952e+00
1.159900100000000020e+04 9.951777138040616144e-01
1.159950100000000020e+04 9.929222019257737397e-01
1.160000400000000081e+04 9.896325912809461611e-01
1.160050400000000081e+04 9.881487042081279482e-01
1.160100000000000000e+04 9.864992007950296182e-01
1.160150200000000041e+04 9.851205378818569391e-01
1.160200000000000000e+04 9.832477269369180872e-01
1.160249899999999980e+04 9.792564530589474847e-01
1.160299400000000060e+04 9.771512955290760916e-01
1.160349799999999959e+04 9.729203040791608581e-01
1.160399400000000060e+04 9.698148269195765447e-01
1.160449899999999980e+04 9.656107351516899362e-01
1.160500100000000020e+04 9.616528656913780893e-01
1.160549799999999959e+04 9.596476770179975802e-01
1.160600000000000000e+04 9.568222556156887881e-01
1.160649799999999959e+04 9.559499368714593492e-01
1.160699899999999980e+04 9.550289490438851336e-01
1.160750100000000020e+04 9.554077726507759216e-01
1.160800100000000020e+04 9.583155031296033410e-01
