1.152400000000000000e+04 4.929541084656439802e-03
1.152450000000000000e+04 4.387358372986791683e-03
1.152500000000000000e+04 3.915166283893410822e-03
1.152550000000000000e+04 3.452340249497807319e-03
1.152600000000000000e+04 2.999274371213420803e-03
1.152650000000000000e+04 2.556383610263726017e-03
1.152700000000000000e+04 2.124109747619987512e-03
1.152750000000000000e+04 1.702917659051082127e-03
1.152800000000000000e+04 1.293299785074851840e-03
1.152850000000000000e+04 8.957798559162224224e-04
1.152900000000000000e+04 5.109121465298939891e-04
1.152950000000000000e+04 1.392852015584493256e-04
1.153000000000000000e+04 -2.184766746891363739e-04
1.153050000000000000e+04 -5.617067132826931422e-04
1.153100000000000000e+04 -8.896986606516396959e-04
1.153150000000000000e+04 -1.201697093681147526e-03
1.153200000000000000e+04 -1.496898164689455194e-03
1.153250000000000000e+04 -1.774442896496895806e-03
1.153300000000000000e+04 -2.033413457467732940e-03
1.153350000000000000e+04 -2.272827201545942529e-03
1.153400000000000000e+04 -2.491632943310290692e-03
1.153450000000000000e+04 -2.688702763030440760e-03
1.153500000000000000e+04 -2.862825301735975880e-03
1.153550000000000000e+04 -3.012699801278596184e-03
1.153600000000000000e+04 -3.136925674411241739e-03
1.153650000000000000e+04 -3.233992074891006794e-03
1.153700000000000000e+04 -3.302271937541377284e-03
1.153750000000000000e+04 -3.340004098399170906e-03
1.153800000000000000e+04 -3.345285099797132289e-03
1.153850000000000000e+04 -3.316049820548246270e-03
1.153900000000000000e+04 -3.250058066052016834e-03
1.153950000000000000e+04 -3.144873708492376598e-03
1.154000000000000000e+04 -2.997845317022019597e-03
1.154050000000000000e+04 -2.806077848004366083e-03
1.154100000000000000e+04 -2.566410295225030926e-03
1.154150000000000000e+04 -2.275378440239032071e-03
1.154200000000000000e+04 -1.929184307633059672e-03
1.154250000000000000e+04 -1.523652955426963796e-03
1.154300000000000000e+04 -1.054184050522705271e-03
1.154350000000000000e+04 -5.156989741701988083e-04
1.154400000000000000e+04 9.742101246160351407e-05
1.154450000000000000e+04 7.914107575847011220e-04
1.154500000000000000e+04 1.573199443098173989e-03
1.154550000000000000e+04 2.450517118596755826e-03
1.154600000000000000e+04 3.432002725405578457e-03
1.154650000000000000e+04 4.527343410303416756e-03
1.154700000000000000e+04 5.747434699056036198e-03
1.154750000000000000e+04 7.104565999742623074e-03
1.154800000000000000e+04 8.612650805651296884e-03
1.154850000000000000e+04 1.028749116786259465e-02
1.154900000000000000e+04 1.214710400229347675e-02
1.154950000000000000e+04 1.421211072114098896e-02
1.155000000000000000e+04 1.650620806858621448e-02
1.155050000000000000e+04 1.905674623554507938e-02
1.155100000000000000e+04 2.189543287824876477e-02
1.155150000000000000e+04 2.505921221022950826e-02
1.155200000000000000e+04 2.859134598749168976e-02
1.155250000000000000e+04 3.254276194622321428e-02
1.155300000000000000e+04 3.697375983725018078e-02
1.155350000000000000e+04 4.195616445644449743e-02
1.155400000000000000e+04 4.757606721974746294e-02
1.155450000000000000e+04 5.393737233086589450e-02
1.155500000000000000e+04 6.116637848956084367e-02
1.155550000000000000e+04 6.941770158769994259e-02
1.155600000000000000e+04 7.888215673746527823e-02
1.155650000000000000e+04 8.979709877719775635e-02
1.155700000000000000e+04 1.024601971959234609e-01
1.155750000000000000e+04 1.172478523656496630e-01
1.155800000000000000e+04 1.346397356178629379e-01
1.155850000000000000e+04 1.552514273962753433e-01
1.155900000000000000e+04 1.798770979181341934e-01
1.155902000000000044e+04 1.807743043428155783e-01
1.155904999999999927e+04 1.823803848094728841e-01
1.155911000000000058e+04 1.858234936394678183e-01
1.155911000000000058e+04 1.859269871458777701e-01
1.155918000000000029e+04 1.893781037018987534e-01
1.155919000000000051e+04 1.900450271759289156e-01
1.155919000000000051e+04 1.903844600335657666e-01
1.155929000000000087e+04 1.961880657584650633e-01
1.155930999999999949e+04 1.970652765652554095e-01
1.155939999999999964e+04 2.023404819035118929e-01
1.155950000000000000e+04 2.086993226706703453e-01
1.155960000000000036e+04 2.153097178468446060e-01
1.155970000000000073e+04 2.221837810217122955e-01
1.155979999999999927e+04 2.293342441293224343e-01
1.155989999999999964e+04 2.367744201984238461e-01
1.156000000000000000e+04 2.445182927516668658e-01
1.156010000000000036e+04 2.525804562061355618e-01
1.156020000000000073e+04 2.609761605729434275e-01
1.156029999999999927e+04 2.697213114572357129e-01
1.156039999999999964e+04 2.788324477083827246e-01
1.156050000000000000e+04 2.883267265201312490e-01
1.156060000000000036e+04 2.982219234305938937e-01
1.156070000000000073e+04 3.085363429230659205e-01
1.156079999999999927e+04 3.192888035261666202e-01
1.156089999999999964e+04 3.304985409646995498e-01
1.156100000000000000e+04 3.421851113105668363e-01
1.156110000000000036e+04 3.543682643339011173e-01
1.156120000000000073e+04 3.670677870544958865e-01
1.156129999999999927e+04 3.803032951437077536e-01
1.156139999999999964e+04 3.940940243263456599e-01
1.156150000000000000e+04 4.084585174835365651e-01
1.156160000000000036e+04 4.234142968556998676e-01
1.156170000000000073e+04 4.389774468463499280e-01
1.156179999999999927e+04 4.551621893759659754e-01
1.156189999999999964e+04 4.719803102372058246e-01
1.156200000000000000e+04 4.894405854501460706e-01
1.156210000000000036e+04 5.075480660687853307e-01
1.156220000000000073e+04 5.263033331878314014e-01
1.156229999999999927e+04 5.457016859001020403e-01
1.156239999999999964e+04 5.657322324047817652e-01
1.156250000000000000e+04 5.863769662158667684e-01
1.156260000000000036e+04 6.076098125708275788e-01
1.156270000000000073e+04 6.293956822892325942e-01
1.156279999999999927e+04 6.516895479811629643e-01
1.156289999999999964e+04 6.744356543543938987e-01
1.156300000000000000e+04 6.975669296697715183e-01
1.156310000000000036e+04 7.210042481979184181e-01
1.156320000000000073e+04 7.446567952659118861e-01
1.156329999999999927e+04 7.684217618100688263e-01
1.156339999999999964e+04 7.923947582518692245e-01
1.156350000000000000e+04 8.162419253396312468e-01
1.156360000000000036e+04 8.398302817844622847e-01
1.156370000000000073e+04 8.630202158578448302e-01
1.156379999999999927e+04 8.856682418665631218e-01
1.156389999999999964e+04 9.076293096316186970e-01
1.156400000000000000e+04 9.287604549550362298e-01
1.156410000000000036e+04 9.489225876035589646e-01
1.156420000000000073e+04 9.679825027903086188e-01
1.156429999999999927e+04 9.858135516687314137e-01
1.156439999999999964e+04 1.002303463761304192e+00
1.156450000000000000e+04 1.017360902899854036e+00
1.156460000000000036e+04 1.030916733714013045e+00
1.156470000000000073e+04 1.042925884114282331e+00
1.156479999999999927e+04 1.053365929804871204e+00
1.156489999999999964e+04 1.062236125792564323e+00
1.156500000000000000e+04 1.069556884891472270e+00
1.156510000000000036e+04 1.075367319245372322e+00
1.156520000000000073e+04 1.079723750341332611e+00
1.156529999999999927e+04 1.082696356540216787e+00
1.156539999999999964e+04 1.084366863597722830e+00
1.156550000000000000e+04 1.084825490192196318e+00
1.156560000000000036e+04 1.084168191449759622e+00
1.156570000000000073e+04 1.082494125967329079e+00
1.156579999999999927e+04 1.079903122835729423e+00
1.156589999999999964e+04 1.076494042654622563e+00
1.156600000000000000e+04 1.072362989548742540e+00
1.156610000000000036e+04 1.067601746682196984e+00
1.156620000000000073e+04 1.062297254763184151e+00
1.156629999999999927e+04 1.056530345555560135e+00
1.156639999999999964e+04 1.050376114375387360e+00
1.156650000000000000e+04 1.043902877100507443e+00
1.156660000000000036e+04 1.037172915163699027e+00
1.156670000000000073e+04 1.030242252054743624e+00
1.156679999999999927e+04 1.023160876818365761e+00
1.156689999999999964e+04 1.015973340048833551e+00
1.156700000000000000e+04 1.008718902888584346e+00
1.156710000000000036e+04 1.001432282021436748e+00
1.156720000000000073e+04 9.941436496726187011e-01
1.156729999999999927e+04 9.868793786019298686e-01
1.156739999999999964e+04 9.796625635990385828e-01
1.156750000000000000e+04 9.725129469841611307e-01
1.156760000000000036e+04 9.654476636012293556e-01
1.156770000000000073e+04 9.584814643159080827e-01
1.156779999999999927e+04 9.516270140128486599e-01
1.156789999999999964e+04 9.448951150936862886e-01
1.156800000000000000e+04 9.382948564756238286e-01
1.156810000000000036e+04 9.318342095860848717e-01
1.156820000000000073e+04 9.255195068673814918e-01
1.156829999999999927e+04 9.193564102679486760e-01
1.156839999999999964e+04 9.133493897470931211e-01
1.156850000000000000e+04 9.075021702708743199e-01
1.156860000000000036e+04 9.018176573128368068e-01
1.156870000000000073e+04 8.962982348512633646e-01
1.156879999999999927e+04 8.909455418712430852e-01
1.156889999999999964e+04 8.857609193605424647e-01
1.156900000000000000e+04 8.807451123123918313e-01
1.156910000000000036e+04 8.758984187240724806e-01
1.156920000000000073e+04 8.712208385955896306e-01
1.156929999999999927e+04 8.667120739296408916e-01
1.156939999999999964e+04 8.623715287316708888e-01
1.156950000000000000e+04 8.581982345104990362e-01
1.156960000000000036e+04 8.541910737762875572e-01
1.156970000000000073e+04 8.503488545399129350e-01
1.156979999999999927e+04 8.466698633169645882e-01
1.156989999999999964e+04 8.431526101210127244e-01
1.157000000000000000e+04 8.397951579697134905e-01
1.157010000000000036e+04 8.365956443800133258e-01
1.157020000000000073e+04 8.335519833709150728e-01
1.157029999999999927e+04 8.306620144620899815e-01
1.157039999999999964e+04 8.279235771732296190e-01
1.157050000000000000e+04 8.253342875260247791e-01
1.157060000000000036e+04 8.228917615422028931e-01
1.157070000000000073e+04 8.205936152434701869e-01
1.157079999999999927e+04 8.184373901522170591e-01
1.157089999999999964e+04 8.164204787921955919e-01
1.157100000000000000e+04 8.145403481864639250e-01
1.157110000000000036e+04 8.127943908587745847e-01
1.157120000000000073e+04 8.111798503342261268e-01
1.157129999999999927e+04 8.096941191365816248e-01
1.157139999999999964e+04 8.083343662916024908e-01
1.157150000000000000e+04 8.070978353244087078e-01
1.157160000000000036e+04 8.059816207614559636e-01
1.157170000000000073e+04 8.049829661278536941e-01
1.157179999999999927e+04 8.040987424520824600e-01
1.157189999999999964e+04 8.033259697612975536e-01
1.157200000000000000e+04 8.026617425819604357e-01
1.157210000000000036e+04 8.021027829439083545e-01
1.157220000000000073e+04 8.016459618756539562e-01
1.157229999999999927e+04 8.012880759063719660e-01
1.157239999999999964e+04 8.010257725665785866e-01
1.157250000000000000e+04 8.008556993868273244e-01
1.157260000000000036e+04 8.007744293983120043e-01
1.157270000000000073e+04 8.007785356322493220e-01
1.157279999999999927e+04 8.008643676218792917e-01
1.157289999999999964e+04 8.010284983984282681e-01
1.157300000000000000e+04 8.012672774951211663e-01
1.157310000000000036e+04 8.015769054465772259e-01
1.157320000000000073e+04 8.019538807846792183e-01
1.157329999999999927e+04 8.023944040440307290e-01
1.157339999999999964e+04 8.028948247578774344e-01
1.157350000000000000e+04 8.034514179601438544e-01
1.157360000000000036e+04 8.040605331840811054e-01
1.157370000000000073e+04 8.047185199629190988e-01
1.157379999999999927e+04 8.054218023292470940e-01
1.157389999999999964e+04 8.061667298162893402e-01
1.157400000000000000e+04 8.069499499545934595e-01
1.157410000000000036e+04 8.077681102746866459e-01
1.157420000000000073e+04 8.086178583071060855e-01
1.157429999999999927e+04 8.094959905810107381e-01
1.157439999999999964e+04 8.103996016228778299e-01
1.157450000000000000e+04 8.113257114598464437e-01
1.157460000000000036e+04 8.122716381163265220e-01
1.157470000000000073e+04 8.132347741160812493e-01
1.157479999999999927e+04 8.142125864821787573e-01
1.157489999999999964e+04 8.152029892336012384e-01
1.157500000000000000e+04 8.162037473907191032e-01
1.157510000000000036e+04 8.172130729698110496e-01
1.157520000000000073e+04 8.182291779871655457e-01
1.157529999999999927e+04 8.192505724563368119e-01
1.157539999999999964e+04 8.202758408902373066e-01
1.157550000000000000e+04 8.213037912997016576e-01
1.157560000000000036e+04 8.223334551935658210e-01
1.157570000000000073e+04 8.233638640806454356e-01
1.157579999999999927e+04 8.243943474670463178e-01
1.157589999999999964e+04 8.254243838575182624e-01
1.157600000000000000e+04 8.264534517568105088e-01
1.157610000000000036e+04 8.274812531676424276e-01
1.157620000000000073e+04 8.285075645920335630e-01
1.157629999999999927e+04 8.295323860299994578e-01
1.157639999999999964e+04 8.305555684828924701e-01
1.157650000000000000e+04 8.315773354486765134e-01
1.157660000000000036e+04 8.325978359259896822e-01
1.157670000000000073e+04 8.336172189134907207e-01
1.157679999999999927e+04 8.346358569077715339e-01
1.157689999999999964e+04 8.356540479061230764e-01
1.157700000000000000e+04 8.366723134038014376e-01
1.157710000000000036e+04 8.376909513980768107e-01
1.157720000000000073e+04 8.387105578835373221e-01
1.157729999999999927e+04 8.397316543554329549e-01
1.157739999999999964e+04 8.407549113076421277e-01
1.157750000000000000e+04 8.417807757361094323e-01
1.157760000000000036e+04 8.428099926340446579e-01
1.157770000000000073e+04 8.438433069946683629e-01
1.157779999999999927e+04 8.448813893118530816e-01
1.157789999999999964e+04 8.459249845788452404e-01
1.157800000000000000e+04 8.469749122881606862e-01
1.157810000000000036e+04 8.480319174330197551e-01
1.157820000000000073e+04 8.490969685046021453e-01
1.157829999999999927e+04 8.501707359968013744e-01
1.157839999999999964e+04 8.512541884007970294e-01
1.157850000000000000e+04 8.523479962104827390e-01
1.157860000000000036e+04 8.534530534177219296e-01
1.157870000000000073e+04 8.545701050157140655e-01
1.157879999999999927e+04 8.556997469990467176e-01
1.157889999999999964e+04 8.568425753622871399e-01
1.157900000000000000e+04 8.579991861000071385e-01
1.157910000000000036e+04 8.591698772094874537e-01
1.157920000000000073e+04 8.603548721887085415e-01
1.157929999999999927e+04 8.615541710376545259e-01
1.157939999999999964e+04 8.627676992570040282e-01
1.157950000000000000e+04 8.639950843501652544e-01
1.157960000000000036e+04 8.652356558232286998e-01
1.157970000000000073e+04 8.664885196843413739e-01
1.157979999999999927e+04 8.677526329430025331e-01
1.157989999999999964e+04 8.690265056127814969e-01
1.158000000000000000e+04 8.703084242092785638e-01
1.158010000000000036e+04 8.715962282521854121e-01
1.158020000000000073e+04 8.728876827618411438e-01
1.158029999999999927e+04 8.741800312633497549e-01
1.158039999999999964e+04 8.754702937838666488e-01
1.158050000000000000e+04 8.767551178539079171e-01
1.158060000000000036e+04 8.780311510040107459e-01
1.158070000000000073e+04 8.792944447701298571e-01
1.158079999999999927e+04 8.805410506882409560e-01
1.158089999999999964e+04 8.817667967963236375e-01
1.158100000000000000e+04 8.829674366330568791e-01
1.158110000000000036e+04 8.841384257398338109e-01
1.158120000000000073e+04 8.852754431559909376e-01
1.158129999999999927e+04 8.863740934215750267e-01
1.158139999999999964e+04 8.874301300752543975e-01
1.158150000000000000e+04 8.884393066557030316e-01
1.158160000000000036e+04 8.893978236975187412e-01
1.158170000000000073e+04 8.903019562346415894e-01
1.158179999999999927e+04 8.911485007962306470e-01
1.158189999999999964e+04 8.919344774094254413e-01
1.158200000000000000e+04 8.926574275966322469e-01
1.158210000000000036e+04 8.933153398761543018e-01
1.158220000000000073e+04 8.939068732602095668e-01
1.158229999999999927e+04 8.944309847582916362e-01
1.158239999999999964e+04 8.948875253717734068e-01
1.158250000000000000e+04 8.952766440992765418e-01
1.158260000000000036e+04 8.955990859340375865e-01
1.158270000000000073e+04 8.958564153617925019e-01
1.158279999999999927e+04 8.960504203662570388e-01
1.158289999999999964e+04 8.961836339243789418e-01
1.158300000000000000e+04 8.962589615096809847e-01
1.158310000000000036e+04 8.962798300909582405e-01
1.158320000000000073e+04 8.962500391336022387e-01
1.158329999999999927e+04 8.961736861003122279e-01
1.158339999999999964e+04 8.960552409503629301e-01
1.158350000000000000e+04 8.958994716403311243e-01
1.158360000000000036e+04 8.957112206261308440e-01
1.158370000000000073e+04 8.954957028602520408e-01
1.158379999999999927e+04 8.952579097972414024e-01
1.158389999999999964e+04 8.950033543868904928e-01
1.158400000000000000e+04 8.947371025830624935e-01
1.158410000000000036e+04 8.944596758810022807e-01
1.158420000000000073e+04 8.941851546524918204e-01
1.158429999999999927e+04 8.939323127265356161e-01
1.158439999999999964e+04 8.936915396906592868e-01
1.158489999999999964e+04 8.927385137268378790e-01
1.158539999999999964e+04 8.926393989861760581e-01
1.158589999999999964e+04 8.937570071644398428e-01
1.158639999999999964e+04 8.962734891027198669e-01
1.158689999999999964e+04 9.002063521415816227e-01
1.158739999999999964e+04 9.054524147207317908e-01
1.158789999999999964e+04 9.118449473586118792e-01
1.158839999999999964e+04 9.192027677053267176e-01
1.158889999999999964e+04 9.273601892698141169e-01
1.158939999999999964e+04 9.361752908446102639e-01
1.158989999999999964e+04 9.455247760526135359e-01
1.159039999999999964e+04 9.552918299576781402e-01
1.159089999999999964e+04 9.653480902288611443e-01
1.159139999999999964e+04 9.755307013493169643e-01
1.159189999999999964e+04 9.856207843124606960e-01
1.159239999999999964e+04 9.953349436992574573e-01
1.159289999999999964e+04 1.004340242041872333e+00
1.159339999999999964e+04 1.012295323449139861e+00
1.159389999999999964e+04 1.018908150580729366e+00
1.159439999999999964e+04 1.023729045532013604e+00
1.159539999999999964e+04 1.029350479549203001e+00
1.159639999999999964e+04 1.029755322075509572e+00
1.159739999999999964e+04 1.026492414005172771e+00
1.159839999999999964e+04 1.020861470501266410e+00
1.159939999999999964e+04 1.014020211020083995e+00
1.160039999999999964e+04 1.007260602795278404e+00
1.160139999999999964e+04 1.001829093975052931e+00
1.160239999999999964e+04 9.984467634923278601e-01
1.160339999999999964e+04 9.969456898764110786e-01
1.160439999999999964e+04 9.963452385582519666e-01
1.160539999999999964e+04 9.954668302715283801e-01
1.160639999999999964e+04 9.937570840560525642e-01
1.160739999999999964e+04 9.915958719522223186e-01
1.160839999999999964e+04 9.898633289443693473e-01
1.160939999999999964e+04 9.893936984347793118e-01
1.161039999999999964e+04 9.907726195898592936e-01
1.161139999999999964e+04 9.943313908923548938e-01
1.161239999999999964e+04 1.000159933023346603e+00
1.161339999999999964e+04 1.008141803543301185e+00
1.161439999999999964e+04 1.017997927993852691e+00
1.161539999999999964e+04 1.029246295764805641e+00
1.161639999999999964e+04 1.041070692289685518e+00
1.161739999999999964e+04 1.052283821881563552e+00
1.161839999999999964e+04 1.061564960568678551e+00
1.161939999999999964e+04 1.067876332802386363e+00
1.162039999999999964e+04 1.070741068425686171e+00
1.162139999999999964e+04 1.070215861422253667e+00
1.162239999999999964e+04 1.066713810529859696e+00
1.162339999999999964e+04 1.060894309243202382e+00
1.162439999999999964e+04 1.053615813244069166e+00
1.162539999999999964e+04 1.045804498097480550e+00
1.162639999999999964e+04 1.038243873167788323e+00
1.162739999999999964e+04 1.031430550932178392e+00
1.162839999999999964e+04 1.025559645113677920e+00
1.162939999999999964e+04 1.020589510591578541e+00
1.163039999999999964e+04 1.016335240049877520e+00
1.163139999999999964e+04 1.012568269570194079e+00
1.163239999999999964e+04 1.009099519874515405e+00
1.163339999999999964e+04 1.005819104463618441e+00
1.163439999999999964e+04 1.002685676214063015e+00
1.163539999999999964e+04 9.996876132316889763e-01
1.163639999999999964e+04 9.968099411528829057e-01
1.163739999999999964e+04 9.940225622517537829e-01
1.163839999999999964e+04 9.912927713261426854e-01
1.163939999999999964e+04 9.886105109676663893e-01
1.164039999999999964e+04 9.860046124137289425e-01
1.164139999999999964e+04 9.835340791269829852e-01
1.164239999999999964e+04 9.812566480815949621e-01
1.164339999999999964e+04 9.791999585258455152e-01
1.164439999999999964e+04 9.773535060554068288e-01
1.164539999999999964e+04 9.756827229850815186e-01
1.164639999999999964e+04 9.741543081181699426e-01
1.164739999999999964e+04 9.727613330177611317e-01
1.164839999999999964e+04 9.715404513500490724e-01
1.164939999999999964e+04 9.705769648381645798e-01
1.165039999999999964e+04 9.699959578429147022e-01
1.165139999999999964e+04 9.699433000358244072e-01
1.165239999999999964e+04 9.705630731046916981e-01
1.165339999999999964e+04 9.719747739612313309e-01
1.165439999999999964e+04 9.742497729554514541e-01
1.165539999999999964e+04 9.773899325703740981e-01
1.165639999999999964e+04 9.813159855279318666e-01
1.165739999999999964e+04 9.858736437332538127e-01
1.165839999999999964e+04 9.908552030779812503e-01
1.165939999999999964e+04 9.960279276817071148e-01
1.166039999999999964e+04 1.001159230662672872e+00
1.166139999999999964e+04 1.006035000970853854e+00
1.166239999999999964e+04 1.010474503252263734e+00
1.166339999999999964e+04 1.014347140196292685e+00
