1.151499799999999959e+04 1.500758338173600187e-02
1.151549899999999980e+04 1.544635081961933873e-02
1.151600200000000041e+04 1.482585372794890423e-02
1.151650100000000020e+04 1.382340250903073622e-02
1.151700599999999940e+04 1.449537601743301242e-02
1.151750400000000081e+04 1.337623332782561861e-02
1.151800400000000081e+04 1.283644532538132099e-02
1.151849799999999959e+04 1.294766877368801541e-02
1.151900300000000061e+04 1.161468371725168404e-02
1.151950599999999940e+04 1.110593301811313091e-02
1.152000000000000000e+04 1.068006841718329054e-02
1.152050000000000000e+04 9.078114956319934675e-03
1.152100000000000000e+04 8.299075102824219133e-03
1.152149799999999959e+04 7.627527892816054859e-03
1.152199799999999959e+04 6.310959111634607474e-03
1.152250200000000041e+04 7.631671222520144265e-03
1.152299799999999959e+04 5.640835942137685001e-03
1.152350200000000041e+04 5.600165052985477815e-03
1.152399799999999959e+04 3.288969326198690549e-03
1.152450200000000041e+04 -1.430995389267339618e-04
1.152499699999999939e+04 -3.015432585526512440e-03
1.152550200000000041e+04 -3.081016910321087831e-03
1.152600400000000081e+04 -5.597965899614936250e-03
1.152650500000000102e+04 -7.893964238062170513e-03
1.152700100000000020e+04 -8.677392895254975105e-03
1.152749699999999939e+04 -1.022551340107102046e-02
1.152800100000000020e+04 -1.235771107837845342e-02
1.152849899999999980e+04 -1.328406318190376682e-02
1.152900300000000061e+04 -1.413405231846264799e-02
1.152950000000000000e+04 -1.480128464140852140e-02
1.152999600000000100e+04 -1.667204915815331812e-02
1.153049799999999959e+04 -1.690136725489112257e-02
1.153099699999999939e+04 -1.599444479081504195e-02
1.153149799999999959e+04 -1.546224970617440797e-02
1.153200000000000000e+04 -1.499678595335887654e-02
1.153249799999999959e+04 -1.278599666926934046e-02
1.153299899999999980e+04 -1.209511547542954299e-02
1.153350000000000000e+04 -1.234275894792742460e-02
1.153400300000000061e+04 -1.127165231046748511e-02
1.153449500000000080e+04 -9.006630015191160674e-03
1.153500100000000020e+04 -8.174989025770984866e-03
1.153549899999999980e+04 -6.350179410567166269e-03
1.153600000000000000e+04 -5.597425082753421793e-03
1.153649699999999939e+04 -3.175365966149421623e-03
1.153700400000000081e+04 -2.665756649961429324e-03
1.153749600000000100e+04 -2.323270398905348966e-03
1.153800100000000020e+04 -4.884084922373865562e-04
1.153850300000000061e+04 4.988989605272886542e-05
1.153900000000000000e+04 7.754608813314338911e-04
1.153949500000000080e+04 1.613761808090421850e-03
1.153999799999999959e+04 2.644940849985059472e-03
1.154050100000000020e+04 3.380447977579287017e-03
1.154100000000000000e+04 3.644476549918043620e-03
1.154149899999999980e+04 4.696537373357644908e-03
1.154200500000000102e+04 4.770740252024795874e-03
1.154249699999999939e+04 6.434197694565349686e-03
1.154300100000000020e+04 7.608175804694427419e-03
1.154350100000000020e+04 7.548676050567390376e-03
1.154400300000000061e+04 9.700517683674350286e-03
1.154450000000000000e+04 1.002514885068621873e-02
1.154499899999999980e+04 1.212764325245378749e-02
1.154550000000000000e+04 1.304602402162270518e-02
1.154600200000000041e+04 1.420174932632804060e-02
1.154650200000000041e+04 1.671382651974728795e-02
1.154700300000000061e+04 1.915990602138754190e-02
1.154750000000000000e+04 2.029993428662777571e-02
1.154800200000000041e+04 2.272919302797243857e-02
1.154849699999999939e+04 2.537402265126157894e-02
1.154899699999999939e+04 2.916064061630662882e-02
1.154949899999999980e+04 3.059213513011287827e-02
1.154999899999999980e+04 3.421626605448289254e-02
1.155049899999999980e+04 3.668744515987031746e-02
1.155099799999999959e+04 4.160515419373055773e-02
1.155149899999999980e+04 4.571981471299223221e-02
1.155199799999999959e+04 5.047846377791224970e-02
1.155250100000000020e+04 5.668790865226753378e-02
1.155300300000000061e+04 6.304247658141930166e-02
1.155350100000000020e+04 7.011467387934786077e-02
1.155400200000000041e+04 7.957755480031909745e-02
1.155450100000000020e+04 8.948793315956932171e-02
1.155499699999999939e+04 1.006235099325209631e-01
1.155549600000000100e+04 1.133952356304516879e-01
1.155600200000000041e+04 1.282222024644704972e-01
1.155649799999999959e+04 1.455686344870406601e-01
1.155700100000000020e+04 1.653277001435431437e-01
1.155749699999999939e+04 1.894633667058611692e-01
1.155799899999999980e+04 2.186309514350143757e-01
1.155850000000000000e+04 2.526047867012225501e-01
1.155900000000000000e+04 2.942051919110893476e-01
1.155950100000000020e+04 3.456334865969941106e-01
1.155999600000000100e+04 4.071114298030101275e-01
1.156050400000000081e+04 4.857523465803851859e-01
1.156099899999999980e+04 5.814054644628323665e-01
1.156150400000000081e+04 6.964650854967684435e-01
1.156200599999999940e+04 8.296596164824349140e-01
1.156250000000000000e+04 9.735696743749607807e-01
1.156300400000000081e+04 1.116975251138238923e+00
1.156350000000000000e+04 1.244551482236208040e+00
1.156400000000000000e+04 1.332178173635688578e+00
1.156450200000000041e+04 1.375911704772900590e+00
1.156500200000000041e+04 1.377270004580751994e+00
1.156550100000000020e+04 1.356560172665148611e+00
1.156600300000000061e+04 1.322071139719048105e+00
1.156649799999999959e+04 1.283311439644026386e+00
1.156699799999999959e+04 1.238891271997915711e+00
1.156750599999999940e+04 1.198989006284737480e+00
1.156799699999999939e+04 1.162065784090014597e+00
1.156850100000000020e+04 1.135638646487990400e+00
1.156900300000000061e+04 1.109989910613587982e+00
1.156950200000000041e+04 1.087626633639728446e+00
1.156999799999999959e+04 1.072034125609453215e+00
1.157050500000000102e+04 1.054944648046230782e+00
1.157100400000000081e+04 1.038915687574570201e+00
1.157150300000000061e+04 1.025048527411768440e+00
1.157200500000000102e+04 1.011944258781216188e+00
1.157249799999999959e+04 1.001172755901508449e+00
1.157299699999999939e+04 9.935184303521460425e-01
1.157349899999999980e+04 9.888764470172674015e-01
1.157399899999999980e+04 9.852181694258367317e-01
1.157450100000000020e+04 9.871132886016319441e-01
1.157500100000000020e+04 9.900912089740073752e-01
1.157550000000000000e+04 9.954305618478678230e-01
1.157599899999999980e+04 1.004161995067398561e+00
1.157650799999999981e+04 1.013065978307468695e+00
1.157699799999999959e+04 1.019201825769431746e+00
1.157750100000000020e+04 1.026417136946673470e+00
1.157799899999999980e+04 1.032661796211630234e+00
1.157849799999999959e+04 1.037092433231013411e+00
1.157900100000000020e+04 1.039369873503185993e+00
1.157950000000000000e+04 1.033773883108393354e+00
1.157999799999999959e+04 1.028082461785677415e+00
1.158050300000000061e+04 1.021671787543868337e+00
1.158100100000000020e+04 1.011736170467602669e+00
1.158149899999999980e+04 9.987166793052627556e-01
1.158200200000000041e+04 9.863933487451076454e-01
1.158250000000000000e+04 9.774907222009274754e-01
1.158300400000000081e+04 9.708475796058823049e-01
1.158350000000000000e+04 9.668538744083344794e-01
1.158400000000000000e+04 9.647586660775898659e-01
1.158450200000000041e+04 9.627114472013341695e-01
1.158500400000000081e+04 9.611193543988936216e-01
1.158549699999999939e+04 9.624816414446158985e-01
1.158600400000000081e+04 9.638563784145159907e-01
1.158649799999999959e+04 9.639734750914380479e-01
1.158700000000000000e+04 9.666877641156984557e-01
1.158750200000000041e+04 9.727025592597479120e-01
1.158800000000000000e+04 9.794744709818083983e-01
1.158849899999999980e+04 9.857258398643509167e-01
1.158900000000000000e+04 9.951575184544066976e-01
1.158949699999999939e+04 1.007696306072653814e+00
1.159000599999999940e+04 1.020045843877167346e+00
1.159050200000000041e+04 1.031367245660325116e+00
1.159100400000000081e+04 1.044012186694593947e+00
1.159149899999999980e+04 1.054573407344747471e+00
1.159200000000000000e+04 1.064941439736892814e+00
1.159250000000000000e+04 1.068053928941593345e+00
1.159300400000000081e+04 1.071748790051096467e+00
1.159350100000000020e+04 1.071305595970272861e+00
1.159400000000000000e+04 1.067095352150679854e+00
1.159449899999999980e+04 1.060262926706914133e+00
1.159500200000000041e+04 1.050016262493478791e+00
1.159550000000000000e+04 1.040817559221636435e+00
1.159600599999999940e+04 1.032966920643217490e+00
1.159650000000000000e+04 1.024025098421507796e+00
1.159700100000000020e+04 1.014713929294400963e+00
1.159749699999999939e+04 1.006929965640093405e+00
1.159800599999999940e+04 9.987580953078352142e-01
1.159850200000000041e+04 9.938462962310392612e-01
1.159900100000000020e+04 9.909249963953925544e-01
1.159949899999999980e+04 9.858866692922546582e-01
1.160000000000000000e+04 9.825042163328987499e-01
1.160050400000000081e+04 9.798885305340658824e-01
1.160099600000000100e+04 9.782717543380023972e-01
1.160149600000000100e+04 9.772240635613096416e-01
1.160199799999999959e+04 9.742940397986876722e-01
1.160249899999999980e+04 9.693030553061749988e-01
1.160299799999999959e+04 9.654014310902183649e-01
1.160349799999999959e+04 9.626236507033637535e-01
1.160400300000000061e+04 9.580782744720308663e-01
1.160450300000000061e+04 9.531996244651026462e-01
1.160500500000000102e+04 9.457477022708379311e-01
1.160550000000000000e+04 9.428017926615356314e-01
1.160600500000000102e+04 9.417457035178798952e-01
1.160650200000000041e+04 9.399686566626842543e-01
1.160700200000000041e+04 9.381062125365615678e-01
1.160750100000000020e+04 9.380365494225434420e-01
1.160799899999999980e+04 9.376039826585115255e-01
