1.151499799999999959e+04 1.433235554920912758e-02
1.151550100000000020e+04 1.043756829444092427e-02
1.151600400000000081e+04 8.813802367267444676e-03
1.151650000000000000e+04 9.004443165841194072e-03
1.151699899999999980e+04 7.798871474020446781e-03
1.151749899999999980e+04 7.701997785640856548e-03
1.151799799999999959e+04 7.804129645478109258e-03
1.151849600000000100e+04 7.513000269282229041e-03
1.151900100000000020e+04 5.117845049630093644e-03
1.151950200000000041e+04 5.321362483883216102e-03
1.151999899999999980e+04 4.136872350341053682e-03
1.152050000000000000e+04 4.079939459423521236e-03
1.152099699999999939e+04 2.039520563702006909e-03
1.152150200000000041e+04 1.611922140888404249e-03
1.152199799999999959e+04 3.100729131513612919e-03
1.152250200000000041e+04 1.472758063264562219e-03
1.152300200000000041e+04 1.885691238456123440e-03
1.152350200000000041e+04 1.956638646211968612e-03
1.152399799999999959e+04 -2.498859887425681093e-04
1.152450200000000041e+04 -2.021031922405225074e-03
1.152500000000000000e+04 -5.282719314807370233e-04
1.152550100000000020e+04 -1.126354379217845477e-03
1.152600300000000061e+04 -1.818171302408324664e-03
1.152649899999999980e+04 -2.480912429932601720e-03
1.152700000000000000e+04 -1.353299809102700502e-03
1.152750200000000041e+04 -2.668341656929446026e-03
1.152800100000000020e+04 -3.813511985082603060e-03
1.152850300000000061e+04 -4.818651992612710093e-03
1.152899600000000100e+04 -2.211112687221785875e-03
1.152950200000000041e+04 -3.545371279404151577e-03
1.153000100000000020e+04 -6.043115606183606728e-03
1.153050200000000041e+04 -4.176900279053803386e-03
1.153100100000000020e+04 -4.141008830391594737e-03
1.153149600000000100e+04 -3.800912464895107694e-03
1.153199699999999939e+04 -5.503293746993070945e-03
1.153249799999999959e+04 -5.540524469800126549e-03
1.153299699999999939e+04 -4.190948126120806402e-03
1.153350000000000000e+04 -8.100543496908710339e-03
1.153400200000000041e+04 -5.520609168224717249e-03
1.153450000000000000e+04 -7.422787527824712892e-03
1.153499899999999980e+04 -5.017779437896484687e-03
1.153549699999999939e+04 -5.815754396307964112e-03
1.153600000000000000e+04 -4.863724244612122050e-03
1.153649899999999980e+04 -7.467450415392934068e-03
1.153700400000000081e+04 -5.572127330110000602e-03
1.153750300000000061e+04 -5.612511086957238000e-03
1.153799899999999980e+04 -3.924189955035740397e-03
1.153849899999999980e+04 -3.596349290266197783e-03
1.153900000000000000e+04 -4.919001291667531375e-03
1.153950699999999961e+04 -1.916245083512785677e-03
1.153999500000000080e+04 -2.815464687902169416e-03
1.154050100000000020e+04 -4.413442047376804037e-04
1.154100300000000061e+04 -1.852975284165945093e-03
1.154150300000000061e+04 -1.509210328922170946e-03
1.154200100000000020e+04 2.492574665788931045e-04
1.154250100000000020e+04 1.005009732368520280e-03
1.154299899999999980e+04 3.776144165090331538e-03
1.154350100000000020e+04 3.388741168741103791e-03
1.154399899999999980e+04 6.654504618275425970e-03
1.154450000000000000e+04 7.303757963189261987e-03
1.154500100000000020e+04 9.764153616472877328e-03
1.154550000000000000e+04 1.110374166898552353e-02
1.154599799999999959e+04 1.485966429567108470e-02
1.154649500000000080e+04 1.675343512125418780e-02
1.154700300000000061e+04 1.900694139236657962e-02
1.154750100000000020e+04 2.148155651083386714e-02
1.154800200000000041e+04 2.503318992253240199e-02
1.154850000000000000e+04 3.064500704974075160e-02
1.154900300000000061e+04 3.420733738093417742e-02
1.154949799999999959e+04 3.877421760620728547e-02
1.154999699999999939e+04 4.070201285158383392e-02
1.155049899999999980e+04 4.762150186848661260e-02
1.155100300000000061e+04 5.390553529817734835e-02
1.155150100000000020e+04 5.956156743810803872e-02
1.155200200000000041e+04 6.758210312771742445e-02
1.155249899999999980e+04 7.475231937503198920e-02
1.155299799999999959e+04 8.373358363152896833e-02
1.155349899999999980e+04 9.207732145338683172e-02
1.155399799999999959e+04 1.064771004036667301e-01
1.155449699999999939e+04 1.173226193297662867e-01
1.155500400000000081e+04 1.347991917099800874e-01
1.155550400000000081e+04 1.481632945009403457e-01
1.155600400000000081e+04 1.723160277867444024e-01
1.155650000000000000e+04 1.938547178984337815e-01
1.155700100000000020e+04 2.233077001276669304e-01
1.155749600000000100e+04 2.469709932718550105e-01
1.155799899999999980e+04 2.866847829886596810e-01
1.155850200000000041e+04 3.259520117915827297e-01
1.155900100000000020e+04 3.751395542376007586e-01
1.155950100000000020e+04 4.376111324294659211e-01
1.156000300000000061e+04 5.038228995755735795e-01
1.156050400000000081e+04 5.832759603359891631e-01
1.156099500000000080e+04 6.927827235699124397e-01
1.156150400000000081e+04 7.970963302530825745e-01
1.156200000000000000e+04 9.141689930096813521e-01
1.156249500000000080e+04 1.055301133177697581e+00
1.156300000000000000e+04 1.158489652260285663e+00
1.156349699999999939e+04 1.252883659047860698e+00
1.156400200000000041e+04 1.307927287068614275e+00
1.156450000000000000e+04 1.350077608835690057e+00
1.156499500000000080e+04 1.349111866806504745e+00
1.156550400000000081e+04 1.333137453628574054e+00
1.156599699999999939e+04 1.303207779059147420e+00
1.156650100000000020e+04 1.268254187037810343e+00
1.156700200000000041e+04 1.241424249046649386e+00
1.156750000000000000e+04 1.193824043327015083e+00
1.156799899999999980e+04 1.168507172404952055e+00
1.156849799999999959e+04 1.148195080757483666e+00
1.156899600000000100e+04 1.127499043025862235e+00
1.156949899999999980e+04 1.102440233562710592e+00
1.157000100000000020e+04 1.093264992258287105e+00
1.157050000000000000e+04 1.070606934405830435e+00
1.157100599999999940e+04 1.066576935718698271e+00
1.157150500000000102e+04 1.057001609177559809e+00
1.157199899999999980e+04 1.038629592293937254e+00
1.157249600000000100e+04 1.029376343430144836e+00
1.157300000000000000e+04 1.030449999324640320e+00
1.157349899999999980e+04 1.012818094701795513e+00
1.157399899999999980e+04 1.022332791532470031e+00
1.157450000000000000e+04 1.025896438088189644e+00
1.157499699999999939e+04 1.028454899889925445e+00
1.157550200000000041e+04 1.022969033289814256e+00
1.157599799999999959e+04 1.028515786520016739e+00
1.157649899999999980e+04 1.034013536782016018e+00
1.157700200000000041e+04 1.045157916851957358e+00
1.157750100000000020e+04 1.044849689067090637e+00
1.157800100000000020e+04 1.050649147896714375e+00
1.157850400000000081e+04 1.050285010963689425e+00
1.157900400000000081e+04 1.054438173073526608e+00
1.157950300000000061e+04 1.050419683401013771e+00
1.158000300000000061e+04 1.042033974374788619e+00
1.158050100000000020e+04 1.036928316528628491e+00
1.158099699999999939e+04 1.024715114412053873e+00
1.158149500000000080e+04 1.011495141724564339e+00
1.158200200000000041e+04 1.003940789021274371e+00
1.158249699999999939e+04 9.933658432751063527e-01
1.158300400000000081e+04 9.892999127336815635e-01
1.158350200000000041e+04 9.875165510275449865e-01
1.158399699999999939e+04 9.845908339257057884e-01
1.158450000000000000e+04 9.806975518437960337e-01
1.158499699999999939e+04 9.849482528222653910e-01
1.158550300000000061e+04 9.752829939500422540e-01
1.158600500000000102e+04 9.752580005155551124e-01
1.158650300000000061e+04 9.741248375301173601e-01
1.158700200000000041e+04 9.783812438458185934e-01
1.158749699999999939e+04 9.770153564651912204e-01
1.158800100000000020e+04 9.870448276245156194e-01
1.158849899999999980e+04 9.887837302763979874e-01
1.158900300000000061e+04 1.001662349069391000e+00
1.158949899999999980e+04 9.981693532915809630e-01
1.158999899999999980e+04 1.015838369250306572e+00
1.159050200000000041e+04 1.024472860339302072e+00
1.159099699999999939e+04 1.040488379590196244e+00
1.159150500000000102e+04 1.045496982914391415e+00
1.159199699999999939e+04 1.048213449876464143e+00
1.159250300000000061e+04 1.053928042313917679e+00
1.159300200000000041e+04 1.050507072026657163e+00
1.159350300000000061e+04 1.041654881051867987e+00
1.159399699999999939e+04 1.045950440453734753e+00
1.159449699999999939e+04 1.039028882642203611e+00
1.159499799999999959e+04 1.038350085080869123e+00
1.159549600000000100e+04 1.025918273799078850e+00
1.159600100000000020e+04 1.025328580774711229e+00
1.159649600000000100e+04 1.011492852370487583e+00
1.159700500000000102e+04 1.007879424809554614e+00
1.159750000000000000e+04 9.936296018910932837e-01
1.159799799999999959e+04 9.905141280117412128e-01
1.159850500000000102e+04 9.833360839860539881e-01
1.159900100000000020e+04 9.801897799134223765e-01
1.159950100000000020e+04 9.711696207593140118e-01
1.159999699999999939e+04 9.728442140320755493e-01
1.160049799999999959e+04 9.666264531153535566e-01
1.160100100000000020e+04 9.706014461652249237e-01
1.160150000000000000e+04 9.717876249985091253e-01
1.160200100000000020e+04 9.633250664968051602e-01
1.160249799999999959e+04 9.646217969833490447e-01
1.160299899999999980e+04 9.578162206661154920e-01
1.160349799999999959e+04 9.510783841595915611e-01
1.160399799999999959e+04 9.427525980138403705e-01
1.160449799999999959e+04 9.444397935056791926e-01
1.160499600000000100e+04 9.384295724915273640e-01
1.160550000000000000e+04 9.302969008900998649e-01
1.160600200000000041e+04 9.373051607989640877e-01
1.160650000000000000e+04 9.296188435334573619e-01
1.160699699999999939e+04 9.301848792542881661e-01
1.160749899999999980e+04 9.262055813258093240e-01
1.160799899999999980e+04 9.295910159042795051e-01
