1.151500000000000000e+04 1.548158257480992473e-03
1.151550000000000000e+04 1.430997522213524418e-03
1.151599699999999939e+04 1.233160761622805694e-03
1.151650000000000000e+04 9.175887964508037432e-04
1.151699899999999980e+04 4.588256535158656622e-04
1.151749699999999939e+04 4.933550956100410520e-04
1.151800400000000081e+04 1.947499469394502972e-03
1.151850100000000020e+04 2.137526383864648671e-03
1.151900100000000020e+04 1.636509397095171599e-03
1.151950400000000081e+04 1.223173561199547912e-03
1.151999899999999980e+04 1.830137518216945394e-03
1.152050200000000041e+04 1.177468450268987117e-03
1.152100200000000041e+04 1.284776116836480655e-03
1.152149799999999959e+04 1.797418934654844685e-03
1.152200200000000041e+04 7.715896196115783418e-04
1.152250900000000001e+04 1.415453009395416630e-03
1.152300500000000102e+04 1.203835839076926317e-03
1.152350000000000000e+04 1.275964896252245254e-03
1.152400200000000041e+04 1.433081808843647553e-03
1.152449799999999959e+04 6.981383906998941524e-04
1.152500400000000081e+04 1.522226446380902948e-03
1.152550100000000020e+04 2.224629869417241862e-03
1.152600400000000081e+04 1.455399608167221893e-03
1.152649799999999959e+04 2.290652105020599214e-03
1.152700100000000020e+04 2.161275744003951158e-03
1.152749799999999959e+04 2.227232813258075463e-03
1.152799899999999980e+04 2.926249811617672499e-03
1.152850100000000020e+04 3.527930231960251222e-03
1.152899699999999939e+04 2.631684539610353816e-03
1.152950200000000041e+04 1.892689500038046259e-03
1.153000300000000061e+04 3.542139722584837155e-04
1.153049600000000100e+04 -9.723397383680256183e-05
1.153100100000000020e+04 1.888862699726499231e-03
1.153150000000000000e+04 1.154435882848295868e-03
1.153200000000000000e+04 1.935744188096776962e-03
1.153250100000000020e+04 1.333485326430770574e-03
1.153300200000000041e+04 2.365081454643221668e-04
1.153350000000000000e+04 -4.770892021778976727e-04
1.153400100000000020e+04 -2.811637004830437776e-03
1.153450200000000041e+04 -4.999010257036549942e-03
1.153500400000000081e+04 -5.195670683246315751e-03
1.153550400000000081e+04 -5.902910461534694939e-03
1.153600000000000000e+04 -6.351270394237371920e-03
1.153650100000000020e+04 -8.110982944680787676e-03
1.153700400000000081e+04 -9.772319487358332307e-03
1.153750000000000000e+04 -1.067546376071680861e-02
1.153800300000000061e+04 -1.141499078181828358e-02
1.153850100000000020e+04 -1.240085439212206854e-02
1.153900200000000041e+04 -1.203495401088113675e-02
1.153950000000000000e+04 -1.203351920546170961e-02
1.154000200000000041e+04 -1.126122054599262325e-02
1.154050200000000041e+04 -1.075379418267709102e-02
1.154100699999999961e+04 -8.972757714097178566e-03
1.154150100000000020e+04 -6.534569420084533620e-03
1.154199899999999980e+04 -4.556014474251249974e-03
1.154249899999999980e+04 -1.424808254622554008e-03
1.154299699999999939e+04 1.982400807943372843e-03
1.154350100000000020e+04 4.952928117491521391e-03
1.154400300000000061e+04 7.117680033968317235e-03
1.154450100000000020e+04 1.054840802437392172e-02
1.154499799999999959e+04 1.407139072948118685e-02
1.154550200000000041e+04 1.574569881774203275e-02
1.154600200000000041e+04 1.848811919453361222e-02
1.154649699999999939e+04 2.232647039730705635e-02
1.154699899999999980e+04 2.654991774907988766e-02
1.154749400000000060e+04 2.977660527692804759e-02
1.154799600000000100e+04 3.215640946244192888e-02
1.154850200000000041e+04 3.526890648293512509e-02
1.154899600000000100e+04 3.847623763614753389e-02
1.154949799999999959e+04 4.290113837178231859e-02
1.155000000000000000e+04 4.527068448894002589e-02
1.155049899999999980e+04 4.966046856850801078e-02
1.155100000000000000e+04 5.547191364144005155e-02
1.155149400000000060e+04 5.907109653425202112e-02
1.155200200000000041e+04 6.399432380463182524e-02
1.155249899999999980e+04 6.910766374831968373e-02
1.155299600000000100e+04 7.465505016408503780e-02
1.155350400000000081e+04 8.184667109045239142e-02
1.155400200000000041e+04 9.082320125582163395e-02
1.155450000000000000e+04 1.004330913766703082e-01
1.155499799999999959e+04 1.122515726072524506e-01
1.155550000000000000e+04 1.242272246471764485e-01
1.155600200000000041e+04 1.387787471677892903e-01
1.155649799999999959e+04 1.558957565623454722e-01
1.155699699999999939e+04 1.764974657234717192e-01
1.155750300000000061e+04 1.989515044823700063e-01
1.155800200000000041e+04 2.272376335666185243e-01
1.155850000000000000e+04 2.613312562290765473e-01
1.155900000000000000e+04 3.013325644502400369e-01
1.155949799999999959e+04 3.499874964032833047e-01
1.156000300000000061e+04 4.118051055753959022e-01
1.156050100000000020e+04 4.851892026218487253e-01
1.156099699999999939e+04 5.758339946094735984e-01
1.156150200000000041e+04 6.877881974585516867e-01
1.156200200000000041e+04 8.149105969159212703e-01
1.156249799999999959e+04 9.531143721181550843e-01
1.156300200000000041e+04 1.091937132228931073e+00
1.156349799999999959e+04 1.212572367736595602e+00
1.156399799999999959e+04 1.293945947005374686e+00
1.156449899999999980e+04 1.336775126089590149e+00
1.156499500000000080e+04 1.342209869998401750e+00
1.156550100000000020e+04 1.322946893625094988e+00
1.156600100000000020e+04 1.287043684138671651e+00
1.156650000000000000e+04 1.249372547493391439e+00
1.156700200000000041e+04 1.212303628325709592e+00
1.156749799999999959e+04 1.172823773811424219e+00
1.156800100000000020e+04 1.138873854516030404e+00
1.156850300000000061e+04 1.114295828687778434e+00
1.156899799999999959e+04 1.087623431688049758e+00
1.156950000000000000e+04 1.066407467832678480e+00
1.156999799999999959e+04 1.053331468447083141e+00
1.157049799999999959e+04 1.037164075767631699e+00
1.157100100000000020e+04 1.019190541586627585e+00
1.157149799999999959e+04 1.006753895329409509e+00
1.157200000000000000e+04 9.992274342695067757e-01
1.157249899999999980e+04 9.866708343870369546e-01
1.157300400000000081e+04 9.783105064239907556e-01
1.157350100000000020e+04 9.746735915609251455e-01
1.157400400000000081e+04 9.757802272252670273e-01
1.157449799999999959e+04 9.757317583941966799e-01
1.157500100000000020e+04 9.773749237140116897e-01
1.157550000000000000e+04 9.822019487034603369e-01
1.157599799999999959e+04 9.909195958983475494e-01
1.157649500000000080e+04 9.966419843648661736e-01
1.157700400000000081e+04 1.003799136001536585e+00
1.157749400000000060e+04 1.013149036531565628e+00
1.157800300000000061e+04 1.018868308723474669e+00
1.157849899999999980e+04 1.021649475209126523e+00
1.157900400000000081e+04 1.023575378641718547e+00
1.157950100000000020e+04 1.025390563187410065e+00
1.158000000000000000e+04 1.016905723949677931e+00
1.158049699999999939e+04 1.010393312775226926e+00
1.158100100000000020e+04 1.001399926810976337e+00
1.158150100000000020e+04 9.906417860666104636e-01
1.158200000000000000e+04 9.795679191986677026e-01
1.158250000000000000e+04 9.709078570808266084e-01
1.158299699999999939e+04 9.664612575685325169e-01
1.158349899999999980e+04 9.616334647778274070e-01
1.158399699999999939e+04 9.592437973811649421e-01
1.158449500000000080e+04 9.593925009423672767e-01
1.158499899999999980e+04 9.603685138674460386e-01
1.158550400000000081e+04 9.593619889509255039e-01
1.158599899999999980e+04 9.591108347278191060e-01
1.158650300000000061e+04 9.633287562983149366e-01
1.158700300000000061e+04 9.661642187378636226e-01
1.158749699999999939e+04 9.698849155379912768e-01
1.158800200000000041e+04 9.768410641434605024e-01
1.158850100000000020e+04 9.856182558191207699e-01
1.158900200000000041e+04 9.944879728708518885e-01
1.158949699999999939e+04 1.004038005412029255e+00
1.158999699999999939e+04 1.016422961719153584e+00
1.159050200000000041e+04 1.029481769750818732e+00
1.159100200000000041e+04 1.040449012539466089e+00
1.159149799999999959e+04 1.053859562335221156e+00
1.159199899999999980e+04 1.062955474775568954e+00
1.159249899999999980e+04 1.066277391287544729e+00
1.159300000000000000e+04 1.068891572277254065e+00
1.159349699999999939e+04 1.068068095261215600e+00
1.159399799999999959e+04 1.063807509864553635e+00
1.159450100000000020e+04 1.058403841711958782e+00
1.159499799999999959e+04 1.050984506718492861e+00
1.159550000000000000e+04 1.043928925832476873e+00
1.159600100000000020e+04 1.034385954222649007e+00
1.159650200000000041e+04 1.026339204879262557e+00
1.159700100000000020e+04 1.018748365047787541e+00
1.159750200000000041e+04 1.012345160409132694e+00
1.159800200000000041e+04 1.004190768097687814e+00
1.159850000000000000e+04 9.992440177738600715e-01
1.159900100000000020e+04 9.971723372900100912e-01
1.159949699999999939e+04 9.930387264135389636e-01
1.160000000000000000e+04 9.881786674762254030e-01
1.160050000000000000e+04 9.892174102310679062e-01
1.160099799999999959e+04 9.878588078741931122e-01
1.160150200000000041e+04 9.861791381177217319e-01
1.160200000000000000e+04 9.825594362681180360e-01
1.160249899999999980e+04 9.797617762306891631e-01
1.160299699999999939e+04 9.759576694731161295e-01
1.160350200000000041e+04 9.734835632409556405e-01
1.160400300000000061e+04 9.682822816710252578e-01
1.160449899999999980e+04 9.657773844189676549e-01
1.160499799999999959e+04 9.633296986231846271e-01
1.160549799999999959e+04 9.605273605073932908e-01
1.160599799999999959e+04 9.556649063111994913e-01
1.160649699999999939e+04 9.554007857710904439e-01
1.160699899999999980e+04 9.566426040105977524e-01
1.160749699999999939e+04 9.554235266934926196e-01
1.160799799999999959e+04 9.576502839311046289e-01
