1.152400000000000000e+04 4.265645606133085764e-03
1.152450000000000000e+04 3.794296976687319516e-03
1.152500000000000000e+04 3.383214089466644869e-03
1.152550000000000000e+04 2.980509772215797493e-03
1.152600000000000000e+04 2.586529059202213616e-03
1.152650000000000000e+04 2.201633762258120922e-03
1.152700000000000000e+04 1.826206118077256446e-03
1.152750000000000000e+04 1.460652435511542412e-03
1.152800000000000000e+04 1.105398718815058965e-03
1.152850000000000000e+04 7.608994211561142086e-04
1.152900000000000000e+04 4.276337973205558414e-04
1.152950000000000000e+04 1.061102804677832741e-04
1.153000000000000000e+04 -2.031306000292700464e-04
1.153050000000000000e+04 -4.995169480538770275e-04
1.153100000000000000e+04 -7.824389355958829857e-04
1.153150000000000000e+04 -1.051248073302763668e-03
1.153200000000000000e+04 -1.305255022098986660e-03
1.153250000000000000e+04 -1.543723028051987699e-03
1.153300000000000000e+04 -1.765868651831478849e-03
1.153350000000000000e+04 -1.970852285738069858e-03
1.153400000000000000e+04 -2.157777424243903942e-03
1.153450000000000000e+04 -2.325684828317957364e-03
1.153500000000000000e+04 -2.473545960291984556e-03
1.153550000000000000e+04 -2.600257877645153516e-03
1.153600000000000000e+04 -2.704635208951281563e-03
1.153650000000000000e+04 -2.785402129826155659e-03
1.153700000000000000e+04 -2.841186527252764771e-03
1.153750000000000000e+04 -2.870507598772582304e-03
1.153800000000000000e+04 -2.871766369514115475e-03
1.153850000000000000e+04 -2.843234020843515755e-03
1.153900000000000000e+04 -2.783036571718421320e-03
1.153950000000000000e+04 -2.689143936795296893e-03
1.154000000000000000e+04 -2.559346583740956284e-03
1.154050000000000000e+04 -2.391243861867562489e-03
1.154100000000000000e+04 -2.182216282688114947e-03
1.154150000000000000e+04 -1.929402906674349081e-03
1.154200000000000000e+04 -1.629672894342499775e-03
1.154250000000000000e+04 -1.279595598420399079e-03
1.154300000000000000e+04 -8.754004435838276836e-04
1.154350000000000000e+04 -4.129368061928405452e-04
1.154400000000000000e+04 1.123748594839322861e-04
1.154450000000000000e+04 7.055999190977626373e-04
1.154500000000000000e+04 1.372352291722995880e-03
1.154550000000000000e+04 2.118873231465636872e-03
1.154600000000000000e+04 2.952115944746779887e-03
1.154650000000000000e+04 3.879849902988029287e-03
1.154700000000000000e+04 4.910782662321186431e-03
1.154750000000000000e+04 6.054702837618707381e-03
1.154800000000000000e+04 7.322645689763728795e-03
1.154850000000000000e+04 8.727101021564291281e-03
1.154900000000000000e+04 1.028224733419086205e-02
1.154950000000000000e+04 1.200424579930557852e-02
1.155000000000000000e+04 1.391158602277865926e-02
1.155050000000000000e+04 1.602551131948571836e-02
1.155100000000000000e+04 1.837053735889795231e-02
1.155150000000000000e+04 2.097507950011378783e-02
1.155200000000000000e+04 2.387224425524193949e-02
1.155250000000000000e+04 2.710079509356648139e-02
1.155300000000000000e+04 3.070638887512672222e-02
1.155350000000000000e+04 3.474306394776916634e-02
1.155400000000000000e+04 3.927523157114346658e-02
1.155450000000000000e+04 4.438012690008207028e-02
1.155500000000000000e+04 5.015101860569263353e-02
1.155550000000000000e+04 5.670133761521770760e-02
1.155600000000000000e+04 6.417007511114482254e-02
1.155650000000000000e+04 7.272893123273030391e-02
1.155700000000000000e+04 8.259166674472763481e-02
1.155750000000000000e+04 9.402668621098837776e-02
1.155800000000000000e+04 1.073736842565847227e-01
1.155850000000000000e+04 1.230659305506112827e-01
1.155900000000000000e+04 1.416596086608223337e-01
1.155910000000000036e+04 1.456515457713284112e-01
1.155920000000000073e+04 1.499164684503387079e-01
1.155929000000000087e+04 1.540869779310155285e-01
1.155938999999999942e+04 1.587103861076753220e-01
1.155948999999999978e+04 1.634103583365703882e-01
1.155959000000000015e+04 1.681905419144043012e-01
1.155963999999999942e+04 1.706213083560739752e-01
1.155973999999999978e+04 1.758299690551492767e-01
1.155984000000000015e+04 1.812400699507366320e-01
1.155994000000000051e+04 1.868611961385582276e-01
1.156004000000000087e+04 1.927034141574920922e-01
1.156013999999999942e+04 1.987772574003959236e-01
1.156023999999999978e+04 2.050937698816650556e-01
1.156034000000000015e+04 2.116645062372294328e-01
1.156044000000000051e+04 2.185015317245642963e-01
1.156054000000000087e+04 2.256174222226745019e-01
1.156063999999999942e+04 2.330252861158852162e-01
1.156073999999999978e+04 2.407387205262786767e-01
1.156084000000000015e+04 2.487718113136919429e-01
1.156094000000000051e+04 2.571390893081665907e-01
1.156104000000000087e+04 2.658555303099334743e-01
1.156113999999999942e+04 2.749364383759285713e-01
1.156123999999999978e+04 2.843974385251971659e-01
1.156134000000000015e+04 2.942543381416192205e-01
1.156144000000000051e+04 3.045230321441930177e-01
1.156154000000000087e+04 3.152193643897706621e-01
1.156163999999999942e+04 3.263589671919882029e-01
1.156173999999999978e+04 3.379570133051005842e-01
1.156184000000000015e+04 3.500280335591444136e-01
1.156194000000000051e+04 3.625855740140455086e-01
1.156204000000000087e+04 3.756419114704875883e-01
1.156213999999999942e+04 3.892076303834794415e-01
1.156223999999999978e+04 4.032912289543226780e-01
1.156234000000000015e+04 4.178986085090711788e-01
1.156244000000000051e+04 4.330325409932112568e-01
1.156254000000000087e+04 4.486920999933873277e-01
1.156263999999999942e+04 4.648720042239811168e-01
1.156273999999999978e+04 4.815620120758705713e-01
1.156284000000000015e+04 4.987462140408682187e-01
1.156294000000000051e+04 5.164023543145328521e-01
1.156304000000000087e+04 5.345012545233026602e-01
1.156313999999999942e+04 5.530061790948563871e-01
1.156323999999999978e+04 5.718723975825077410e-01
1.156334000000000015e+04 5.910468126409654799e-01
1.156344000000000051e+04 6.104678068398438073e-01
1.156354000000000087e+04 6.300653229042131320e-01
1.156363999999999942e+04 6.497610971415727077e-01
1.156373999999999978e+04 6.696892123443920486e-01
1.156384000000000015e+04 6.895373058577082270e-01
1.156394000000000051e+04 7.092074112922540641e-01
1.156404000000000087e+04 7.285968207730934010e-01
1.156413999999999942e+04 7.475993979663655420e-01
1.156423999999999978e+04 7.661093712678834766e-01
1.156434000000000015e+04 7.840226468299518192e-01
1.156444000000000051e+04 8.012381945340938394e-01
1.156454000000000087e+04 8.176620600174283604e-01
1.156463999999999942e+04 8.332106472396745289e-01
1.156473999999999978e+04 8.478044451328673459e-01
1.156484000000000015e+04 8.613749574650626517e-01
1.156494000000000051e+04 8.738726539471198818e-01
1.156504000000000087e+04 8.852627393685702506e-01
1.156513999999999942e+04 8.955252994894439267e-01
1.156523999999999978e+04 9.046547174728394314e-01
1.156534000000000015e+04 9.126594550470812361e-01
1.156544000000000051e+04 9.195605935870816428e-01
1.156554000000000087e+04 9.253907399252918609e-01
1.156563999999999942e+04 9.301919838655877681e-01
1.156573999999999978e+04 9.340146581023780481e-01
1.156584000000000015e+04 9.369149310047744095e-01
1.156594000000000051e+04 9.389537124275930680e-01
1.156604000000000087e+04 9.401943923874142017e-01
1.156613999999999942e+04 9.407016009816943081e-01
1.156623999999999978e+04 9.405400412538034161e-01
1.156634000000000015e+04 9.397729573284688831e-01
1.156644000000000051e+04 9.384616237901718394e-01
1.156654000000000087e+04 9.366643973860357963e-01
1.156663999999999942e+04 9.344364981880582954e-01
1.156673999999999978e+04 9.318293530796405433e-01
1.156684000000000015e+04 9.288906687015547892e-01
1.156694000000000051e+04 9.256643585060405632e-01
1.156704000000000087e+04 9.221906157026762418e-01
1.156713999999999942e+04 9.185059862043494228e-01
1.156723999999999978e+04 9.146436604109985380e-01
1.156734000000000015e+04 9.106337649933363698e-01
1.156744000000000051e+04 9.065033628928416132e-01
1.156754000000000087e+04 9.022771098351732855e-01
1.156763999999999942e+04 8.979771084383139090e-01
1.156773999999999978e+04 8.936236376718975638e-01
1.156784000000000015e+04 8.892349340193936857e-01
1.156794000000000051e+04 8.848275562078120604e-01
1.156804000000000087e+04 8.804166769913971402e-01
1.156813999999999942e+04 8.760162290435377086e-01
1.156823999999999978e+04 8.716389049567251357e-01
1.156834000000000015e+04 8.672962301885236425e-01
1.156844000000000051e+04 8.629990007371528549e-01
1.156854000000000087e+04 8.587570643036923634e-01
1.156863999999999942e+04 8.545793202920847209e-01
1.156873999999999978e+04 8.504742304306595058e-01
1.156884000000000015e+04 8.464491622587320130e-01
1.156894000000000051e+04 8.425111185859792684e-01
1.156904000000000087e+04 8.386663727627075016e-01
1.156913999999999942e+04 8.349205416258184131e-01
1.156923999999999978e+04 8.312787313907068487e-01
1.156934000000000015e+04 8.277454647052653325e-01
1.156944000000000051e+04 8.243248265417881804e-01
1.156954000000000087e+04 8.210201724132459855e-01
1.156963999999999942e+04 8.178347119407206600e-01
1.156973999999999978e+04 8.147709252859758333e-01
1.156984000000000015e+04 8.118310008270187561e-01
1.156994000000000051e+04 8.090166892662736808e-01
1.157004000000000087e+04 8.063294495224087033e-01
1.157013999999999942e+04 8.037703028385038140e-01
1.157023999999999978e+04 8.013399786739036079e-01
1.157034000000000015e+04 7.990389147042008533e-01
1.157044000000000051e+04 7.968672568212689100e-01
1.157054000000000087e+04 7.948249320791787031e-01
1.157063999999999942e+04 7.929115757482505522e-01
1.157073999999999978e+04 7.911266042610182181e-01
1.157084000000000015e+04 7.894692881581475419e-01
1.157094000000000051e+04 7.879386061965535371e-01
1.157104000000000087e+04 7.865334641872325783e-01
1.157113999999999942e+04 7.852524761574402046e-01
1.157123999999999978e+04 7.840941831885029911e-01
1.157134000000000015e+04 7.830569804698647163e-01
1.157144000000000051e+04 7.821391172991215557e-01
1.157154000000000087e+04 7.813385511901187463e-01
1.157163999999999942e+04 7.806533855485690010e-01
1.157173999999999978e+04 7.800812861045923752e-01
1.157184000000000015e+04 7.796199915342423292e-01
1.157194000000000051e+04 7.792670946216945227e-01
1.157204000000000087e+04 7.790200422592568064e-01
1.157213999999999942e+04 7.788760625014451433e-01
1.157223999999999978e+04 7.788323834027761627e-01
1.157234000000000015e+04 7.788861600718166578e-01
1.157244000000000051e+04 7.790342558334129031e-01
1.157254000000000087e+04 7.792736069583459102e-01
1.157263999999999942e+04 7.796010038255182240e-01
1.157273999999999978e+04 7.800129450300909983e-01
1.157284000000000015e+04 7.805061480050589084e-01
1.157294000000000051e+04 7.810770383996392674e-01
1.157304000000000087e+04 7.817220418630906886e-01
1.157313999999999942e+04 7.824375110987068505e-01
1.157323999999999978e+04 7.832196529179191735e-01
1.157334000000000015e+04 7.840648200240366572e-01
1.157344000000000051e+04 7.849691462825667543e-01
1.157354000000000087e+04 7.859287655590067034e-01
1.157363999999999942e+04 7.869400305566504050e-01
1.157373999999999978e+04 7.879990021950868950e-01
1.157384000000000015e+04 7.891019602316758919e-01
1.157394000000000051e+04 7.902451844237826650e-01
1.157404000000000087e+04 7.914250274747213210e-01
1.157413999999999942e+04 7.926378420877857600e-01
1.157423999999999978e+04 7.938802727500261502e-01
1.157434000000000015e+04 7.951488180566039787e-01
1.157444000000000051e+04 7.964403413323712932e-01
1.157454000000000087e+04 7.977517059021538293e-01
1.157463999999999942e+04 7.990799939286157283e-01
1.157473999999999978e+04 8.004223605203187875e-01
1.157484000000000015e+04 8.017762525695859566e-01
1.157494000000000051e+04 8.031391899146538282e-01
1.157504000000000087e+04 8.045089841775098227e-01
1.157513999999999942e+04 8.058835199260759863e-01
1.157523999999999978e+04 8.072610464579221823e-01
1.157534000000000015e+04 8.086398130706554666e-01
1.157544000000000051e+04 8.100183608455869821e-01
1.157554000000000087e+04 8.113953038099670501e-01
1.157563999999999942e+04 8.127696207207262269e-01
1.157573999999999978e+04 8.141402903347945141e-01
1.157584000000000015e+04 8.155065831928225428e-01
1.157594000000000051e+04 8.168676968895477453e-01
1.157604000000000087e+04 8.182232666952949929e-01
1.157613999999999942e+04 8.195727090425880546e-01
1.157623999999999978e+04 8.209159509854979664e-01
1.157634000000000015e+04 8.222526277943604800e-01
1.157644000000000051e+04 8.235827394691703773e-01
1.157654000000000087e+04 8.249062860099172223e-01
1.157663999999999942e+04 8.262233403625557360e-01
1.157673999999999978e+04 8.275339754730096642e-01
1.157684000000000015e+04 8.288384831250039664e-01
1.157694000000000051e+04 8.301370821563612834e-01
1.157704000000000087e+04 8.314301372967356496e-01
1.157713999999999942e+04 8.327179403298730076e-01
1.157723999999999978e+04 8.340009289313666807e-01
1.157734000000000015e+04 8.352796137227592732e-01
1.157744000000000051e+04 8.365545053255878383e-01
1.157754000000000087e+04 8.378261873073293842e-01
1.157763999999999942e+04 8.390952432354447099e-01
1.157773999999999978e+04 8.403623296233494466e-01
1.157784000000000015e+04 8.416282488763062730e-01
1.157794000000000051e+04 8.428936575077307092e-01
1.157804000000000087e+04 8.441594308688249448e-01
1.157813999999999942e+04 8.454262984189176988e-01
1.157823999999999978e+04 8.466952084551702118e-01
1.157834000000000015e+04 8.479669633828457176e-01
1.157844000000000051e+04 8.492423656072117799e-01
1.157854000000000087e+04 8.505222904794861316e-01
1.157863999999999942e+04 8.518075404049312294e-01
1.157873999999999978e+04 8.530987718969628153e-01
1.157884000000000015e+04 8.543965685230366924e-01
1.157894000000000051e+04 8.557015138506446350e-01
1.157904000000000087e+04 8.570139726094413435e-01
1.157913999999999942e+04 8.583340906912992896e-01
1.157923999999999978e+04 8.596618680962238024e-01
1.157934000000000015e+04 8.609970859864027881e-01
1.157944000000000051e+04 8.623393796321717764e-01
1.157954000000000087e+04 8.636878736823290215e-01
1.157963999999999942e+04 8.650416927856571236e-01
1.157973999999999978e+04 8.663993780234828801e-01
1.157984000000000015e+04 8.677593975311992391e-01
1.157994000000000051e+04 8.691197817685851756e-01
1.158004000000000087e+04 8.704782694116840469e-01
1.158013999999999942e+04 8.718322344068798468e-01
1.158023999999999978e+04 8.731787589168213959e-01
1.158034000000000015e+04 8.745147062663394255e-01
1.158044000000000051e+04 8.758365750506167391e-01
1.158054000000000087e+04 8.771407179729517889e-01
1.158063999999999942e+04 8.784231959529079647e-01
1.158073999999999978e+04 8.796800699100589815e-01
1.158084000000000015e+04 8.809071089802426036e-01
1.158094000000000051e+04 8.821002281911491938e-01
1.158104000000000087e+04 8.832551237326826676e-01
1.158113999999999942e+04 8.843678565244117440e-01
1.158123999999999978e+04 8.854343415940415518e-01
1.158134000000000015e+04 8.864508586989324757e-01
1.158144000000000051e+04 8.874139064342616567e-01
1.158154000000000087e+04 8.883203481248754807e-01
1.158163999999999942e+04 8.891673388793407407e-01
1.158173999999999978e+04 8.899525444277776032e-01
1.158184000000000015e+04 8.906739222840412973e-01
1.158194000000000051e+04 8.913302323672446237e-01
1.158204000000000087e+04 8.919204534343236901e-01
1.158213999999999942e+04 8.924443666474659587e-01
1.158223999999999978e+04 8.929019720066817545e-01
1.158234000000000015e+04 8.932942178091020091e-01
1.158244000000000051e+04 8.936221982437456690e-01
1.158254000000000087e+04 8.938878099048889192e-01
1.158263999999999942e+04 8.940933141164738585e-01
1.158273999999999978e+04 8.942414098780753218e-01
1.158284000000000015e+04 8.943351609189080786e-01
1.158294000000000051e+04 8.943782145356572455e-01
1.158304000000000087e+04 8.943742909709733180e-01
1.158313999999999942e+04 8.943276210890138689e-01
1.158323999999999978e+04 8.942424357539401347e-01
1.158334000000000015e+04 8.941234035055285467e-01
1.158344000000000051e+04 8.939752658294836118e-01
1.158354000000000087e+04 8.938027642115101701e-01
1.158363999999999942e+04 8.936108589751197151e-01
1.158373999999999978e+04 8.934045104438080864e-01
1.158384000000000015e+04 8.931886059951584800e-01
1.158394000000000051e+04 8.929681788986008062e-01
1.158404000000000087e+04 8.927544628279688865e-01
1.158413999999999942e+04 8.925514698096175259e-01
1.158423999999999978e+04 8.923511028448871674e-01
1.158434000000000015e+04 8.921538725553206373e-01
1.158444000000000051e+04 8.919657605074939877e-01
1.158454000000000087e+04 8.918153615074975171e-01
1.158463999999999942e+04 8.917115749592748886e-01
1.158513999999999942e+04 8.916451987922044964e-01
1.158563999999999942e+04 8.927121106544749773e-01
1.158613999999999942e+04 8.951223218898517464e-01
1.158663999999999942e+04 8.989217154907640506e-01
1.158713999999999942e+04 9.040288837949597145e-01
1.158763999999999942e+04 9.102900567737390869e-01
1.158813999999999942e+04 9.175313313206362453e-01
1.158863999999999942e+04 9.255914969217081678e-01
1.158913999999999942e+04 9.343329775455695430e-01
1.158963999999999942e+04 9.436381114008159932e-01
1.159013999999999942e+04 9.533968960190934983e-01
1.159063999999999942e+04 9.634872928529728542e-01
1.159113999999999942e+04 9.737507174421008438e-01
1.159163999999999942e+04 9.839683319847282172e-01
1.159213999999999942e+04 9.938525836093501376e-01
1.159263999999999942e+04 1.003061574723687288e+00
1.159313999999999942e+04 1.011238745602763611e+00
1.159363999999999942e+04 1.018068532136434223e+00
1.159413999999999942e+04 1.023261776642653054e+00
1.159463999999999942e+04 1.026770480696896914e+00
1.159563999999999942e+04 1.029531274723479051e+00
1.159663999999999942e+04 1.027523811887628646e+00
1.159763999999999942e+04 1.022229113485704666e+00
1.159863999999999942e+04 1.014872160585972960e+00
1.159963999999999942e+04 1.006830026528959143e+00
1.160063999999999942e+04 9.995738849099020662e-01
1.160163999999999942e+04 9.941768433626859691e-01
1.160263999999999942e+04 9.909303208933084584e-01
1.160363999999999942e+04 9.892880254026569231e-01
1.160463999999999942e+04 9.881639378265595353e-01
1.160563999999999942e+04 9.865836463797383882e-01
1.160663999999999942e+04 9.843446531496372609e-01
1.160763999999999942e+04 9.820691140066429847e-01
1.160863999999999942e+04 9.806519296680626940e-01
1.160963999999999942e+04 9.807835333984258330e-01
1.161063999999999942e+04 9.828500280259756527e-01
1.161163999999999942e+04 9.869930016084269564e-01
1.161263999999999942e+04 9.931743034223612376e-01
1.161363999999999942e+04 1.001240528168727772e+00
1.161463999999999942e+04 1.010941325402340940e+00
1.161563999999999942e+04 1.021821366603663073e+00
1.161663999999999942e+04 1.033051256504066595e+00
1.161763999999999942e+04 1.043439788002648694e+00
1.161863999999999942e+04 1.051762709490478231e+00
1.161963999999999942e+04 1.057186832510337737e+00
1.162063999999999942e+04 1.059432190567849652e+00
1.162163999999999942e+04 1.058630378127802141e+00
1.162263999999999942e+04 1.055157285587675187e+00
1.162363999999999942e+04 1.049618583036790120e+00
1.162463999999999942e+04 1.042849063742905535e+00
1.162563999999999942e+04 1.035746400368817266e+00
1.162663999999999942e+04 1.029031736417239440e+00
1.162763999999999942e+04 1.023122322630177550e+00
1.162863999999999942e+04 1.018144574311122597e+00
1.162963999999999942e+04 1.014017959149029036e+00
1.163063999999999942e+04 1.010553401283164954e+00
1.163163999999999942e+04 1.007540597586066067e+00
1.163263999999999942e+04 1.004810167599153647e+00
1.163363999999999942e+04 1.002259695231227710e+00
1.163463999999999942e+04 9.998435163276341298e-01
1.163563999999999942e+04 9.975407683512936829e-01
1.163663999999999942e+04 9.953261390631108485e-01
1.163763999999999942e+04 9.931596540913293358e-01
1.163863999999999942e+04 9.910044027933659905e-01
1.163963999999999942e+04 9.888573214400016020e-01
1.164063999999999942e+04 9.867661896179523717e-01
1.164163999999999942e+04 9.848143115837525441e-01
1.164263999999999942e+04 9.830836785671263067e-01
1.164363999999999942e+04 9.816238208572038992e-01
1.164463999999999942e+04 9.804434190201217758e-01
1.164563999999999942e+04 9.795224129240470701e-01
1.164663999999999942e+04 9.788338855193742249e-01
1.164763999999999942e+04 9.783685726724907772e-01
1.164863999999999942e+04 9.781529537574141786e-01
1.164963999999999942e+04 9.782557438438793662e-01
1.165063999999999942e+04 9.787801614284014073e-01
1.165163999999999942e+04 9.798471508693958887e-01
1.165263999999999942e+04 9.815748116338964824e-01
1.165363999999999942e+04 9.840556391660906232e-01
1.165463999999999942e+04 9.873323068373361933e-01
1.165563999999999942e+04 9.913774599224033368e-01
1.165663999999999942e+04 9.960883905463511212e-01
1.165763999999999942e+04 1.001299219655434225e+00
