1.151499799999999959e+04 1.481523648331732612e-02
1.151550100000000020e+04 4.593644461105129799e-03
1.151599500000000080e+04 2.256620496825359132e-02
1.151650100000000020e+04 -4.461944473534536909e-03
1.151700100000000020e+04 1.537952700618051144e-02
1.151750000000000000e+04 1.506554173345019294e-02
1.151800000000000000e+04 1.412127526219535655e-02
1.151850100000000020e+04 7.605355791785060535e-03
1.151900100000000020e+04 1.301197622643886567e-02
1.151950100000000020e+04 9.888537600825975105e-03
1.152000000000000000e+04 1.447078813951713184e-03
1.152050000000000000e+04 -2.328847110660789334e-03
1.152099799999999959e+04 3.674193771884549410e-03
1.152150500000000102e+04 2.885151167122556540e-03
1.152200200000000041e+04 3.118682623449580381e-03
1.152250000000000000e+04 4.925200818386031056e-03
1.152299799999999959e+04 4.577492421037637760e-03
1.152349799999999959e+04 9.190263390781498037e-03
1.152400400000000081e+04 2.994637650561609871e-03
1.152450200000000041e+04 4.010969988530924684e-06
1.152500200000000041e+04 -1.185332730140940642e-03
1.152550100000000020e+04 -3.141800548763669636e-03
1.152599899999999980e+04 -1.625529793172508092e-02
1.152650100000000020e+04 1.002288306528241815e-02
1.152700000000000000e+04 -2.055927103659220545e-02
1.152750400000000081e+04 -1.717279266243238942e-02
1.152800100000000020e+04 -5.421855092613322991e-03
1.152850300000000061e+04 -8.311327425022925139e-03
1.152900200000000041e+04 -7.080908142522291185e-03
1.152950000000000000e+04 1.407485609171836008e-03
1.153000300000000061e+04 -1.349013885646147166e-02
1.153050300000000061e+04 -1.931701870156634108e-03
1.153099699999999939e+04 -8.648886495499615024e-03
1.153150100000000020e+04 -2.765445030435393844e-03
1.153199899999999980e+04 -4.865881050689811575e-03
1.153250000000000000e+04 -1.566714823287925981e-02
1.153300000000000000e+04 -7.490543672517068624e-03
1.153350100000000020e+04 2.764427934393165129e-03
1.153399699999999939e+04 -1.355787309221385614e-02
1.153449799999999959e+04 -6.221935259108139077e-03
1.153499899999999980e+04 -1.369886126315372939e-02
1.153550599999999940e+04 -9.706192195957044633e-03
1.153600100000000020e+04 2.637874116935667000e-03
1.153650100000000020e+04 4.935727323672162853e-03
1.153700000000000000e+04 -1.095788238233956838e-02
1.153750300000000061e+04 -1.951936245591987321e-02
1.153800000000000000e+04 -4.195673225412630859e-03
1.153849899999999980e+04 -1.478736951869655605e-02
1.153899899999999980e+04 -3.891085885556960083e-03
1.153950200000000041e+04 2.246971262651332926e-03
1.153999899999999980e+04 -2.173539837146358251e-03
1.154050000000000000e+04 4.388641907203611262e-03
1.154100300000000061e+04 -9.203323132540916843e-03
1.154150500000000102e+04 1.035705809411097307e-02
1.154200100000000020e+04 7.693512173951991056e-04
1.154250100000000020e+04 1.938709058848482950e-02
1.154300400000000081e+04 3.084932494153081167e-03
1.154349799999999959e+04 1.043551035168826038e-02
1.154400100000000020e+04 1.939781702274398154e-02
1.154450100000000020e+04 1.378988672310240901e-02
1.154499799999999959e+04 8.539330117068108170e-03
1.154550200000000041e+04 7.319987372038979506e-03
1.154599799999999959e+04 1.931832016264582383e-02
1.154650599999999940e+04 1.883212471133269977e-02
1.154699699999999939e+04 2.329133438811582454e-02
1.154750200000000041e+04 2.044220963538661770e-02
1.154800000000000000e+04 4.150833774596530273e-02
1.154850000000000000e+04 2.856588638995294013e-02
1.154899899999999980e+04 4.781519152453094640e-02
1.154949600000000100e+04 5.008528103374248336e-02
1.154999899999999980e+04 4.920508942402308100e-02
1.155050100000000020e+04 7.769577850438004474e-02
1.155100000000000000e+04 5.046545861664879923e-02
1.155149899999999980e+04 8.336252911922965858e-02
1.155199799999999959e+04 7.908901655839603584e-02
1.155249899999999980e+04 8.544971241509635718e-02
1.155300000000000000e+04 1.037634708691807656e-01
1.155349899999999980e+04 1.132057565368583402e-01
1.155400000000000000e+04 1.278438702882666866e-01
1.155450100000000020e+04 1.535600033449781854e-01
1.155500200000000041e+04 1.665564071650150746e-01
1.155550000000000000e+04 1.986669817783328351e-01
1.155599699999999939e+04 2.137300735487469849e-01
1.155650000000000000e+04 2.224305348896493673e-01
1.155700000000000000e+04 2.726382708431279167e-01
1.155750300000000061e+04 2.748835620982399974e-01
1.155800000000000000e+04 3.355694526545379142e-01
1.155850100000000020e+04 3.833772442099694922e-01
1.155899799999999959e+04 4.113617767288115790e-01
1.155950400000000081e+04 4.709692017226375094e-01
1.156000000000000000e+04 5.534527572198574275e-01
1.156049899999999980e+04 6.043466342499569377e-01
1.156100200000000041e+04 6.928606199260426424e-01
1.156150200000000041e+04 8.160710812883643639e-01
1.156200200000000041e+04 8.816080367829925990e-01
1.156249799999999959e+04 9.875103295740518261e-01
1.156299699999999939e+04 1.058551183782439287e+00
1.156350000000000000e+04 1.142796453553564628e+00
1.156400200000000041e+04 1.182094118724068998e+00
1.156449500000000080e+04 1.231234703172042533e+00
1.156499300000000039e+04 1.199991974387173643e+00
1.156549699999999939e+04 1.218043080748933749e+00
1.156599699999999939e+04 1.179283612132550285e+00
1.156650100000000020e+04 1.149246910717025560e+00
1.156700300000000061e+04 1.174025379441423489e+00
1.156749699999999939e+04 1.133246492928990046e+00
1.156799899999999980e+04 1.112491479205323763e+00
1.156850100000000020e+04 1.114774126916366459e+00
1.156900200000000041e+04 1.074163871994962216e+00
1.156950200000000041e+04 1.092478039499813036e+00
1.157000300000000061e+04 1.110000399780617819e+00
1.157050000000000000e+04 1.039930348140483796e+00
1.157099899999999980e+04 1.072506767892762003e+00
1.157150000000000000e+04 1.047239903747441137e+00
1.157199899999999980e+04 1.039216059624202382e+00
1.157250100000000020e+04 1.059950296733888964e+00
1.157300000000000000e+04 1.041742478500621960e+00
1.157349899999999980e+04 1.042271095361620104e+00
1.157399899999999980e+04 1.042148972143420060e+00
1.157450300000000061e+04 1.052081771654176823e+00
1.157499899999999980e+04 1.068724909705366599e+00
1.157550000000000000e+04 1.070899631361527327e+00
1.157599899999999980e+04 1.059031247777396434e+00
1.157650100000000020e+04 1.042112698989712261e+00
1.157699799999999959e+04 1.020868971412635107e+00
1.157749899999999980e+04 1.031546667108801829e+00
1.157800300000000061e+04 1.046561787645373443e+00
1.157850000000000000e+04 1.040975806040110196e+00
1.157900200000000041e+04 1.023075999916027712e+00
1.157950100000000020e+04 1.057399407953208303e+00
1.157999799999999959e+04 1.024326781272627329e+00
1.158050300000000061e+04 1.007724799510789193e+00
1.158099699999999939e+04 1.004452840115589662e+00
1.158150100000000020e+04 1.020121617967836514e+00
1.158200000000000000e+04 9.991710861012540468e-01
1.158249899999999980e+04 9.978479549970696860e-01
1.158300200000000041e+04 1.041197540527992738e+00
1.158350200000000041e+04 1.000164548871209647e+00
1.158399699999999939e+04 9.981910187972918846e-01
1.158449899999999980e+04 9.919521620596829514e-01
1.158499899999999980e+04 9.818142508814503566e-01
1.158549899999999980e+04 9.832643409377084254e-01
1.158600000000000000e+04 9.625015348875121113e-01
1.158650300000000061e+04 9.922468032367044444e-01
1.158700000000000000e+04 9.777184165623659107e-01
1.158749699999999939e+04 9.735440477908436918e-01
1.158799899999999980e+04 9.902879671045656806e-01
1.158849799999999959e+04 1.027610143786340080e+00
1.158900300000000061e+04 9.956209890509809535e-01
1.158949500000000080e+04 9.779365164067292948e-01
1.159000100000000020e+04 1.006978339618914475e+00
1.159049799999999959e+04 1.003475611295290282e+00
1.159100000000000000e+04 9.990069171724577091e-01
1.159150100000000020e+04 1.016950213918661694e+00
1.159199799999999959e+04 1.004654898954527198e+00
1.159249699999999939e+04 1.040787899098211344e+00
1.159300000000000000e+04 1.004679550001574384e+00
1.159350300000000061e+04 1.012120892367476488e+00
1.159399799999999959e+04 1.022774142007120357e+00
1.159450300000000061e+04 1.020215036377316586e+00
1.159499799999999959e+04 1.016740525305832588e+00
1.159549799999999959e+04 1.004136499292396456e+00
1.159599899999999980e+04 1.006908296545908632e+00
1.159650500000000102e+04 1.038748467694792010e+00
1.159699899999999980e+04 9.935728822864013932e-01
1.159750200000000041e+04 1.009912294114128750e+00
1.159799500000000080e+04 9.937293618471089163e-01
1.159850200000000041e+04 9.769296018566931972e-01
1.159899899999999980e+04 9.944058783529320378e-01
1.159950300000000061e+04 1.001801857166494170e+00
1.160000000000000000e+04 9.911121183248873256e-01
1.160050300000000061e+04 9.863375511013589003e-01
1.160099799999999959e+04 9.776386322206604973e-01
1.160150000000000000e+04 1.000465788410517698e+00
1.160200300000000061e+04 9.707201138485063163e-01
1.160249899999999980e+04 9.877272233622669262e-01
1.160300100000000020e+04 9.339742292944743784e-01
1.160350100000000020e+04 9.766080865850931270e-01
1.160399799999999959e+04 9.750948681294588916e-01
1.160450100000000020e+04 9.324491057332104926e-01
1.160500100000000020e+04 9.691684325964040614e-01
1.160550100000000020e+04 9.543082318429607636e-01
1.160600000000000000e+04 9.656297533435206359e-01
1.160650000000000000e+04 9.535360765684853801e-01
1.160700200000000041e+04 9.280119722298459939e-01
1.160749899999999980e+04 9.459751612392713893e-01
1.160799899999999980e+04 9.346154945466950137e-01
