1.152400000000000000e+04 1.235516481282744432e-02
1.152450000000000000e+04 1.141092305384803184e-02
1.152500000000000000e+04 1.053986263246511380e-02
1.152550000000000000e+04 9.680871802356254968e-03
1.152600000000000000e+04 8.834457856850096505e-03
1.152650000000000000e+04 8.001158488875503849e-03
1.152700000000000000e+04 7.181544640924066199e-03
1.152750000000000000e+04 6.376215755112578550e-03
1.152800000000000000e+04 5.585810223045618514e-03
1.152850000000000000e+04 4.811004435828050534e-03
1.152900000000000000e+04 4.052513734052492177e-03
1.152950000000000000e+04 3.311099057711908242e-03
1.153000000000000000e+04 2.587569796162093351e-03
1.153050000000000000e+04 1.882786638084235197e-03
1.153100000000000000e+04 1.197663471459882055e-03
1.153150000000000000e+04 5.331778334335380252e-04
1.153200000000000000e+04 -1.096309896623364215e-04
1.153250000000000000e+04 -7.296505624572615202e-04
1.153300000000000000e+04 -1.325693400567719369e-03
1.153350000000000000e+04 -1.896488420706228311e-03
1.153400000000000000e+04 -2.440673340794760008e-03
1.153450000000000000e+04 -2.956788980019470648e-03
1.153500000000000000e+04 -3.443267858994126119e-03
1.153550000000000000e+04 -3.898422799906616984e-03
1.153600000000000000e+04 -4.320441226593954923e-03
1.153650000000000000e+04 -4.707367114779604719e-03
1.153700000000000000e+04 -5.057090542210931731e-03
1.153750000000000000e+04 -5.367329638896570741e-03
1.153800000000000000e+04 -5.635618237268840217e-03
1.153850000000000000e+04 -5.859279272533531556e-03
1.153900000000000000e+04 -6.035407682894809722e-03
1.153950000000000000e+04 -6.160846659867547093e-03
1.154000000000000000e+04 -6.232156298689549637e-03
1.154050000000000000e+04 -6.245581298746402665e-03
1.154100000000000000e+04 -6.197021513958696388e-03
1.154150000000000000e+04 -6.081983503419195226e-03
1.154200000000000000e+04 -5.895537781955047761e-03
1.154250000000000000e+04 -5.632264670836513616e-03
1.154300000000000000e+04 -5.286193498590018892e-03
1.154350000000000000e+04 -4.850730401927380413e-03
1.154400000000000000e+04 -4.318578526808793637e-03
1.154450000000000000e+04 -3.681641129713666711e-03
1.154500000000000000e+04 -2.930914229052426507e-03
1.154550000000000000e+04 -2.056358356853067379e-03
1.154600000000000000e+04 -1.046743710797552046e-03
1.154650000000000000e+04 1.105208435294286585e-04
1.154700000000000000e+04 1.429595819904431108e-03
1.154750000000000000e+04 2.926463808142096452e-03
1.154800000000000000e+04 4.619218270297174855e-03
1.154850000000000000e+04 6.528412186079593504e-03
1.154900000000000000e+04 8.677487447207456184e-03
1.154950000000000000e+04 1.109327455083571751e-02
1.155000000000000000e+04 1.380661864132309846e-02
1.155050000000000000e+04 1.685310815064984188e-02
1.155100000000000000e+04 2.027404473566553345e-02
1.155150000000000000e+04 2.411753576370847391e-02
1.155200000000000000e+04 2.843992499381111858e-02
1.155250000000000000e+04 3.330755005357427523e-02
1.155300000000000000e+04 3.879898440968647388e-02
1.155350000000000000e+04 4.500782083131894817e-02
1.155400000000000000e+04 5.204630034240176339e-02
1.155450000000000000e+04 6.004988166153139156e-02
1.155500000000000000e+04 6.918321662338873523e-02
1.155550000000000000e+04 7.964798757567033427e-02
1.155600000000000000e+04 9.169307224541113632e-02
1.155650000000000000e+04 1.056281190604569792e-01
1.155700000000000000e+04 1.218415589125937532e-01
1.155750000000000000e+04 1.408245733423442447e-01
1.155800000000000000e+04 1.632032516160738800e-01
1.155850000000000000e+04 1.897811691660460098e-01
1.155900000000000000e+04 2.215951993564471700e-01
1.155910000000000036e+04 2.234777446139687429e-01
1.155920000000000073e+04 2.257962011388666701e-01
1.155929000000000087e+04 2.257771856021484058e-01
1.155938999999999942e+04 2.262368110723463333e-01
1.155948999999999978e+04 2.268459550762348953e-01
1.155959000000000015e+04 2.270217432791370449e-01
1.155963999999999942e+04 2.271833991605613778e-01
1.155973999999999978e+04 2.283181902517199269e-01
1.155984000000000015e+04 2.282786922858279777e-01
1.155994000000000051e+04 2.283136733404735608e-01
1.156004000000000087e+04 2.287947400286935717e-01
1.156013999999999942e+04 2.297250938083926497e-01
1.156023999999999978e+04 2.296138717857396372e-01
1.156034000000000015e+04 2.301769983947981602e-01
1.156044000000000051e+04 2.324763031715554318e-01
1.156054000000000087e+04 2.332779336440745088e-01
1.156063999999999942e+04 2.339317460605402077e-01
1.156073999999999978e+04 2.349752813517942684e-01
1.156084000000000015e+04 2.347917082806223743e-01
1.156094000000000051e+04 2.355351330185990189e-01
1.156104000000000087e+04 2.356626048569046283e-01
1.156113999999999942e+04 2.370410202441922409e-01
1.156123999999999978e+04 2.380353936819687433e-01
1.156134000000000015e+04 2.379323890512496931e-01
1.156144000000000051e+04 2.393374990874720110e-01
1.156154000000000087e+04 2.393161173833383837e-01
1.156163999999999942e+04 2.393757316140390223e-01
1.156173999999999978e+04 2.415336972495359391e-01
1.156184000000000015e+04 2.423301882896432002e-01
1.156194000000000051e+04 2.423153424995564409e-01
1.156204000000000087e+04 2.423011712005994911e-01
1.156213999999999942e+04 2.425354596341779412e-01
1.156223999999999978e+04 2.431856430983608264e-01
1.156234000000000015e+04 2.430081119477322527e-01
1.156244000000000051e+04 2.512363457537659106e-01
1.156254000000000087e+04 2.585347412880056317e-01
1.156263999999999942e+04 2.673916388265514810e-01
1.156273999999999978e+04 2.766068906524141724e-01
1.156284000000000015e+04 2.861977960380960861e-01
1.156294000000000051e+04 2.961824712453521302e-01
1.156304000000000087e+04 3.065798875246934507e-01
1.156313999999999942e+04 3.174098521156403785e-01
1.156323999999999978e+04 3.286930082467092729e-01
1.156334000000000015e+04 3.404508636350578321e-01
1.156344000000000051e+04 3.527057239873459538e-01
1.156354000000000087e+04 3.654806929997393983e-01
1.156363999999999942e+04 3.787996153586624115e-01
1.156373999999999978e+04 3.926869722421590381e-01
1.156384000000000015e+04 4.071678623201624991e-01
1.156394000000000051e+04 4.222677832573557000e-01
1.156404000000000087e+04 4.380125272145486970e-01
1.156413999999999942e+04 4.544279718514304678e-01
1.156423999999999978e+04 4.715398333298035927e-01
1.156434000000000015e+04 4.893733338179773740e-01
1.156444000000000051e+04 5.079528974947520314e-01
1.156454000000000087e+04 5.273016565559185409e-01
1.156463999999999942e+04 5.474409667206332486e-01
1.156473999999999978e+04 5.683898467387760167e-01
1.156484000000000015e+04 5.901642184009642245e-01
1.156494000000000051e+04 6.127762035477849478e-01
1.156504000000000087e+04 6.362331930820410708e-01
1.156513999999999942e+04 6.605368874813734026e-01
1.156523999999999978e+04 6.856822328122387233e-01
1.156534000000000015e+04 7.116562427454222739e-01
1.156544000000000051e+04 7.384368015717654998e-01
1.156554000000000087e+04 7.659914292184105689e-01
1.156563999999999942e+04 7.942759702660439070e-01
1.156573999999999978e+04 8.232334729636253678e-01
1.156584000000000015e+04 8.527929922441498389e-01
1.156594000000000051e+04 8.828689247333778578e-01
1.156604000000000087e+04 9.133599067643327629e-01
1.156613999999999942e+04 9.441490898736797366e-01
1.156623999999999978e+04 9.751037608067102402e-01
1.156634000000000015e+04 1.005992850896230806e+00
1.156644000000000051e+04 1.036738872867226879e+00
1.156654000000000087e+04 1.067168643997205013e+00
1.156663999999999942e+04 1.097100051681113575e+00
1.156673999999999978e+04 1.126344903393841523e+00
1.156684000000000015e+04 1.154712631641530596e+00
1.156694000000000051e+04 1.182014473906574326e+00
1.156704000000000087e+04 1.208067367596411090e+00
1.156713999999999942e+04 1.232693380051016918e+00
1.156723999999999978e+04 1.255725218470435944e+00
1.156734000000000015e+04 1.277014684803608580e+00
1.156744000000000051e+04 1.296435525710877279e+00
1.156754000000000087e+04 1.313891032464052477e+00
1.156763999999999942e+04 1.329317555900183523e+00
1.156773999999999978e+04 1.342680611472751862e+00
1.156784000000000015e+04 1.353975354245491092e+00
1.156794000000000051e+04 1.363224583918559718e+00
1.156804000000000087e+04 1.370476654856053855e+00
1.156813999999999942e+04 1.375802626123491246e+00
1.156823999999999978e+04 1.379292936531505864e+00
1.156834000000000015e+04 1.381053604685862357e+00
1.156844000000000051e+04 1.381202144041157709e+00
1.156854000000000087e+04 1.379864617939546401e+00
1.156863999999999942e+04 1.377171364666970321e+00
1.156873999999999978e+04 1.373254432486859633e+00
1.156884000000000015e+04 1.368244539680158356e+00
1.156894000000000051e+04 1.362268984572779118e+00
1.156904000000000087e+04 1.355449935558104002e+00
1.156913999999999942e+04 1.347902721119462743e+00
1.156923999999999978e+04 1.339735354836367298e+00
1.156934000000000015e+04 1.331047680395790023e+00
1.156944000000000051e+04 1.321930991597132676e+00
1.156954000000000087e+04 1.312468317348495228e+00
1.156963999999999942e+04 1.302734421666672748e+00
1.156973999999999978e+04 1.292796278670876875e+00
1.156984000000000015e+04 1.282713262580290392e+00
1.156994000000000051e+04 1.272538097701544579e+00
1.157004000000000087e+04 1.262317048426216504e+00
1.157013999999999942e+04 1.252090584222109504e+00
1.157023999999999978e+04 1.241894044624460403e+00
1.157034000000000015e+04 1.231758114229746237e+00
1.157044000000000051e+04 1.221709487686907902e+00
1.157054000000000087e+04 1.211771059694858321e+00
1.157063999999999942e+04 1.201962684992498254e+00
1.157073999999999978e+04 1.192301178358686764e+00
1.157084000000000015e+04 1.182801074602281011e+00
1.157094000000000051e+04 1.173474818559623545e+00
1.157104000000000087e+04 1.164332860093288291e+00
1.157113999999999942e+04 1.155384034087093115e+00
1.157123999999999978e+04 1.146635560446077839e+00
1.157134000000000015e+04 1.138093709087796501e+00
1.157144000000000051e+04 1.129763419947282577e+00
1.157154000000000087e+04 1.121648587973312017e+00
1.157163999999999942e+04 1.113752443123416924e+00
1.157173999999999978e+04 1.106077265367601203e+00
1.157184000000000015e+04 1.098624574685881594e+00
1.157194000000000051e+04 1.091395511063264046e+00
1.157204000000000087e+04 1.084390454494754463e+00
1.157213999999999942e+04 1.077609309981606422e+00
1.157223999999999978e+04 1.071051602530053604e+00
1.157234000000000015e+04 1.064716382152598451e+00
1.157244000000000051e+04 1.058602413865480152e+00
1.157254000000000087e+04 1.052708082689937097e+00
1.157263999999999942e+04 1.047031488650959075e+00
1.157273999999999978e+04 1.041570541776024372e+00
1.157284000000000015e+04 1.036322962095119982e+00
1.157294000000000051e+04 1.031286089643224768e+00
1.157304000000000087e+04 1.026457264455323815e+00
1.157313999999999942e+04 1.021833731567650005e+00
1.157323999999999978e+04 1.017412356021421216e+00
1.157334000000000015e+04 1.013190192855369487e+00
1.157344000000000051e+04 1.009164012111975151e+00
1.157354000000000087e+04 1.005330488834962566e+00
1.157363999999999942e+04 1.001686393066811620e+00
1.157373999999999978e+04 9.982283048524918101e-01
1.157384000000000015e+04 9.949528042369810699e-01
1.157394000000000051e+04 9.918563762665051353e-01
1.157404000000000087e+04 9.889354109885356570e-01
1.157413999999999942e+04 9.861864884480568971e-01
1.157423999999999978e+04 9.836059036937805367e-01
1.157434000000000015e+04 9.811900467731837772e-01
1.157444000000000051e+04 9.789351177362429768e-01
1.157454000000000087e+04 9.768374116316796973e-01
1.157463999999999942e+04 9.748932235082211628e-01
1.157473999999999978e+04 9.730986584170819853e-01
1.157484000000000015e+04 9.714497264107374574e-01
1.157494000000000051e+04 9.699426275391601626e-01
1.157504000000000087e+04 9.685732768560691985e-01
1.157513999999999942e+04 9.673376844139441877e-01
1.157523999999999978e+04 9.662317652664942358e-01
1.157534000000000015e+04 9.652512444699421490e-01
1.157544000000000051e+04 9.643920370780114659e-01
1.157554000000000087e+04 9.636497731481697970e-01
1.157563999999999942e+04 9.630200827378904149e-01
1.157573999999999978e+04 9.624986909033810267e-01
1.157584000000000015e+04 9.620812277021186798e-01
1.157594000000000051e+04 9.617630381953184981e-01
1.157604000000000087e+04 9.615398474391979589e-01
1.157613999999999942e+04 9.614070004949820669e-01
1.157623999999999978e+04 9.613600324213767978e-01
1.157634000000000015e+04 9.613944782771058906e-01
1.157644000000000051e+04 9.615056831233834700e-01
1.157654000000000087e+04 9.616892770176821426e-01
1.157663999999999942e+04 9.619407000199755586e-01
1.157673999999999978e+04 9.622556771864613223e-01
1.157684000000000015e+04 9.626298385746269171e-01
1.157694000000000051e+04 9.630589092406858231e-01
1.157704000000000087e+04 9.635388042383596918e-01
1.157713999999999942e+04 9.640653436226245265e-01
1.157723999999999978e+04 9.646346324446896103e-01
1.157734000000000015e+04 9.652429657532809459e-01
1.157744000000000051e+04 9.658867335958781775e-01
1.157754000000000087e+04 9.665623260199555089e-01
1.157763999999999942e+04 9.672665130679964918e-01
1.157773999999999978e+04 9.679961597812114515e-01
1.157784000000000015e+04 9.687483211983358711e-01
1.157794000000000051e+04 9.695202423556008586e-01
1.157804000000000087e+04 9.703094532854928955e-01
1.157813999999999942e+04 9.711135790192487738e-01
1.157823999999999978e+04 9.719304345855890315e-01
1.157834000000000015e+04 9.727581200095074543e-01
1.157844000000000051e+04 9.735947353159895012e-01
1.157854000000000087e+04 9.744389505225210524e-01
1.157863999999999942e+04 9.752891506503592600e-01
1.157873999999999978e+04 9.761442907132240610e-01
1.157884000000000015e+04 9.770033257248652570e-01
1.157894000000000051e+04 9.778653056977795188e-01
1.157904000000000087e+04 9.787294706419557011e-01
1.157913999999999942e+04 9.795954405624052175e-01
1.157923999999999978e+04 9.804625504678559089e-01
1.157934000000000015e+04 9.813306103608138153e-01
1.157944000000000051e+04 9.821993352450260062e-01
1.157954000000000087e+04 9.830686301217410605e-01
1.157963999999999942e+04 9.839384949909665279e-01
1.157973999999999978e+04 9.848089298526914170e-01
1.157984000000000015e+04 9.856802197031706569e-01
1.157994000000000051e+04 9.865524595411580000e-01
1.158004000000000087e+04 9.874261243604059990e-01
1.158013999999999942e+04 9.883014041584204934e-01
1.158023999999999978e+04 9.891788689276939106e-01
1.158034000000000015e+04 9.900589936619879072e-01
1.158044000000000051e+04 9.909424433525562126e-01
1.158054000000000087e+04 9.918296929931498251e-01
1.158063999999999942e+04 9.927215025737827769e-01
1.158073999999999978e+04 9.936187270831995377e-01
1.158084000000000015e+04 9.945220315126601651e-01
1.158094000000000051e+04 9.954323658496693206e-01
1.158104000000000087e+04 9.963505850829865729e-01
1.158113999999999942e+04 9.972776392001225787e-01
1.158123999999999978e+04 9.982144781885717855e-01
1.158134000000000015e+04 9.991619570370990910e-01
1.158144000000000051e+04 1.000121215730710666e+00
1.158154000000000087e+04 1.001092919260661906e+00
1.158163999999999942e+04 1.002078207611963645e+00
1.158173999999999978e+04 1.003077650777113750e+00
1.158184000000000015e+04 1.004092103744871123e+00
1.158194000000000051e+04 1.005122041508988318e+00
1.158204000000000087e+04 1.006167939063221439e+00
1.158213999999999942e+04 1.007229986405075328e+00
1.158223999999999978e+04 1.008308278533289082e+00
1.158234000000000015e+04 1.009402625450369628e+00
1.158244000000000051e+04 1.010512457163811328e+00
1.158254000000000087e+04 1.011637013683608588e+00
1.158263999999999942e+04 1.012775345022258078e+00
1.158273999999999978e+04 1.013925931199742170e+00
1.158284000000000015e+04 1.015086872241050431e+00
1.158294000000000051e+04 1.016256173172418453e+00
1.158304000000000087e+04 1.017431174028825991e+00
1.158313999999999942e+04 1.018609024847760391e+00
1.158323999999999978e+04 1.019786305674186044e+00
1.158334000000000015e+04 1.020959406555579818e+00
1.158344000000000051e+04 1.022124337544416672e+00
1.158354000000000087e+04 1.023276633699412796e+00
1.158363999999999942e+04 1.024411735080539065e+00
1.158373999999999978e+04 1.025524796751503986e+00
1.158384000000000015e+04 1.026610498782272396e+00
1.158394000000000051e+04 1.027663806239058841e+00
1.158404000000000087e+04 1.028679399191823052e+00
1.158413999999999942e+04 1.029651767713033905e+00
1.158423999999999978e+04 1.030575781870142871e+00
1.158434000000000015e+04 1.031446216731865650e+00
1.158444000000000051e+04 1.032258132363170766e+00
1.158454000000000087e+04 1.033006873825272676e+00
1.158463999999999942e+04 1.033688071175645318e+00
1.158513999999999942e+04 1.032921142805059089e+00
1.158563999999999942e+04 1.032079545416435318e+00
1.158613999999999942e+04 1.031160334048503602e+00
1.158663999999999942e+04 1.030161418728751777e+00
1.158713999999999942e+04 1.029081184478415123e+00
1.158763999999999942e+04 1.027918776308740290e+00
1.158813999999999942e+04 1.026673909223472902e+00
1.158863999999999942e+04 1.025347153215119933e+00
1.158913999999999942e+04 1.023939743267437974e+00
1.158963999999999942e+04 1.022453484356689257e+00
1.159013999999999942e+04 1.020890846450394518e+00
1.159063999999999942e+04 1.019255059506073424e+00
1.159113999999999942e+04 1.017549828475005746e+00
1.159163999999999942e+04 1.015779238303467835e+00
1.159213999999999942e+04 1.013948038928996542e+00
1.159263999999999942e+04 1.012061360284125744e+00
1.159313999999999942e+04 1.010124712296398330e+00
1.159363999999999942e+04 1.008143604893352085e+00
1.159413999999999942e+04 1.006124212993783074e+00
1.159463999999999942e+04 1.004072521518980743e+00
1.159563999999999942e+04 1.000273704564058397e+00
1.159663999999999942e+04 9.964552228677452383e-01
1.159763999999999942e+04 9.926234413463366213e-01
1.159863999999999942e+04 9.887853899073828501e-01
1.159963999999999942e+04 9.849435385184019953e-01
1.160063999999999942e+04 9.811165069345271217e-01
1.160163999999999942e+04 9.773145550208326426e-01
1.160263999999999942e+04 9.735333128347862797e-01
1.160363999999999942e+04 9.697600505438024321e-01
1.160463999999999942e+04 9.651721739657208587e-01
1.160563999999999942e+04 9.618242210815323157e-01
1.160663999999999942e+04 9.600826970713651765e-01
1.160763999999999942e+04 9.601051098638493375e-01
1.160863999999999942e+04 9.618661897913035608e-01
1.160963999999999942e+04 9.652142238488892190e-01
1.161063999999999942e+04 9.699354648475739804e-01
1.161163999999999942e+04 9.758078057082677503e-01
1.161263999999999942e+04 9.826297540807704678e-01
1.161363999999999942e+04 9.902272722538343341e-01
1.161463999999999942e+04 9.984465572501075581e-01
1.161563999999999942e+04 1.007139031023524200e+00
1.161663999999999942e+04 1.016138445760392583e+00
1.161763999999999942e+04 1.025231909260435392e+00
1.161863999999999942e+04 1.034136800240375909e+00
1.161963999999999942e+04 1.042496588388906575e+00
1.162063999999999942e+04 1.049907434016884800e+00
1.162163999999999942e+04 1.055972717340210698e+00
1.162263999999999942e+04 1.060360512724004112e+00
1.162363999999999942e+04 1.062281095553851751e+00
1.162463999999999942e+04 1.065391157740981143e+00
1.162563999999999942e+04 1.062233487354407258e+00
1.162663999999999942e+04 1.054485857329913623e+00
1.162763999999999942e+04 1.043696747303606065e+00
1.162863999999999942e+04 1.031404092050264953e+00
1.162963999999999942e+04 1.019319104065916637e+00
1.163063999999999942e+04 1.009001947832995683e+00
1.163163999999999942e+04 1.001261917708556659e+00
1.163263999999999942e+04 9.957648080877039565e-01
1.163363999999999942e+04 9.912103710698623171e-01
1.163463999999999942e+04 9.861712504260442547e-01
1.163563999999999942e+04 9.800979733823096396e-01
1.163663999999999942e+04 9.735990069367712607e-01
1.163763999999999942e+04 9.678407457502957723e-01
1.163863999999999942e+04 9.638663711041177695e-01
1.163963999999999942e+04 9.623424892317633539e-01
1.164063999999999942e+04 9.635659712291113621e-01
1.164163999999999942e+04 9.675323521548824246e-01
1.164263999999999942e+04 9.740376696913628507e-01
1.164363999999999942e+04 9.827321384385436787e-01
1.164463999999999942e+04 9.930050114282955587e-01
1.164563999999999942e+04 1.003780712805403486e+00
1.164663999999999942e+04 1.013526722723876672e+00
1.164763999999999942e+04 1.020625592454617259e+00
1.164863999999999942e+04 1.023876727786508178e+00
1.164963999999999942e+04 1.022766185478368062e+00
1.165063999999999942e+04 1.017405304065992722e+00
1.165163999999999942e+04 1.008348971252112536e+00
1.165263999999999942e+04 9.964840953730897954e-01
1.165363999999999942e+04 9.829365066232480519e-01
1.165463999999999942e+04 9.688704146921875981e-01
1.165563999999999942e+04 9.552330521229521754e-01
1.165663999999999942e+04 9.426058112697144331e-01
1.165763999999999942e+04 9.312005393464879432e-01
