1.151500100000000020e+04 5.642205875455391873e-05
1.151549699999999939e+04 -6.658140764553395962e-04
1.151599799999999959e+04 2.641221060633909697e-04
1.151650100000000020e+04 -1.892531803459743592e-04
1.151699699999999939e+04 3.637929939633911293e-04
1.151750000000000000e+04 -3.188953076525765122e-04
1.151800000000000000e+04 1.164370506396756499e-04
1.151850000000000000e+04 -4.026920282701745173e-04
1.151899899999999980e+04 7.455710157441872794e-05
1.151949899999999980e+04 -9.816577078223716075e-04
1.152000200000000041e+04 -1.862795570730452416e-04
1.152049799999999959e+04 -7.079948076554211508e-04
1.152100400000000081e+04 -8.375834852165280151e-05
1.152150200000000041e+04 -5.742440233838533520e-04
1.152200000000000000e+04 -1.276384559795116277e-03
1.152250300000000061e+04 -4.900420202590365630e-05
1.152300500000000102e+04 -4.396101719569790386e-04
1.152349600000000100e+04 -8.497120065790879405e-04
1.152400000000000000e+04 -3.962253510353928062e-04
1.152450200000000041e+04 -2.763499320160430167e-04
1.152499699999999939e+04 1.582074991411686624e-04
1.152550100000000020e+04 5.300506228698852358e-04
1.152600100000000020e+04 -1.666331912506301214e-04
1.152649799999999959e+04 1.346442352549770622e-03
1.152699799999999959e+04 1.526687174222888382e-03
1.152750000000000000e+04 9.902969982456305727e-04
1.152800100000000020e+04 1.868612161811878530e-03
1.152849899999999980e+04 5.102353043383378930e-04
1.152900200000000041e+04 1.455056620470202488e-03
1.152950000000000000e+04 4.251691620042756981e-04
1.153000500000000102e+04 6.261091593240644313e-05
1.153050300000000061e+04 9.763715839255668284e-04
1.153100100000000020e+04 1.112617597013121004e-03
1.153150300000000061e+04 1.718527562758472710e-03
1.153200000000000000e+04 2.277418537926568544e-04
1.153250000000000000e+04 1.526128631247792829e-03
1.153299699999999939e+04 1.691303797628428271e-03
1.153349799999999959e+04 2.584506635581485749e-03
1.153400400000000081e+04 3.686466662549715400e-03
1.153449799999999959e+04 3.153308880760813306e-03
1.153500100000000020e+04 3.440939863741667663e-03
1.153549799999999959e+04 2.348964007541018417e-03
1.153600000000000000e+04 2.559595083098137758e-03
1.153649899999999980e+04 4.708777049962275456e-04
1.153700300000000061e+04 3.129752852752032584e-04
1.153750500000000102e+04 -1.007797676988438345e-03
1.153800300000000061e+04 -1.853429787725210769e-03
1.153849899999999980e+04 -3.291677628980590065e-03
1.153900599999999940e+04 -4.138201788108055584e-03
1.153949799999999959e+04 -4.594091613665710061e-03
1.154000000000000000e+04 -6.277315216015486206e-03
1.154050000000000000e+04 -6.922100946264495187e-03
1.154099600000000100e+04 -6.580763485729220624e-03
1.154150300000000061e+04 -8.165169045420722638e-03
1.154200100000000020e+04 -7.963822793185299301e-03
1.154250100000000020e+04 -5.838934337407148713e-03
1.154300000000000000e+04 -5.055159303378138624e-03
1.154350300000000061e+04 -2.969328157543154115e-03
1.154399799999999959e+04 -7.860460211792910570e-04
1.154450100000000020e+04 2.083845098678775622e-03
1.154500100000000020e+04 4.067230762196687513e-03
1.154550300000000061e+04 6.143045987244811698e-03
1.154599799999999959e+04 1.069224322831609231e-02
1.154649899999999980e+04 1.392843281247967309e-02
1.154699899999999980e+04 1.731518209131708078e-02
1.154749799999999959e+04 2.054246532814029205e-02
1.154800599999999940e+04 2.548312909067148094e-02
1.154850200000000041e+04 2.899559692559123061e-02
1.154899899999999980e+04 3.304141696912910736e-02
1.154950000000000000e+04 3.794148677527344610e-02
1.155000200000000041e+04 4.264273580261847968e-02
1.155049899999999980e+04 4.722319540539907101e-02
1.155099799999999959e+04 5.187049714068098227e-02
1.155149699999999939e+04 5.764979098181855638e-02
1.155200000000000000e+04 6.259555533488816992e-02
1.155250100000000020e+04 6.892262426786260887e-02
1.155299799999999959e+04 7.476628308203309148e-02
1.155350400000000081e+04 8.189187994135542492e-02
1.155400200000000041e+04 9.052609569456016025e-02
1.155450300000000061e+04 9.934883636689249842e-02
1.155500000000000000e+04 1.111857876215306268e-01
1.155549899999999980e+04 1.238379925474332038e-01
1.155600100000000020e+04 1.389678185928271692e-01
1.155649699999999939e+04 1.560255810803108656e-01
1.155700000000000000e+04 1.758669082055920319e-01
1.155750300000000061e+04 2.000835327259368468e-01
1.155799899999999980e+04 2.272679288210058546e-01
1.155850000000000000e+04 2.614774599037515967e-01
1.155900100000000020e+04 3.013043512408108415e-01
1.155950300000000061e+04 3.514450345192560721e-01
1.155999699999999939e+04 4.128088981150461745e-01
1.156050200000000041e+04 4.870251843322022656e-01
1.156099899999999980e+04 5.789598445914648783e-01
1.156150000000000000e+04 6.888615363798625824e-01
1.156199799999999959e+04 8.143734028133823299e-01
1.156250200000000041e+04 9.557541751296224630e-01
1.156300200000000041e+04 1.091561618826021762e+00
1.156350200000000041e+04 1.208301377187389392e+00
1.156399699999999939e+04 1.294560421491664171e+00
1.156450500000000102e+04 1.333190654972206568e+00
1.156500100000000020e+04 1.341157071615023844e+00
1.156550300000000061e+04 1.323719885303748178e+00
1.156599899999999980e+04 1.288392835177254447e+00
1.156650100000000020e+04 1.252884879392611728e+00
1.156699600000000100e+04 1.209802309696271783e+00
1.156750400000000081e+04 1.175594906179681320e+00
1.156800200000000041e+04 1.139451163653875998e+00
1.156849899999999980e+04 1.112566851370888621e+00
1.156900000000000000e+04 1.087689244498249330e+00
1.156949699999999939e+04 1.067650871703502924e+00
1.156999799999999959e+04 1.051595615562395780e+00
1.157050000000000000e+04 1.034411421657312591e+00
1.157099899999999980e+04 1.023093157657725571e+00
1.157150100000000020e+04 1.007618470500073471e+00
1.157200200000000041e+04 9.958122923009240512e-01
1.157250500000000102e+04 9.869398026774293120e-01
1.157300200000000041e+04 9.801198915948714507e-01
1.157350000000000000e+04 9.771883760110618988e-01
1.157400599999999940e+04 9.724995067066464216e-01
1.157450300000000061e+04 9.753262737737429244e-01
1.157499699999999939e+04 9.758244235571512659e-01
1.157550200000000041e+04 9.823869400691096487e-01
1.157599600000000100e+04 9.892736230215317672e-01
1.157650200000000041e+04 9.954019812577720172e-01
1.157700400000000081e+04 1.004839029653801896e+00
1.157750100000000020e+04 1.011300118214525146e+00
1.157800100000000020e+04 1.019895228590973701e+00
1.157850200000000041e+04 1.021275935867377971e+00
1.157899799999999959e+04 1.024989108042897668e+00
1.157950100000000020e+04 1.022059421525369549e+00
1.158000300000000061e+04 1.019126125839295183e+00
1.158049899999999980e+04 1.009313257772394445e+00
1.158099899999999980e+04 1.001381248186412831e+00
1.158149899999999980e+04 9.901856399671663533e-01
1.158199899999999980e+04 9.801985164333634204e-01
1.158250200000000041e+04 9.726232055098406049e-01
1.158300400000000081e+04 9.645294935810401205e-01
1.158350000000000000e+04 9.625311265068552391e-01
1.158400000000000000e+04 9.587974328371354771e-01
1.158449899999999980e+04 9.594692753842327670e-01
1.158499899999999980e+04 9.582558610005206257e-01
1.158550300000000061e+04 9.588663053702830563e-01
1.158599899999999980e+04 9.612539978852431277e-01
1.158650000000000000e+04 9.611691464929401629e-01
1.158699799999999959e+04 9.664103184386300116e-01
1.158750200000000041e+04 9.697759900222280294e-01
1.158800400000000081e+04 9.767356036165256716e-01
1.158850100000000020e+04 9.836851394620316213e-01
1.158899799999999959e+04 9.952768998932028932e-01
1.158950000000000000e+04 1.005166439301018455e+00
1.158999699999999939e+04 1.018009574400126738e+00
1.159050400000000081e+04 1.029766735416923318e+00
1.159100400000000081e+04 1.041036850910155520e+00
1.159150300000000061e+04 1.053974207205535141e+00
1.159200400000000081e+04 1.062604108994265273e+00
1.159250100000000020e+04 1.066412463875148653e+00
1.159300200000000041e+04 1.069450386604211767e+00
1.159349699999999939e+04 1.067062228606849184e+00
1.159399799999999959e+04 1.065146934319867844e+00
1.159450100000000020e+04 1.057545783484342028e+00
1.159499799999999959e+04 1.049407898938856221e+00
1.159549799999999959e+04 1.043787479330532397e+00
1.159600400000000081e+04 1.033831606128170932e+00
1.159650000000000000e+04 1.027224860854315525e+00
1.159699899999999980e+04 1.017547871566133910e+00
1.159749500000000080e+04 1.012382784842374761e+00
1.159800000000000000e+04 1.004142478091612611e+00
1.159850000000000000e+04 1.001212528636884258e+00
1.159900500000000102e+04 9.953902895980885068e-01
1.159950300000000061e+04 9.927618046494696147e-01
1.160000200000000041e+04 9.902925764868669711e-01
1.160050200000000041e+04 9.886266558953079597e-01
1.160100200000000041e+04 9.879042925456780200e-01
1.160150300000000061e+04 9.849441421604970825e-01
1.160200100000000020e+04 9.835729155644464816e-01
1.160249899999999980e+04 9.800321286268557364e-01
1.160299899999999980e+04 9.776057990374507067e-01
1.160349899999999980e+04 9.732082931411406568e-01
1.160400300000000061e+04 9.696668335798575011e-01
1.160449899999999980e+04 9.670148317885557399e-01
1.160500100000000020e+04 9.612349261122723476e-01
1.160550000000000000e+04 9.595952495855510911e-01
1.160599799999999959e+04 9.572037412938207979e-01
1.160649799999999959e+04 9.558868910747494452e-01
1.160699899999999980e+04 9.556082759918406166e-01
1.160749899999999980e+04 9.562807822956752579e-01
1.160799799999999959e+04 9.585769988508762163e-01
