1.152400000000000000e+04 4.723801021159762005e-03
1.152450000000000000e+04 4.225869810172631393e-03
1.152500000000000000e+04 3.770379231998047427e-03
1.152550000000000000e+04 3.323990783406070675e-03
1.152600000000000000e+04 2.887083285647031993e-03
1.152650000000000000e+04 2.460060120099887958e-03
1.152700000000000000e+04 2.043344018541723602e-03
1.152750000000000000e+04 1.637385249846728692e-03
1.152800000000000000e+04 1.242657898771613000e-03
1.152850000000000000e+04 8.596658199163879476e-04
1.152900000000000000e+04 4.889426377163876404e-04
1.152950000000000000e+04 1.310562119372811203e-04
1.153000000000000000e+04 -2.133935950843195031e-04
1.153050000000000000e+04 -5.437667317154498388e-04
1.153100000000000000e+04 -8.593814685425731114e-04
1.153150000000000000e+04 -1.159514398379502291e-03
1.153200000000000000e+04 -1.443391505298559320e-03
1.153250000000000000e+04 -1.710188164638506243e-03
1.153300000000000000e+04 -1.959024677535985831e-03
1.153350000000000000e+04 -2.188957339956684386e-03
1.153400000000000000e+04 -2.398977698457161953e-03
1.153450000000000000e+04 -2.588005851978074021e-03
1.153500000000000000e+04 -2.754880032380492300e-03
1.153550000000000000e+04 -2.898355860221006001e-03
1.153600000000000000e+04 -3.017090715565464570e-03
1.153650000000000000e+04 -3.109642249504771146e-03
1.153700000000000000e+04 -3.174452010748997095e-03
1.153750000000000000e+04 -3.209838747396796376e-03
1.153800000000000000e+04 -3.213983522021692484e-03
1.153850000000000000e+04 -3.184915571004474574e-03
1.153900000000000000e+04 -3.120497419595668828e-03
1.153950000000000000e+04 -3.018406275771441660e-03
1.154000000000000000e+04 -2.876115424089508137e-03
1.154050000000000000e+04 -2.690868177057718653e-03
1.154100000000000000e+04 -2.459655547772802205e-03
1.154150000000000000e+04 -2.179184991566386533e-03
1.154200000000000000e+04 -1.845844682201031256e-03
1.154250000000000000e+04 -1.455670020804472782e-03
1.154300000000000000e+04 -1.004294515612373087e-03
1.154350000000000000e+04 -4.869021502269767405e-04
1.154400000000000000e+04 1.018321560614240885e-04
1.154450000000000000e+04 7.678110189299497011e-04
1.154500000000000000e+04 1.517593479099810195e-03
1.154550000000000000e+04 2.358485056104322585e-03
1.154600000000000000e+04 3.298647152481370016e-03
1.154650000000000000e+04 4.347222087094065011e-03
1.154700000000000000e+04 5.514481944365521443e-03
1.154750000000000000e+04 6.812005704838476096e-03
1.154800000000000000e+04 8.252884657085853004e-03
1.154850000000000000e+04 9.851977674132693721e-03
1.154900000000000000e+04 1.162620370215835565e-02
1.154950000000000000e+04 1.359490867380692448e-02
1.155000000000000000e+04 1.578030163640691680e-02
1.155050000000000000e+04 1.820797423572851140e-02
1.155100000000000000e+04 2.090757946840208353e-02
1.155150000000000000e+04 2.391361314032266344e-02
1.155200000000000000e+04 2.726640594665570572e-02
1.155250000000000000e+04 3.101339613265542694e-02
1.155300000000000000e+04 3.521064775566372373e-02
1.155350000000000000e+04 3.992486014952289358e-02
1.155400000000000000e+04 4.523586859142631617e-02
1.155450000000000000e+04 5.123984456006210053e-02
1.155500000000000000e+04 5.805353049581034319e-02
1.155550000000000000e+04 6.581959093008682427e-02
1.155600000000000000e+04 7.471378701756341278e-02
1.155650000000000000e+04 8.495439124909433259e-02
1.155700000000000000e+04 9.681464613114340589e-02
1.155750000000000000e+04 1.106394799527592870e-01
1.155800000000000000e+04 1.268677299735954944e-01
1.155850000000000000e+04 1.460617634179566249e-01
1.155900000000000000e+04 1.689462601381108708e-01
1.155900000000000000e+04 1.690411471366875806e-01
1.155904999999999927e+04 1.713462313642486468e-01
1.155905999999999949e+04 1.717461209152028323e-01
1.155907999999999993e+04 1.730172161757727589e-01
1.155907999999999993e+04 1.731138819224849190e-01
1.155909000000000015e+04 1.734728795280942593e-01
1.155913999999999942e+04 1.758772566910360713e-01
1.155913999999999942e+04 1.761878559739536443e-01
1.155914999999999964e+04 1.767674778880409248e-01
1.155920000000000073e+04 1.788907905182021696e-01
1.155920999999999913e+04 1.799074442395769691e-01
1.155927000000000044e+04 1.829979405540582416e-01
1.155931999999999971e+04 1.858302517715530733e-01
1.155932999999999993e+04 1.863808064992993618e-01
1.155936000000000058e+04 1.878197428249905321e-01
1.155937000000000080e+04 1.881500453672998174e-01
1.155937000000000080e+04 1.883161343885188244e-01
1.155938999999999942e+04 1.893452572973758352e-01
1.155938999999999942e+04 1.895136981362132156e-01
1.155940999999999985e+04 1.906153180558894933e-01
1.155947999999999956e+04 1.946631665639506348e-01
1.155957999999999993e+04 2.007468441977352525e-01
1.155968000000000029e+04 2.070702955916841059e-01
1.155978000000000065e+04 2.136450342326768614e-01
1.155987999999999920e+04 2.204831466770892368e-01
1.155997999999999956e+04 2.275972851083006288e-01
1.156007999999999993e+04 2.350007194339568950e-01
1.156018000000000029e+04 2.427073000736343078e-01
1.156028000000000065e+04 2.507314951711675510e-01
1.156037999999999920e+04 2.590883905946314569e-01
1.156047999999999956e+04 2.677936378391254091e-01
1.156057999999999993e+04 2.768635135664549995e-01
1.156068000000000029e+04 2.863148079682300007e-01
1.156078000000000065e+04 2.961648396507678416e-01
1.156087999999999920e+04 3.064313886529697051e-01
1.156097999999999956e+04 3.171325922518376528e-01
1.156107999999999993e+04 3.282868779803613801e-01
1.156118000000000029e+04 3.399128296632051849e-01
1.156128000000000065e+04 3.520290236825645014e-01
1.156137999999999920e+04 3.646538503591278402e-01
1.156147999999999956e+04 3.778052683508372755e-01
1.156157999999999993e+04 3.915005590517195988e-01
1.156168000000000029e+04 4.057559544688124631e-01
1.156178000000000065e+04 4.205862948689917391e-01
1.156187999999999920e+04 4.360045747888423584e-01
1.156197999999999956e+04 4.520214071774901754e-01
1.156207999999999993e+04 4.686445024243395818e-01
1.156218000000000029e+04 4.858779613253064733e-01
1.156228000000000065e+04 5.037216127037867919e-01
1.156237999999999920e+04 5.221702170673727661e-01
1.156247999999999956e+04 5.412126330522097906e-01
1.156257999999999993e+04 5.608310061948044156e-01
1.156268000000000029e+04 5.809998460668508447e-01
1.156278000000000065e+04 6.016851927196409378e-01
1.156287999999999920e+04 6.228438426681336404e-01
1.156297999999999956e+04 6.444225972023939208e-01
1.156307999999999993e+04 6.663577860701349609e-01
1.156318000000000029e+04 6.885748581413410063e-01
1.156328000000000065e+04 7.109883367535270171e-01
1.156337999999999920e+04 7.335021397375347529e-01
1.156347999999999956e+04 7.562127329075655213e-01
1.156357999999999993e+04 7.788023860893096284e-01
1.156368000000000029e+04 8.011486708023092262e-01
1.156378000000000065e+04 8.231234278713006614e-01
1.156387999999999920e+04 8.445953722874477432e-01
1.156397999999999956e+04 8.654327724942885158e-01
1.156407999999999993e+04 8.855050877290767675e-01
1.156418000000000029e+04 9.046843820903496258e-01
1.156428000000000065e+04 9.228489713437597608e-01
1.156437999999999920e+04 9.398884093707443599e-01
1.156447999999999956e+04 9.557039347162852305e-01
1.156457999999999993e+04 9.702146478312683175e-01
1.156468000000000029e+04 9.833614555768095400e-01
1.156478000000000065e+04 9.951055827320648417e-01
1.156487999999999920e+04 1.005428274295744995e+00
1.156497999999999956e+04 1.014330051240138308e+00
1.156507999999999993e+04 1.021829668566476945e+00
1.156518000000000029e+04 1.027962552388273387e+00
1.156528000000000065e+04 1.032778790466822638e+00
1.156537999999999920e+04 1.036340452925338607e+00
1.156547999999999956e+04 1.038719582784545903e+00
1.156557999999999993e+04 1.039995218978315261e+00
1.156568000000000029e+04 1.040251386889293306e+00
1.156578000000000065e+04 1.039574791185997604e+00
1.156587999999999920e+04 1.038052583084597247e+00
1.156597999999999956e+04 1.035771020705979151e+00
1.156607999999999993e+04 1.032813831734328502e+00
1.156618000000000029e+04 1.029261171472672043e+00
1.156628000000000065e+04 1.025188953021326510e+00
1.156637999999999920e+04 1.020668028607291111e+00
1.156647999999999956e+04 1.015764040734967066e+00
1.156657999999999993e+04 1.010537422186196022e+00
1.156668000000000029e+04 1.005043023897219445e+00
1.156678000000000065e+04 9.993305615062733072e-01
1.156687999999999920e+04 9.934449130521114668e-01
1.156697999999999956e+04 9.874261189739115263e-01
1.156707999999999993e+04 9.813099775082251286e-01
1.156718000000000029e+04 9.751281935381269639e-01
1.156728000000000065e+04 9.689088995654999703e-01
1.156737999999999920e+04 9.626770278341018061e-01
1.156747999999999956e+04 9.564546080279315854e-01
1.156757999999999993e+04 9.502608416959171800e-01
1.156768000000000029e+04 9.441128464979310353e-01
1.156778000000000065e+04 9.380255817802091167e-01
1.156787999999999920e+04 9.320122206984166047e-01
1.156797999999999956e+04 9.260842990667998986e-01
1.156807999999999993e+04 9.202520130567030110e-01
1.156818000000000029e+04 9.145242191964751965e-01
1.156828000000000065e+04 9.089088064945909373e-01
1.156837999999999920e+04 9.034123987411887269e-01
1.156847999999999956e+04 8.980409499049090138e-01
1.156857999999999993e+04 8.927996697083403488e-01
1.156868000000000029e+04 8.876928747787330432e-01
1.156878000000000065e+04 8.827242863465171174e-01
1.156887999999999920e+04 8.778971046698308411e-01
1.156897999999999956e+04 8.732140090345793526e-01
1.156907999999999993e+04 8.686770089051778498e-01
1.156918000000000029e+04 8.642878160476067384e-01
1.156928000000000065e+04 8.600476956802206585e-01
1.156937999999999920e+04 8.559576153229127016e-01
1.156947999999999956e+04 8.520180215233424947e-01
1.156957999999999993e+04 8.482292119799376140e-01
1.156968000000000029e+04 8.445910378434736687e-01
1.156978000000000065e+04 8.411032758401471021e-01
1.156987999999999920e+04 8.377652561484556504e-01
1.156997999999999956e+04 8.345760856731325728e-01
1.157007999999999993e+04 8.315349457434590974e-01
1.157018000000000029e+04 8.286404222918956064e-01
1.157028000000000065e+04 8.258913245247190282e-01
1.157037999999999920e+04 8.232859406759152066e-01
1.157047999999999956e+04 8.208226334041358596e-01
1.157057999999999993e+04 8.184996165187555794e-01
1.157068000000000029e+04 8.163149549799830762e-01
1.157078000000000065e+04 8.142664904741733212e-01
1.157087999999999920e+04 8.123522135368999031e-01
1.157097999999999956e+04 8.105697425807122380e-01
1.157107999999999993e+04 8.089167704427433492e-01
1.157118000000000029e+04 8.073908411109395056e-01
1.157128000000000065e+04 8.059894985732226624e-01
1.157137999999999920e+04 8.047101379683014866e-01
1.157147999999999956e+04 8.035500055856815704e-01
1.157157999999999993e+04 8.025064221394632158e-01
1.157168000000000029e+04 8.015765594945485351e-01
1.157178000000000065e+04 8.007576639404118124e-01
1.157187999999999920e+04 8.000466096435275842e-01
1.157197999999999956e+04 7.994405684687803104e-01
1.157207999999999993e+04 7.989364145826238772e-01
1.157218000000000029e+04 7.985310221515278251e-01
1.157228000000000065e+04 7.982212653419252790e-01
1.157237999999999920e+04 7.980039438956881837e-01
1.157247999999999956e+04 7.978757087054275665e-01
1.157257999999999993e+04 7.978333595130103761e-01
1.157268000000000029e+04 7.978734727864523757e-01
1.157278000000000065e+04 7.979926994183781375e-01
1.157287999999999920e+04 7.981876903014379909e-01
1.157297999999999956e+04 7.984548730544180906e-01
1.157307999999999993e+04 7.987909729945774640e-01
1.157318000000000029e+04 7.991924177407129237e-01
1.157328000000000065e+04 7.996557837608485597e-01
1.157337999999999920e+04 8.001776475230161223e-01
1.157347999999999956e+04 8.007546599198368531e-01
1.157357999999999993e+04 8.013833229947426862e-01
1.157368000000000029e+04 8.020603620649500165e-01
1.157378000000000065e+04 8.027825024477144300e-01
1.157387999999999920e+04 8.035463950356714902e-01
1.157397999999999956e+04 8.043489884198746775e-01
1.157407999999999993e+04 8.051871567667967522e-01
1.157418000000000029e+04 8.060579230920870142e-01
1.157428000000000065e+04 8.069584592606554585e-01
1.157437999999999920e+04 8.078857882881622654e-01
1.157447999999999956e+04 8.088374541625480418e-01
1.157457999999999993e+04 8.098108520225212326e-01
1.157468000000000029e+04 8.108035258560041258e-01
1.157478000000000065e+04 8.118132429247675308e-01
1.157487999999999920e+04 8.128378449151606455e-01
1.157497999999999956e+04 8.138753223627734901e-01
1.157507999999999993e+04 8.149238890770023058e-01
1.157518000000000029e+04 8.159817588672502175e-01
1.157528000000000065e+04 8.170473688167593229e-01
1.157537999999999920e+04 8.181193792825554034e-01
1.157547999999999956e+04 8.191963017725073515e-01
1.157557999999999993e+04 8.202771687666791101e-01
1.157568000000000029e+04 8.213607894713562674e-01
1.157578000000000065e+04 8.224463452158562449e-01
1.157587999999999920e+04 8.235329429048553473e-01
1.157597999999999956e+04 8.246199127169107079e-01
1.157607999999999993e+04 8.257067336797367929e-01
1.157618000000000029e+04 8.267927359718807434e-01
1.157628000000000065e+04 8.278776218949021048e-01
1.157637999999999920e+04 8.289609449011464681e-01
1.157647999999999956e+04 8.300425561414052078e-01
1.157657999999999993e+04 8.311220834926327239e-01
1.157668000000000029e+04 8.321995269548363439e-01
1.157678000000000065e+04 8.332748121034003752e-01
1.157687999999999920e+04 8.343477900891106414e-01
1.157697999999999956e+04 8.354186097611840944e-01
1.157707999999999993e+04 8.364872711196178479e-01
1.157718000000000029e+04 8.375539230136411772e-01
1.157728000000000065e+04 8.386187887170550859e-01
1.157737999999999920e+04 8.396820915037027655e-01
1.157747999999999956e+04 8.407442034966193800e-01
1.157757999999999993e+04 8.418053479696271379e-01
1.157768000000000029e+04 8.428659714703883310e-01
1.157778000000000065e+04 8.439265205465280584e-01
1.157787999999999920e+04 8.449875161703248594e-01
1.157797999999999956e+04 8.460494793140226344e-01
1.157807999999999993e+04 8.471130053744972965e-01
1.157818000000000029e+04 8.481787641732145833e-01
1.157828000000000065e+04 8.492473511070400827e-01
1.157837999999999920e+04 8.503194359974549643e-01
1.157847999999999956e+04 8.513956886659226342e-01
1.157857999999999993e+04 8.524768533585351804e-01
1.157868000000000029e+04 8.535634510475419434e-01
1.157878000000000065e+04 8.546561515544164322e-01
1.157887999999999920e+04 8.557554758514239746e-01
1.157897999999999956e+04 8.568618704862029922e-01
1.157907999999999993e+04 8.579757075818101875e-01
1.157918000000000029e+04 8.590971359874381985e-01
1.157928000000000065e+04 8.602262301277109335e-01
1.157937999999999920e+04 8.613629155780229141e-01
1.157947999999999956e+04 8.625069690645392750e-01
1.157957999999999993e+04 8.636577207658018285e-01
1.157968000000000029e+04 8.648145008603135286e-01
1.157978000000000065e+04 8.659763418281892777e-01
1.157987999999999920e+04 8.671419784510766560e-01
1.157997999999999956e+04 8.683099222368226844e-01
1.158007999999999993e+04 8.694783125702152393e-01
1.158018000000000029e+04 8.706450655622252066e-01
1.158028000000000065e+04 8.718080228992234337e-01
1.158037999999999920e+04 8.729644308706969724e-01
1.158047999999999956e+04 8.741114613415454926e-01
1.158057999999999993e+04 8.752461373274341705e-01
1.158068000000000029e+04 8.763651841456031599e-01
1.158078000000000065e+04 8.774651038394813973e-01
1.158087999999999920e+04 8.785425473016745812e-01
1.158097999999999956e+04 8.795937188771919546e-01
1.158107999999999993e+04 8.806150461848282207e-01
1.158118000000000029e+04 8.816028079941740092e-01
1.158128000000000065e+04 8.825535063486588117e-01
1.158137999999999920e+04 8.834635688670633424e-01
1.158147999999999956e+04 8.843298697158733512e-01
1.158157999999999993e+04 8.851492086369163736e-01
1.158168000000000029e+04 8.859188319197028871e-01
1.158178000000000065e+04 8.866362835521549579e-01
1.158187999999999920e+04 8.872995540698548345e-01
1.158197999999999956e+04 8.879068572822061967e-01
1.158207999999999993e+04 8.884570768200835689e-01
1.158218000000000029e+04 8.889493195881967846e-01
1.158228000000000065e+04 8.893834367373217864e-01
1.158237999999999920e+04 8.897596515412854457e-01
1.158247999999999956e+04 8.900786338215616045e-01
1.158257999999999993e+04 8.903415743718784414e-01
1.158268000000000029e+04 8.905501849582371232e-01
1.158278000000000065e+04 8.907066238942509262e-01
1.158287999999999920e+04 8.908134960412220638e-01
1.158297999999999956e+04 8.908736295342635225e-01
1.158307999999999993e+04 8.908903734807329666e-01
1.158318000000000029e+04 8.908673002618362480e-01
1.158328000000000065e+04 8.908084288063984335e-01
1.158337999999999920e+04 8.907177780432750103e-01
1.158347999999999956e+04 8.905996645997289463e-01
1.158357999999999993e+04 8.904584051030455250e-01
1.158368000000000029e+04 8.902987627281397920e-01
1.158378000000000065e+04 8.901251285268941826e-01
1.158387999999999920e+04 8.899421912496320308e-01
1.158397999999999956e+04 8.897546396466574636e-01
1.158407999999999993e+04 8.895692463573253717e-01
1.158418000000000029e+04 8.893850438617215692e-01
1.158428000000000065e+04 8.892217546810123885e-01
1.158437999999999920e+04 8.890755831601893089e-01
1.158447999999999956e+04 8.889496551327848994e-01
1.158497999999999956e+04 8.886522464466746207e-01
1.158547999999999956e+04 8.892812752831485978e-01
1.158597999999999956e+04 8.911078704897824609e-01
1.158647999999999956e+04 8.942493996736727846e-01
1.158697999999999956e+04 8.986893405718152650e-01
1.158747999999999956e+04 9.043193309546915248e-01
1.158797999999999956e+04 9.109886609907502653e-01
1.158847999999999956e+04 9.185442392609726170e-01
1.158897999999999956e+04 9.268500920062204829e-01
1.158947999999999956e+04 9.357892237424406678e-01
1.158997999999999956e+04 9.452537932123854514e-01
1.159047999999999956e+04 9.551305261624106757e-01
1.159097999999999956e+04 9.652823324642585412e-01
1.159147999999999956e+04 9.755284347446628868e-01
1.159197999999999956e+04 9.856295578883399466e-01
1.159247999999999956e+04 9.952885988594547539e-01
1.159297999999999956e+04 1.004172954084057157e+00
1.159347999999999956e+04 1.011957983421287066e+00
1.159397999999999956e+04 1.018380298182808508e+00
1.159447999999999956e+04 1.022929122282707493e+00
1.159547999999999956e+04 1.028301595569456328e+00
1.159647999999999956e+04 1.028569657104434931e+00
1.159747999999999956e+04 1.025219194189878280e+00
1.159847999999999956e+04 1.019541324928437076e+00
1.159947999999999956e+04 1.012737188071458183e+00
1.160047999999999956e+04 1.006137197914707127e+00
1.160147999999999956e+04 1.000965341564248767e+00
1.160247999999999956e+04 9.978631591425736191e-01
1.160347999999999956e+04 9.965822957321891495e-01
1.160447999999999956e+04 9.961087160466882695e-01
1.160547999999999956e+04 9.952895084808164317e-01
1.160647999999999956e+04 9.936392013154368152e-01
1.160747999999999956e+04 9.916272649789363847e-01
1.160847999999999956e+04 9.902180191194427383e-01
1.160947999999999956e+04 9.902756822871094933e-01
1.161047999999999956e+04 9.923263620371221005e-01
1.161147999999999956e+04 9.965727910021632274e-01
1.161247999999999956e+04 1.002974705469206640e+00
1.161347999999999956e+04 1.011344704274870221e+00
1.161447999999999956e+04 1.021391191804313703e+00
1.161547999999999956e+04 1.032628324215353555e+00
1.161647999999999956e+04 1.044220387582789122e+00
1.161747999999999956e+04 1.054983881787397770e+00
1.161847999999999956e+04 1.063675097201950415e+00
1.161947999999999956e+04 1.069382704499317160e+00
1.162047999999999956e+04 1.071722449427491508e+00
1.162147999999999956e+04 1.070770617209849451e+00
1.162247999999999956e+04 1.066925156226312232e+00
1.162347999999999956e+04 1.060841226302655649e+00
1.162447999999999956e+04 1.053378059540280631e+00
1.162547999999999956e+04 1.045442668639024575e+00
1.162647999999999956e+04 1.037781606843503734e+00
1.162747999999999956e+04 1.030858911585700088e+00
1.162847999999999956e+04 1.024858039524768394e+00
1.162947999999999956e+04 1.019750188337349428e+00
1.163047999999999956e+04 1.015379438469301121e+00
1.163147999999999956e+04 1.011544694629346486e+00
1.163247999999999956e+04 1.008066295813334623e+00
1.163347999999999956e+04 1.004822334513078230e+00
1.163447999999999956e+04 1.001748284593288352e+00
1.163547999999999956e+04 9.988106549802884260e-01
1.163647999999999956e+04 9.959796758308078202e-01
1.163747999999999956e+04 9.932179859915338804e-01
1.163847999999999956e+04 9.904925409364419009e-01
1.163947999999999956e+04 9.877994705859066693e-01
1.164047999999999956e+04 9.851796340498196747e-01
1.164147999999999956e+04 9.827067116902699073e-01
1.164247999999999956e+04 9.804533419248455672e-01
1.164347999999999956e+04 9.784588209466533737e-01
1.164447999999999956e+04 9.767181623069478569e-01
1.164547999999999956e+04 9.751928140586990645e-01
1.164647999999999956e+04 9.738364096710157014e-01
1.164747999999999956e+04 9.726223795587737309e-01
1.164847999999999956e+04 9.715676925326318658e-01
1.164947999999999956e+04 9.707423821488869731e-01
1.165047999999999956e+04 9.702641881376788957e-01
1.165147999999999956e+04 9.702801735247670312e-01
1.165247999999999956e+04 9.709409737170894283e-01
1.165347999999999956e+04 9.723731849731646060e-01
1.165447999999999956e+04 9.746515295995885619e-01
1.165547999999999956e+04 9.777758587471552243e-01
1.165647999999999956e+04 9.816622958824472445e-01
1.165747999999999956e+04 9.861515723439729930e-01
1.165847999999999956e+04 9.910338107366697402e-01
1.165947999999999956e+04 9.960770295568438515e-01
1.166047999999999956e+04 1.001052745257404730e+00
1.166147999999999956e+04 1.005754429550660189e+00
1.166247999999999956e+04 1.010012245480757631e+00
1.166347999999999956e+04 1.013708378892943074e+00
