1.151500000000000000e+04 1.037503918287465028e-02
1.151550100000000020e+04 1.287270031528844894e-02
1.151600200000000041e+04 1.961284190710600381e-02
1.151649300000000039e+04 7.352665403036334757e-03
1.151700300000000061e+04 2.030374012159328473e-02
1.151749899999999980e+04 1.050690310142428190e-02
1.151800000000000000e+04 8.264721834498101093e-04
1.151850000000000000e+04 -2.500298357331647101e-03
1.151900500000000102e+04 1.982675811058132870e-02
1.151949899999999980e+04 2.205682324976568007e-02
1.152000000000000000e+04 1.338478512655394935e-02
1.152050400000000081e+04 5.851773429848892809e-03
1.152100400000000081e+04 5.438361441992885931e-03
1.152150000000000000e+04 -7.418715461547408570e-04
1.152199799999999959e+04 4.316463010210867292e-03
1.152250000000000000e+04 9.154617013417206892e-03
1.152300000000000000e+04 3.615747028314597947e-03
1.152350200000000041e+04 5.149773718888925236e-04
1.152400000000000000e+04 -7.245619356160863840e-03
1.152449799999999959e+04 -8.666996690246198468e-03
1.152500000000000000e+04 2.030930620747138822e-03
1.152549899999999980e+04 -3.324140076946194809e-03
1.152599200000000019e+04 -1.913264645643180176e-02
1.152649600000000100e+04 2.524420675306750933e-03
1.152700000000000000e+04 -1.276878108852565891e-02
1.152750200000000041e+04 -6.761144036884494772e-03
1.152800000000000000e+04 -4.883449144996160687e-03
1.152850100000000020e+04 -1.840320443498067934e-02
1.152900000000000000e+04 -2.312403310369125133e-03
1.152950200000000041e+04 -3.531234061453520940e-03
1.153000100000000020e+04 -9.895107275014622394e-03
1.153050100000000020e+04 -7.155059176274648595e-03
1.153100400000000081e+04 -5.051630934592664206e-03
1.153150000000000000e+04 -1.087905233762468532e-02
1.153200000000000000e+04 -6.784765167203375170e-03
1.153250599999999940e+04 -1.858991092517478863e-03
1.153300000000000000e+04 -4.506233892411040144e-03
1.153350100000000020e+04 -7.069625925057661936e-03
1.153400599999999940e+04 -3.243005473736216247e-03
1.153450300000000061e+04 -6.908877680562583619e-03
1.153499899999999980e+04 -1.199443879603459898e-02
1.153550000000000000e+04 -1.950307283878988454e-02
1.153600300000000061e+04 -1.474252024804443943e-02
1.153650100000000020e+04 -1.895152025389659767e-02
1.153700400000000081e+04 7.483275712242633097e-03
1.153750000000000000e+04 -1.266750271812513290e-02
1.153800300000000061e+04 -1.220366372092483416e-03
1.153850300000000061e+04 -4.311815292964868603e-03
1.153900200000000041e+04 -2.151667071934174232e-03
1.153949799999999959e+04 -1.002484226144034242e-02
1.153999799999999959e+04 -4.159951458818035054e-03
1.154050000000000000e+04 4.394013885373465947e-03
1.154100200000000041e+04 4.493242570703986395e-03
1.154149899999999980e+04 -5.662402536138186337e-03
1.154199899999999980e+04 -1.001084773201496711e-03
1.154249699999999939e+04 2.927949573656371107e-03
1.154299699999999939e+04 1.732741381144290707e-03
1.154349899999999980e+04 6.239325800662002619e-04
1.154400100000000020e+04 1.112463125693035834e-02
1.154450000000000000e+04 2.046717571217492385e-02
1.154500000000000000e+04 2.503686912448233395e-02
1.154550200000000041e+04 1.921122233585394537e-02
1.154600200000000041e+04 1.577105318603322023e-02
1.154650200000000041e+04 1.904377693027988275e-02
1.154699699999999939e+04 2.934694600724490829e-02
1.154750300000000061e+04 4.317031731960074836e-02
1.154800000000000000e+04 5.961631456341139751e-02
1.154850000000000000e+04 3.925812119413814999e-02
1.154900400000000081e+04 4.479234958645736397e-02
1.154949600000000100e+04 5.838063709754955088e-02
1.154999899999999980e+04 4.578195199965089113e-02
1.155049899999999980e+04 7.051030169652967861e-02
1.155100000000000000e+04 5.440422907058843627e-02
1.155150400000000081e+04 7.685302106273801670e-02
1.155200200000000041e+04 8.306515193000210684e-02
1.155250100000000020e+04 8.603130218566337750e-02
1.155300500000000102e+04 1.166317691360164860e-01
1.155350200000000041e+04 1.284810565689119832e-01
1.155400000000000000e+04 1.341051805203075931e-01
1.155450300000000061e+04 1.398182245893518083e-01
1.155499699999999939e+04 1.602582688166315772e-01
1.155550000000000000e+04 1.751023092566898198e-01
1.155600100000000020e+04 2.264875269392515322e-01
1.155650400000000081e+04 2.479949522800294348e-01
1.155700300000000061e+04 2.637814659129511519e-01
1.155749600000000100e+04 3.102690920602065860e-01
1.155800200000000041e+04 3.359467392118644646e-01
1.155849799999999959e+04 3.808203323135814777e-01
1.155900300000000061e+04 4.312037198489843126e-01
1.155950300000000061e+04 4.794238398309023652e-01
1.156000000000000000e+04 5.377477267560885066e-01
1.156050100000000020e+04 6.275043081928189936e-01
1.156100000000000000e+04 7.113028307145057294e-01
1.156150300000000061e+04 7.786148390073738268e-01
1.156200200000000041e+04 8.778944620643747143e-01
1.156250200000000041e+04 9.823695302029041843e-01
1.156300200000000041e+04 1.071317483818470917e+00
1.156350000000000000e+04 1.126531175831486209e+00
1.156400200000000041e+04 1.180350065320516117e+00
1.156449899999999980e+04 1.196665836644169811e+00
1.156499699999999939e+04 1.177615933555840932e+00
1.156549899999999980e+04 1.182801935273601446e+00
1.156600200000000041e+04 1.212903284343501920e+00
1.156649799999999959e+04 1.168026881050042265e+00
1.156700300000000061e+04 1.154273692238831694e+00
1.156750300000000061e+04 1.118004022123692653e+00
1.156799699999999939e+04 1.117892364626830171e+00
1.156850100000000020e+04 1.111843175926308325e+00
1.156900699999999961e+04 1.106982910087868976e+00
1.156950000000000000e+04 1.078414976690608151e+00
1.157000100000000020e+04 1.057294788733625035e+00
1.157050400000000081e+04 1.077623540947233893e+00
1.157100599999999940e+04 1.070402633797965075e+00
1.157149400000000060e+04 1.055576792353143389e+00
1.157200200000000041e+04 1.089606107411675628e+00
1.157250100000000020e+04 1.062353685618734556e+00
1.157299699999999939e+04 1.069610630750179148e+00
1.157350100000000020e+04 1.040667916569146811e+00
1.157399699999999939e+04 1.043288495711201858e+00
1.157449799999999959e+04 1.035860322587518478e+00
1.157500400000000081e+04 1.043863351357320779e+00
1.157550400000000081e+04 1.046943396964440831e+00
1.157599899999999980e+04 1.057445521416571221e+00
1.157650599999999940e+04 1.050632259704717963e+00
1.157699799999999959e+04 1.035049277584308536e+00
1.157749799999999959e+04 1.054809615764528807e+00
1.157799699999999939e+04 1.080368335117476430e+00
1.157849899999999980e+04 1.055370264911080103e+00
1.157900200000000041e+04 1.051502643029019302e+00
1.157950000000000000e+04 1.021022057023684537e+00
1.158000300000000061e+04 1.030512483040647576e+00
1.158050100000000020e+04 1.024539530181069358e+00
1.158100200000000041e+04 1.028585829388555695e+00
1.158150100000000020e+04 1.000150404335069299e+00
1.158200400000000081e+04 9.994903715406252553e-01
1.158249899999999980e+04 1.020652110499215892e+00
1.158300200000000041e+04 1.000193624293119310e+00
1.158350000000000000e+04 9.960910413717455336e-01
1.158400000000000000e+04 1.002231026712892881e+00
1.158450200000000041e+04 9.464179619571609914e-01
1.158500200000000041e+04 1.022827952503987614e+00
1.158549699999999939e+04 9.916396866930664578e-01
1.158600100000000020e+04 9.692612001319711457e-01
1.158650100000000020e+04 1.000775200934211906e+00
1.158700300000000061e+04 9.768202133435732737e-01
1.158749799999999959e+04 9.766525575228467426e-01
1.158800100000000020e+04 9.784723950693926531e-01
1.158850100000000020e+04 1.014750955432556445e+00
1.158899600000000100e+04 9.794369970301194384e-01
1.158949699999999939e+04 1.011758272321375607e+00
1.158999899999999980e+04 9.860052240980083926e-01
1.159049699999999939e+04 1.001744688851154086e+00
1.159099899999999980e+04 1.000400847389776526e+00
1.159149899999999980e+04 1.025259188456333570e+00
1.159199699999999939e+04 1.033278351981546939e+00
1.159249600000000100e+04 1.021062347986178453e+00
1.159299799999999959e+04 1.003199920600594375e+00
1.159349600000000100e+04 1.028695107360977135e+00
1.159399799999999959e+04 1.034633343634907554e+00
1.159449899999999980e+04 1.051224948967949935e+00
1.159500000000000000e+04 9.954348128999336298e-01
1.159550000000000000e+04 1.006142387720439402e+00
1.159600200000000041e+04 9.967319969651460276e-01
1.159650000000000000e+04 9.870788939532346706e-01
1.159699899999999980e+04 9.798747373086207357e-01
1.159749699999999939e+04 1.006500773774139157e+00
1.159800400000000081e+04 1.027840089149318459e+00
1.159850000000000000e+04 9.903791596751561066e-01
1.159899899999999980e+04 9.979047149556004026e-01
1.159949699999999939e+04 9.912852313437199303e-01
1.159999899999999980e+04 9.936842941544702379e-01
1.160049799999999959e+04 9.823216303915773828e-01
1.160100500000000102e+04 9.980516716963832025e-01
1.160149600000000100e+04 9.703648740232905245e-01
1.160199799999999959e+04 9.965279509226491195e-01
1.160249600000000100e+04 9.627379624320121509e-01
1.160299899999999980e+04 9.789345534453699482e-01
1.160350100000000020e+04 9.543487665710624901e-01
1.160400100000000020e+04 9.773918480911816253e-01
1.160449899999999980e+04 9.744994851121229207e-01
1.160500100000000020e+04 9.486744021618841449e-01
1.160550000000000000e+04 9.519138321068515429e-01
1.160600000000000000e+04 9.394892975137645319e-01
1.160650000000000000e+04 9.370006565713430158e-01
1.160700200000000041e+04 9.240541562997378611e-01
1.160750300000000061e+04 9.590237507180832122e-01
1.160799899999999980e+04 9.673193867760582210e-01
