1.151499400000000060e+04 1.076675999256787586e-02
1.151549600000000100e+04 1.044919618078916229e-02
1.151600200000000041e+04 1.016387810278952634e-02
1.151650599999999940e+04 8.506998905298598229e-03
1.151700100000000020e+04 9.056100018819948291e-03
1.151750000000000000e+04 6.864287667400540381e-03
1.151800000000000000e+04 6.741861209871221131e-03
1.151849799999999959e+04 5.645002912156621595e-03
1.151900300000000061e+04 5.560734318440331732e-03
1.151949899999999980e+04 4.682541995350840945e-03
1.152000200000000041e+04 3.500679270560865843e-03
1.152050000000000000e+04 3.456548206707384975e-03
1.152100200000000041e+04 2.906789138963207161e-03
1.152149799999999959e+04 1.704768574947393466e-03
1.152200000000000000e+04 1.409660727132292391e-03
1.152249600000000100e+04 6.874503116410773506e-04
1.152299799999999959e+04 -9.349608214153692692e-05
1.152350000000000000e+04 -5.586853777631718265e-04
1.152400200000000041e+04 -3.189001360968927610e-04
1.152450400000000081e+04 -5.411619125520617662e-04
1.152499899999999980e+04 -2.240931219158214839e-03
1.152550200000000041e+04 -2.548101745825110970e-03
1.152600300000000061e+04 -2.388019242810930122e-03
1.152649899999999980e+04 -2.189690697698944404e-03
1.152700000000000000e+04 -4.059445942076719653e-03
1.152750200000000041e+04 -3.323628848403529200e-03
1.152800100000000020e+04 -4.817849426281640979e-03
1.152849899999999980e+04 -5.283932386136479427e-03
1.152900000000000000e+04 -4.412812340651794431e-03
1.152950000000000000e+04 -4.748043193655988349e-03
1.153000100000000020e+04 -6.272984427094647521e-03
1.153049500000000080e+04 -6.371105135535641041e-03
1.153100100000000020e+04 -6.996456677099825716e-03
1.153150000000000000e+04 -6.453381748055014855e-03
1.153199899999999980e+04 -6.663358551110074544e-03
1.153249799999999959e+04 -6.575387673235627214e-03
1.153300000000000000e+04 -6.490659404711425148e-03
1.153350200000000041e+04 -7.281415397566794005e-03
1.153400100000000020e+04 -7.017938691095193700e-03
1.153450200000000041e+04 -7.213236423157512976e-03
1.153500100000000020e+04 -6.452157876882976852e-03
1.153549799999999959e+04 -6.953621551440814993e-03
1.153600000000000000e+04 -6.376892768029186580e-03
1.153650300000000061e+04 -6.013724839509442671e-03
1.153699899999999980e+04 -4.532094001050716338e-03
1.153750000000000000e+04 -5.366781660690434809e-03
1.153799899999999980e+04 -4.868297791105190633e-03
1.153849899999999980e+04 -4.707093005665667455e-03
1.153900200000000041e+04 -3.588745867148510071e-03
1.153950300000000061e+04 -2.609711279524761646e-03
1.154000200000000041e+04 -1.837411347921858373e-03
1.154050500000000102e+04 -1.074776923114615724e-03
1.154100100000000020e+04 2.985042546027042083e-04
1.154149899999999980e+04 1.082849348403963326e-03
1.154200100000000020e+04 2.933996366967052145e-03
1.154249699999999939e+04 5.182221247582311299e-03
1.154299699999999939e+04 5.034711533710219122e-03
1.154349899999999980e+04 7.014157323112601809e-03
1.154400500000000102e+04 8.714932674986951636e-03
1.154450100000000020e+04 1.209046727047166821e-02
1.154500000000000000e+04 1.339180673421167499e-02
1.154550200000000041e+04 1.493160859285121503e-02
1.154600200000000041e+04 1.767937488488558612e-02
1.154650100000000020e+04 2.076024915149112318e-02
1.154700100000000020e+04 2.417299365092621943e-02
1.154750000000000000e+04 2.854964114305646658e-02
1.154800200000000041e+04 3.495255973535594390e-02
1.154850000000000000e+04 3.866864752360262003e-02
1.154900300000000061e+04 4.244759828242773009e-02
1.154950200000000041e+04 4.810366048765755964e-02
1.155000000000000000e+04 5.450932707782168291e-02
1.155050300000000061e+04 5.872075404838394269e-02
1.155100000000000000e+04 6.647835429448312183e-02
1.155149899999999980e+04 7.376373053895836363e-02
1.155200200000000041e+04 8.144582815759253414e-02
1.155250200000000041e+04 9.111859376563040402e-02
1.155300200000000041e+04 1.019343339110239249e-01
1.155350100000000020e+04 1.134703559278127660e-01
1.155400000000000000e+04 1.264706255431963522e-01
1.155450400000000081e+04 1.399992117170479611e-01
1.155499799999999959e+04 1.605824620482337872e-01
1.155550100000000020e+04 1.777439719890692715e-01
1.155600200000000041e+04 2.006496141640596309e-01
1.155650000000000000e+04 2.234683909851706007e-01
1.155700000000000000e+04 2.513070113358020219e-01
1.155750100000000020e+04 2.843054747142312322e-01
1.155800200000000041e+04 3.209962237075837943e-01
1.155849799999999959e+04 3.651856141550229862e-01
1.155899799999999959e+04 4.180690343156391875e-01
1.155949899999999980e+04 4.787719332698885388e-01
1.156000100000000020e+04 5.492542822457847640e-01
1.156050200000000041e+04 6.366044489886336644e-01
1.156099699999999939e+04 7.306309171707979777e-01
1.156150000000000000e+04 8.411097596166873247e-01
1.156199799999999959e+04 9.533410596646005875e-01
1.156249799999999959e+04 1.066098603112507925e+00
1.156299699999999939e+04 1.167809955272909095e+00
1.156349799999999959e+04 1.250850940075213025e+00
1.156400200000000041e+04 1.304280869288845235e+00
1.156450000000000000e+04 1.334470876087796576e+00
1.156499699999999939e+04 1.336954708052532581e+00
1.156550100000000020e+04 1.320964076144605093e+00
1.156600100000000020e+04 1.299029311576913370e+00
1.156649799999999959e+04 1.269300507441365244e+00
1.156700300000000061e+04 1.241072413956538556e+00
1.156750000000000000e+04 1.209528531258669881e+00
1.156800200000000041e+04 1.182839963653547377e+00
1.156849600000000100e+04 1.158347150386095370e+00
1.156900000000000000e+04 1.136441887319853628e+00
1.156950000000000000e+04 1.118429997085703231e+00
1.157000100000000020e+04 1.104174932931682118e+00
1.157050100000000020e+04 1.088861959806999291e+00
1.157099699999999939e+04 1.080350248124653190e+00
1.157150000000000000e+04 1.070430706028177692e+00
1.157200400000000081e+04 1.057755106709009629e+00
1.157249899999999980e+04 1.050645727998619883e+00
1.157299899999999980e+04 1.043357025548371730e+00
1.157350300000000061e+04 1.038604890040894846e+00
1.157399699999999939e+04 1.029343210014648680e+00
1.157449899999999980e+04 1.031220554221960573e+00
1.157499899999999980e+04 1.031348967972271380e+00
1.157550000000000000e+04 1.031454981602676124e+00
1.157600100000000020e+04 1.035997676931943445e+00
1.157650200000000041e+04 1.035036423818019191e+00
1.157699799999999959e+04 1.039955741878894946e+00
1.157750699999999961e+04 1.044982154288160769e+00
1.157800100000000020e+04 1.044099654949920186e+00
1.157850000000000000e+04 1.044431654130743903e+00
1.157899600000000100e+04 1.045657749491832433e+00
1.157950000000000000e+04 1.042666265381530177e+00
1.158000200000000041e+04 1.042747480368079405e+00
1.158049899999999980e+04 1.030882661013265533e+00
1.158100100000000020e+04 1.028477903801933158e+00
1.158150100000000020e+04 1.021744036966442559e+00
1.158199699999999939e+04 1.009540002787170598e+00
1.158250599999999940e+04 1.004879194703242051e+00
1.158300200000000041e+04 9.952312956936237853e-01
1.158349699999999939e+04 9.937147540495823161e-01
1.158400100000000020e+04 9.869174839077518024e-01
1.158450000000000000e+04 9.865029250833931007e-01
1.158499699999999939e+04 9.817631317464680096e-01
1.158550100000000020e+04 9.812224475096482657e-01
1.158600500000000102e+04 9.825458647235639775e-01
1.158649799999999959e+04 9.843770101188284993e-01
1.158700000000000000e+04 9.842517591434341018e-01
1.158750200000000041e+04 9.854957159501313013e-01
1.158800100000000020e+04 9.892570587523414893e-01
1.158849899999999980e+04 9.915795196918603116e-01
1.158899799999999959e+04 9.978381285607215156e-01
1.158950000000000000e+04 1.000400639276948889e+00
1.158999699999999939e+04 1.004944541331877383e+00
1.159050300000000061e+04 1.012352308570264148e+00
1.159100200000000041e+04 1.018546803131914480e+00
1.159150100000000020e+04 1.023032449936513100e+00
1.159200000000000000e+04 1.028776691594140980e+00
1.159249699999999939e+04 1.030620003720897460e+00
1.159300200000000041e+04 1.028522715330662196e+00
1.159350100000000020e+04 1.027762827867500395e+00
1.159399799999999959e+04 1.027118824939849295e+00
1.159449699999999939e+04 1.022114700260428943e+00
1.159500200000000041e+04 1.019476595697359933e+00
1.159550000000000000e+04 1.013272234950820305e+00
1.159600100000000020e+04 1.012609346040340030e+00
1.159650000000000000e+04 1.003550885193483788e+00
1.159700100000000020e+04 9.990265892605567633e-01
1.159749899999999980e+04 9.958085007730490545e-01
1.159800200000000041e+04 9.918473021815235047e-01
1.159850200000000041e+04 9.865168915146673712e-01
1.159899799999999959e+04 9.809341566344333962e-01
1.159950100000000020e+04 9.774584313245946454e-01
1.160000000000000000e+04 9.757427780129442896e-01
1.160049799999999959e+04 9.723426078942996043e-01
1.160100000000000000e+04 9.697020985500417467e-01
1.160150500000000102e+04 9.674664201775595718e-01
1.160199600000000100e+04 9.642257031876095841e-01
1.160249899999999980e+04 9.629644436373857586e-01
1.160300300000000061e+04 9.601745093684882493e-01
1.160349799999999959e+04 9.588368744079589501e-01
1.160399899999999980e+04 9.537634395511840335e-01
1.160449799999999959e+04 9.518687901356449599e-01
1.160499799999999959e+04 9.494316759223558888e-01
1.160549799999999959e+04 9.501657923694015739e-01
1.160600400000000081e+04 9.468257318107634601e-01
1.160650000000000000e+04 9.456942364873919260e-01
1.160700200000000041e+04 9.441131544114648166e-01
1.160749799999999959e+04 9.414968834881028981e-01
1.160800100000000020e+04 9.448188347666616194e-01
