1.151499799999999959e+04 1.628519566234215912e-02
1.151550100000000020e+04 1.480672313503634575e-02
1.151600100000000020e+04 1.524619203283824817e-02
1.151650000000000000e+04 1.473281891191779470e-02
1.151699699999999939e+04 1.453681034515631222e-02
1.151749899999999980e+04 1.398720339289787236e-02
1.151799799999999959e+04 1.227145764333999363e-02
1.151850100000000020e+04 1.295917069427573662e-02
1.151899899999999980e+04 1.255110846517082206e-02
1.151950100000000020e+04 1.186165783871578720e-02
1.151999699999999939e+04 1.066212394333897369e-02
1.152050000000000000e+04 9.448246426285184657e-03
1.152100200000000041e+04 8.720281762861981784e-03
1.152150000000000000e+04 6.930279198449197306e-03
1.152200000000000000e+04 6.079015344718885494e-03
1.152250200000000041e+04 5.688643721095141235e-03
1.152300200000000041e+04 5.903025935260591307e-03
1.152350300000000061e+04 5.707883706531183786e-03
1.152400000000000000e+04 2.080006753270908452e-03
1.152449799999999959e+04 1.099261277378289721e-04
1.152500400000000081e+04 -2.864310810623110423e-03
1.152549899999999980e+04 -3.962175229272875930e-03
1.152599899999999980e+04 -7.506041043907543155e-03
1.152649600000000100e+04 -7.583666305022624538e-03
1.152699799999999959e+04 -8.681060226681545922e-03
1.152750400000000081e+04 -1.104029093046610295e-02
1.152799899999999980e+04 -1.289951150526742057e-02
1.152850100000000020e+04 -1.419566646418616435e-02
1.152900000000000000e+04 -1.666106831200723712e-02
1.152950000000000000e+04 -1.679208297653989046e-02
1.152999799999999959e+04 -1.694409289680719188e-02
1.153050500000000102e+04 -1.636987751648723635e-02
1.153099899999999980e+04 -1.522814188604224885e-02
1.153150000000000000e+04 -1.392249663066955252e-02
1.153200200000000041e+04 -1.331673853228849437e-02
1.153250000000000000e+04 -1.295185674334959312e-02
1.153299899999999980e+04 -1.257597905851614954e-02
1.153350100000000020e+04 -1.033367043621996433e-02
1.153399899999999980e+04 -8.821031486602445848e-03
1.153450000000000000e+04 -7.812055031010887475e-03
1.153500100000000020e+04 -6.496835835583044880e-03
1.153550000000000000e+04 -4.462825699513832400e-03
1.153600100000000020e+04 -4.009914188210477425e-03
1.153650100000000020e+04 -4.175297362432201995e-03
1.153700200000000041e+04 -2.555715983806454775e-03
1.153749799999999959e+04 -9.426980427763765767e-04
1.153799899999999980e+04 6.691004152310927287e-05
1.153850400000000081e+04 3.697443386311258825e-04
1.153900000000000000e+04 9.742032334196134820e-04
1.153949799999999959e+04 1.673279202531072381e-03
1.153999799999999959e+04 2.355315769448899747e-03
1.154050100000000020e+04 2.250232818235474615e-03
1.154100000000000000e+04 3.860549905172059714e-03
1.154149799999999959e+04 3.559500334266916394e-03
1.154199799999999959e+04 5.829990330575384079e-03
1.154250300000000061e+04 6.949646535220259033e-03
1.154299899999999980e+04 6.874964154447655955e-03
1.154349899999999980e+04 7.615508515351319778e-03
1.154400100000000020e+04 8.314890319953603670e-03
1.154450500000000102e+04 1.001813922251736967e-02
1.154500699999999961e+04 1.146895547022270395e-02
1.154550000000000000e+04 1.257255758906777356e-02
1.154600000000000000e+04 1.404870533614611776e-02
1.154650100000000020e+04 1.480516671862024645e-02
1.154700400000000081e+04 1.781920393242577422e-02
1.154750300000000061e+04 1.987648066394631305e-02
1.154800200000000041e+04 2.273220450235228021e-02
1.154850000000000000e+04 2.481039236378014545e-02
1.154900300000000061e+04 2.834972801707591472e-02
1.154949400000000060e+04 3.068316928646571892e-02
1.155000200000000041e+04 3.362968736153499477e-02
1.155050100000000020e+04 3.602159931945043969e-02
1.155100200000000041e+04 4.007555313934629826e-02
1.155149899999999980e+04 4.433629402211842346e-02
1.155200000000000000e+04 4.988572649713899493e-02
1.155249899999999980e+04 5.667399602145375276e-02
1.155300000000000000e+04 6.338642905260401250e-02
1.155349899999999980e+04 7.121288229246545975e-02
1.155400000000000000e+04 7.850615147483069878e-02
1.155450300000000061e+04 8.858509671897102367e-02
1.155500000000000000e+04 1.005078768967251762e-01
1.155550100000000020e+04 1.136274864395818845e-01
1.155600100000000020e+04 1.277841294261115868e-01
1.155649799999999959e+04 1.457116546341824248e-01
1.155699600000000100e+04 1.653030765776243027e-01
1.155749699999999939e+04 1.887133384080094400e-01
1.155800599999999940e+04 2.172853313265688535e-01
1.155850000000000000e+04 2.520289683143111525e-01
1.155899799999999959e+04 2.936568379002189588e-01
1.155950300000000061e+04 3.456073394682593336e-01
1.155999600000000100e+04 4.078352329700766776e-01
1.156049899999999980e+04 4.851733423356252572e-01
1.156100000000000000e+04 5.798568197308729966e-01
1.156149899999999980e+04 6.966021731248587257e-01
1.156199799999999959e+04 8.276527969711663379e-01
1.156250400000000081e+04 9.735978427624729648e-01
1.156300200000000041e+04 1.120226563048071222e+00
1.156350400000000081e+04 1.245631847012524718e+00
1.156399699999999939e+04 1.331224012062009798e+00
1.156450000000000000e+04 1.371155103136815212e+00
1.156499699999999939e+04 1.378858558278881707e+00
1.156549699999999939e+04 1.356826598357411706e+00
1.156600500000000102e+04 1.322704192132912793e+00
1.156650000000000000e+04 1.285519718370816911e+00
1.156699600000000100e+04 1.237385452198626057e+00
1.156749799999999959e+04 1.198919705866434482e+00
1.156799899999999980e+04 1.165870759969132697e+00
1.156849799999999959e+04 1.136738868449899131e+00
1.156900000000000000e+04 1.111147963673235317e+00
1.156949899999999980e+04 1.088078613197691613e+00
1.156999799999999959e+04 1.070697655644910373e+00
1.157050400000000081e+04 1.055910578689400525e+00
1.157100100000000020e+04 1.039617065653228201e+00
1.157150300000000061e+04 1.024782916516480125e+00
1.157200200000000041e+04 1.012018927687302616e+00
1.157250300000000061e+04 1.001759737231625369e+00
1.157299500000000080e+04 9.942344521437828098e-01
1.157349899999999980e+04 9.898571865381629031e-01
1.157399899999999980e+04 9.862324802197501850e-01
1.157450000000000000e+04 9.876059891883481878e-01
1.157500100000000020e+04 9.925814107951704823e-01
1.157550200000000041e+04 9.958574462631778479e-01
1.157600100000000020e+04 1.002855300292843754e+00
1.157650100000000020e+04 1.010347898494957652e+00
1.157700200000000041e+04 1.019866866336668343e+00
1.157749799999999959e+04 1.025046903227062600e+00
1.157800599999999940e+04 1.031559998035602277e+00
1.157850000000000000e+04 1.039311537300839694e+00
1.157900400000000081e+04 1.037785258566559010e+00
1.157949799999999959e+04 1.033921160787896421e+00
1.157999400000000060e+04 1.030605861027145131e+00
1.158049899999999980e+04 1.020359197643848859e+00
1.158099699999999939e+04 1.008313565492871211e+00
1.158150100000000020e+04 9.972047466846438724e-01
1.158199899999999980e+04 9.891131231643699451e-01
1.158250000000000000e+04 9.770418002065451857e-01
1.158299899999999980e+04 9.703865399772596545e-01
1.158349899999999980e+04 9.654484185327966150e-01
1.158399899999999980e+04 9.627727207553429256e-01
1.158450000000000000e+04 9.629386874895178305e-01
1.158499899999999980e+04 9.629572392294746264e-01
1.158549500000000080e+04 9.620928937213043541e-01
1.158599600000000100e+04 9.617829202625274299e-01
1.158650000000000000e+04 9.626350369019046616e-01
1.158700000000000000e+04 9.663795454378679706e-01
1.158750200000000041e+04 9.726262619676903087e-01
1.158800100000000020e+04 9.782711471499556666e-01
1.158849799999999959e+04 9.865830698396550469e-01
1.158900200000000041e+04 9.950471845374597724e-01
1.158950000000000000e+04 1.006612680060725129e+00
1.159000300000000061e+04 1.020454683372677085e+00
1.159050200000000041e+04 1.033278197048647318e+00
1.159100400000000081e+04 1.046391599778545345e+00
1.159149899999999980e+04 1.055821535965655311e+00
1.159200200000000041e+04 1.063915236443759627e+00
1.159249699999999939e+04 1.068278742439799256e+00
1.159299799999999959e+04 1.071128345787445646e+00
1.159349899999999980e+04 1.070644037495490197e+00
1.159400400000000081e+04 1.066605314946224237e+00
1.159450100000000020e+04 1.058953957591207251e+00
1.159500200000000041e+04 1.051554793669311039e+00
1.159550000000000000e+04 1.043827672127263462e+00
1.159600100000000020e+04 1.034575666500456848e+00
1.159650000000000000e+04 1.022772985809391688e+00
1.159700699999999961e+04 1.013549768977713539e+00
1.159750100000000020e+04 1.005640582979965059e+00
1.159800699999999961e+04 1.001082830843213811e+00
1.159849799999999959e+04 9.938879015112078719e-01
1.159900100000000020e+04 9.883359300347837051e-01
1.159950100000000020e+04 9.849654213339793518e-01
1.159999899999999980e+04 9.811895304107445259e-01
1.160050000000000000e+04 9.802840145522110360e-01
1.160100300000000061e+04 9.797938127621322879e-01
1.160150200000000041e+04 9.759131012586704790e-01
1.160200000000000000e+04 9.732730805237773675e-01
1.160250100000000020e+04 9.691551585127564650e-01
1.160299899999999980e+04 9.656115619845585529e-01
1.160350100000000020e+04 9.634283258852317511e-01
1.160399600000000100e+04 9.573893900538947843e-01
1.160450300000000061e+04 9.515779954236140981e-01
1.160500100000000020e+04 9.474556321157924232e-01
1.160550200000000041e+04 9.432475241339314254e-01
1.160599899999999980e+04 9.410211543221953523e-01
1.160650200000000041e+04 9.379822505712470671e-01
1.160699899999999980e+04 9.374649372940797587e-01
1.160750300000000061e+04 9.372400032040858475e-01
1.160799799999999959e+04 9.373895496915352066e-01
