1.152400000000000000e+04 4.958171874738260057e-03
1.152450000000000000e+04 4.455637351481803003e-03
1.152500000000000000e+04 3.962875772170330532e-03
1.152550000000000000e+04 3.480296331535046288e-03
1.152600000000000000e+04 3.008331798117978330e-03
1.152650000000000000e+04 2.547438805300188472e-03
1.152700000000000000e+04 2.098101052695978876e-03
1.152750000000000000e+04 1.660830470272145953e-03
1.152800000000000000e+04 1.236168673534217494e-03
1.152850000000000000e+04 8.246907469705904098e-04
1.152900000000000000e+04 4.270064082041084385e-04
1.152950000000000000e+04 4.376320935394034640e-05
1.153000000000000000e+04 -3.243499705355266005e-04
1.153050000000000000e+04 -6.766026344665325865e-04
1.153100000000000000e+04 -1.012209861949847677e-03
1.153150000000000000e+04 -1.330346278687967281e-03
1.153200000000000000e+04 -1.630121318615918588e-03
1.153250000000000000e+04 -1.910589119086232059e-03
1.153300000000000000e+04 -2.170736879469524483e-03
1.153350000000000000e+04 -2.409479040480687340e-03
1.153400000000000000e+04 -2.625654373819316049e-03
1.153450000000000000e+04 -2.818020161482938640e-03
1.153500000000000000e+04 -2.985231823327782769e-03
1.153550000000000000e+04 -3.125857468821245828e-03
1.153600000000000000e+04 -3.238342972869546164e-03
1.153650000000000000e+04 -3.321017796517447811e-03
1.153700000000000000e+04 -3.372080435202206260e-03
1.153750000000000000e+04 -3.389580956693299778e-03
1.153800000000000000e+04 -3.371409359692992963e-03
1.153850000000000000e+04 -3.315278111763126159e-03
1.153900000000000000e+04 -3.218701776885834337e-03
1.153950000000000000e+04 -3.078973732710025939e-03
1.154000000000000000e+04 -2.893154529151963344e-03
1.154050000000000000e+04 -2.658025322855865364e-03
1.154100000000000000e+04 -2.370076235794492479e-03
1.154150000000000000e+04 -2.025453969049435289e-03
1.154200000000000000e+04 -1.619932699331992198e-03
1.154250000000000000e+04 -1.148867513443773422e-03
1.154300000000000000e+04 -6.071303806381931614e-04
1.154350000000000000e+04 1.093350255944060291e-05
1.154400000000000000e+04 7.115901124167319652e-04
1.154450000000000000e+04 1.501795177346397546e-03
1.154500000000000000e+04 2.389290219357609844e-03
1.154550000000000000e+04 3.382707326514820811e-03
1.154600000000000000e+04 4.491705939241676972e-03
1.154650000000000000e+04 5.727127098685370898e-03
1.154700000000000000e+04 7.101165157179923151e-03
1.154750000000000000e+04 8.627597695609619255e-03
1.154800000000000000e+04 1.032202999253779667e-02
1.154850000000000000e+04 1.220220061059522354e-02
1.154900000000000000e+04 1.428835392086011402e-02
1.154950000000000000e+04 1.660369120656437700e-02
1.155000000000000000e+04 1.917489452549778553e-02
1.155050000000000000e+04 2.203279608972351714e-02
1.155100000000000000e+04 2.521319607299058602e-02
1.155150000000000000e+04 2.875784921821786591e-02
1.155200000000000000e+04 3.271571919689913316e-02
1.155250000000000000e+04 3.714454146523025330e-02
1.155300000000000000e+04 4.211277610670248472e-02
1.155350000000000000e+04 4.770212528190726636e-02
1.155400000000000000e+04 5.401069095462923686e-02
1.155450000000000000e+04 6.115711922542307194e-02
1.155500000000000000e+04 6.928590298316372742e-02
1.155550000000000000e+04 7.857436673690913753e-02
1.155600000000000000e+04 8.924184584914483798e-02
1.155650000000000000e+04 1.015618430535991240e-01
1.155700000000000000e+04 1.158782216238360835e-01
1.155750000000000000e+04 1.326268379796444741e-01
1.155800000000000000e+04 1.523643861323771831e-01
1.155850000000000000e+04 1.758065959843003179e-01
1.155900000000000000e+04 2.038777063107579945e-01
1.155910000000000036e+04 2.101469560147784521e-01
1.155920000000000073e+04 2.166590974268037817e-01
1.155929000000000087e+04 2.234427532941062333e-01
1.155938999999999942e+04 2.304760475645973861e-01
1.155948999999999978e+04 2.377888515242322087e-01
1.155959000000000015e+04 2.453945527674612215e-01
1.155963999999999942e+04 2.533925952796203807e-01
1.155973999999999978e+04 2.616270478061031857e-01
1.155984000000000015e+04 2.701986639882331676e-01
1.155994000000000051e+04 2.791235089393328539e-01
1.156004000000000087e+04 2.884183462559258282e-01
1.156013999999999942e+04 2.981006089142479998e-01
1.156023999999999978e+04 3.081883410633282083e-01
1.156034000000000015e+04 3.187002271284510857e-01
1.156044000000000051e+04 3.296555045007556473e-01
1.156054000000000087e+04 3.410739344337814782e-01
1.156063999999999942e+04 3.529756565261187862e-01
1.156073999999999978e+04 3.653811014110228683e-01
1.156084000000000015e+04 3.783109616529413688e-01
1.156094000000000051e+04 3.917857842990006834e-01
1.156104000000000087e+04 4.058259417755171183e-01
1.156113999999999942e+04 4.204513990602969931e-01
1.156123999999999978e+04 4.356812189236723420e-01
1.156134000000000015e+04 4.515333291008169492e-01
1.156144000000000051e+04 4.680240857397182097e-01
1.156154000000000087e+04 4.851677495387990424e-01
1.156163999999999942e+04 5.029758745741407244e-01
1.156173999999999978e+04 5.214567553335905936e-01
1.156184000000000015e+04 5.406145536128210694e-01
1.156194000000000051e+04 5.604486582390364457e-01
1.156204000000000087e+04 5.809526955531504333e-01
1.156213999999999942e+04 6.021136563057792879e-01
1.156223999999999978e+04 6.239109061394046973e-01
1.156234000000000015e+04 6.463151960705202370e-01
1.156244000000000051e+04 6.692877311787104322e-01
1.156254000000000087e+04 6.927792683992129996e-01
1.156263999999999942e+04 7.167293889362439385e-01
1.156273999999999978e+04 7.410657706763569275e-01
1.156284000000000015e+04 7.657040717745722258e-01
1.156294000000000051e+04 7.905477269301255383e-01
1.156304000000000087e+04 8.156532010197660165e-01
1.156313999999999942e+04 8.407363818543160949e-01
1.156323999999999978e+04 8.656683992855500609e-01
1.156334000000000015e+04 8.903124961259094583e-01
1.156344000000000051e+04 9.145263273223290801e-01
1.156354000000000087e+04 9.381648703028560021e-01
1.156363999999999942e+04 9.610833644267333664e-01
1.156373999999999978e+04 9.831407160899415798e-01
1.156384000000000015e+04 1.004202874727276207e+00
1.156394000000000051e+04 1.024146121504025064e+00
1.156404000000000087e+04 1.042844671239376630e+00
1.156413999999999942e+04 1.060185980829630781e+00
1.156423999999999978e+04 1.076090364984398473e+00
1.156434000000000015e+04 1.090498510839617463e+00
1.156444000000000051e+04 1.103372176440722496e+00
1.156454000000000087e+04 1.114694016121886788e+00
1.156463999999999942e+04 1.124466474574255415e+00
1.156473999999999978e+04 1.132710477190022269e+00
1.156484000000000015e+04 1.139463305509344604e+00
1.156494000000000051e+04 1.144776414460434211e+00
1.156504000000000087e+04 1.148713016771811368e+00
1.156513999999999942e+04 1.151345696488131010e+00
1.156523999999999978e+04 1.152754022485904084e+00
1.156534000000000015e+04 1.153022540334383450e+00
1.156544000000000051e+04 1.152238793259815930e+00
1.156554000000000087e+04 1.150491866972167543e+00
1.156563999999999942e+04 1.147870876284868613e+00
1.156573999999999978e+04 1.144463917390031948e+00
1.156584000000000015e+04 1.140357311168334498e+00
1.156594000000000051e+04 1.135634730085031130e+00
1.156604000000000087e+04 1.130376878051827072e+00
1.156613999999999942e+04 1.124660966564485332e+00
1.156623999999999978e+04 1.118560540082031984e+00
1.156634000000000015e+04 1.112145214095562107e+00
1.156644000000000051e+04 1.105480558714359907e+00
1.156654000000000087e+04 1.098628040459000754e+00
1.156663999999999942e+04 1.091644905847439118e+00
1.156673999999999978e+04 1.084584297808924624e+00
1.156684000000000015e+04 1.077495110166619252e+00
1.156694000000000051e+04 1.070422162258446441e+00
1.156704000000000087e+04 1.063406169833572834e+00
1.156713999999999942e+04 1.056483832362858255e+00
1.156723999999999978e+04 1.049688007659602684e+00
1.156734000000000015e+04 1.043047711879592665e+00
1.156744000000000051e+04 1.036588265038400625e+00
1.156754000000000087e+04 1.030331494735648779e+00
1.156763999999999942e+04 1.024295765258507185e+00
1.156773999999999978e+04 1.018496152202441607e+00
1.156784000000000015e+04 1.012944675298995012e+00
1.156794000000000051e+04 1.007650298415736945e+00
1.156804000000000087e+04 1.002619104177111309e+00
1.156813999999999942e+04 9.978545267921132833e-01
1.156823999999999978e+04 9.933573520543430568e-01
1.156834000000000015e+04 9.891260083766173494e-01
1.156844000000000051e+04 9.851565085840731095e-01
1.156854000000000087e+04 9.814426827418814003e-01
1.156863999999999942e+04 9.779763527760465536e-01
1.156873999999999978e+04 9.747473615768735833e-01
1.156884000000000015e+04 9.717438640336290012e-01
1.156894000000000051e+04 9.689522688276086537e-01
1.156904000000000087e+04 9.663576458806646396e-01
1.156913999999999942e+04 9.639438427690694144e-01
1.156923999999999978e+04 9.616935720339147009e-01
1.156934000000000015e+04 9.595889059400364296e-01
1.156944000000000051e+04 9.576112473725513219e-01
1.156954000000000087e+04 9.557419119061656421e-01
1.156963999999999942e+04 9.539622151156068597e-01
1.156973999999999978e+04 9.522538800241042711e-01
1.156984000000000015e+04 9.505993863450328263e-01
1.156994000000000051e+04 9.489822615165245390e-01
1.157004000000000087e+04 9.473874008396467872e-01
1.157013999999999942e+04 9.458014167199463307e-01
1.157023999999999978e+04 9.442128714952288115e-01
1.157034000000000015e+04 9.426124520563083919e-01
1.157044000000000051e+04 9.409933481921032294e-01
1.157054000000000087e+04 9.393511070722885270e-01
1.157063999999999942e+04 9.376839533854275377e-01
1.157073999999999978e+04 9.359925856147085499e-01
1.157084000000000015e+04 9.342802924518058827e-01
1.157094000000000051e+04 9.325526908657015834e-01
1.157104000000000087e+04 9.308176387922497685e-01
1.157113999999999942e+04 9.290850023064969321e-01
1.157123999999999978e+04 9.273663645879681727e-01
1.157134000000000015e+04 9.256746475756580939e-01
1.157144000000000051e+04 9.240240537610512339e-01
1.157154000000000087e+04 9.224294550153658845e-01
1.157163999999999942e+04 9.209063052791416348e-01
1.157173999999999978e+04 9.194701166998499042e-01
1.157184000000000015e+04 9.181363723214962524e-01
1.157194000000000051e+04 9.169200895326273804e-01
1.157204000000000087e+04 9.158356745489997230e-01
1.157213999999999942e+04 9.148966313789191895e-01
1.157223999999999978e+04 9.141153872024425642e-01
1.157234000000000015e+04 9.135031468540508737e-01
1.157244000000000051e+04 9.130697182018353564e-01
1.157254000000000087e+04 9.128234830440673520e-01
1.157263999999999942e+04 9.127712224883530734e-01
1.157273999999999978e+04 9.129180296412863216e-01
1.157284000000000015e+04 9.132673969187949936e-01
1.157294000000000051e+04 9.138211287357951296e-01
1.157304000000000087e+04 9.145793124026722065e-01
1.157313999999999942e+04 9.155403472287992894e-01
1.157323999999999978e+04 9.167010609363507312e-01
1.157334000000000015e+04 9.180565641430215029e-01
1.157344000000000051e+04 9.196005122931757425e-01
1.157354000000000087e+04 9.213250765544159782e-01
1.157363999999999942e+04 9.232210602314301351e-01
1.157373999999999978e+04 9.252779278694627241e-01
1.157384000000000015e+04 9.274840380820438268e-01
1.157394000000000051e+04 9.298266726544544003e-01
1.157404000000000087e+04 9.322922111645244314e-01
1.157413999999999942e+04 9.348662473964969299e-01
1.157423999999999978e+04 9.375337348583592245e-01
1.157434000000000015e+04 9.402791322991768119e-01
1.157444000000000051e+04 9.430866074333404958e-01
1.157454000000000087e+04 9.459400951475309682e-01
1.157463999999999942e+04 9.488235012249496281e-01
1.157473999999999978e+04 9.517208478626666412e-01
1.157484000000000015e+04 9.546163027750823593e-01
1.157494000000000051e+04 9.574944120216574150e-01
1.157504000000000087e+04 9.603401582138449966e-01
1.157513999999999942e+04 9.631390187220236765e-01
1.157523999999999978e+04 9.658770238824294641e-01
1.157534000000000015e+04 9.685408443075538276e-01
1.157544000000000051e+04 9.711178781965456031e-01
1.157554000000000087e+04 9.735961640247974280e-01
1.157563999999999942e+04 9.759644387509118779e-01
1.157573999999999978e+04 9.782121669201208070e-01
1.157584000000000015e+04 9.803294533539371747e-01
1.157594000000000051e+04 9.823071304605028864e-01
1.157604000000000087e+04 9.841366127173090117e-01
1.157613999999999942e+04 9.858099548780767662e-01
1.157623999999999978e+04 9.873197937658767520e-01
1.157634000000000015e+04 9.886592900661479444e-01
1.157644000000000051e+04 9.898220701198008342e-01
1.157654000000000087e+04 9.908023423370666549e-01
1.157663999999999942e+04 9.915946643697707286e-01
1.157673999999999978e+04 9.921941177321293992e-01
1.157684000000000015e+04 9.925961622834192921e-01
1.157694000000000051e+04 9.927967235383755584e-01
1.157704000000000087e+04 9.927921053567939635e-01
1.157713999999999942e+04 9.925791936677937910e-01
1.157723999999999978e+04 9.921552818490210202e-01
1.157734000000000015e+04 9.915181871405119862e-01
1.157744000000000051e+04 9.906664252654951985e-01
1.157754000000000087e+04 9.895990358095770878e-01
1.157763999999999942e+04 9.883158150485075177e-01
1.157773999999999978e+04 9.868174032585292910e-01
1.157784000000000015e+04 9.851051974060318628e-01
1.157794000000000051e+04 9.831815257682959830e-01
1.157804000000000087e+04 9.810496770370097375e-01
1.157813999999999942e+04 9.787139585251636298e-01
1.157823999999999978e+04 9.761796379601384022e-01
1.157834000000000015e+04 9.734530890010205662e-01
1.157844000000000051e+04 9.705416748247521763e-01
1.157854000000000087e+04 9.674537772296015747e-01
1.157863999999999942e+04 9.641987675316645579e-01
1.157873999999999978e+04 9.607869483579797310e-01
1.157884000000000015e+04 9.572294081291474743e-01
1.157894000000000051e+04 9.535380501628466510e-01
1.157904000000000087e+04 9.497254762599178779e-01
1.157913999999999942e+04 9.458048702905517136e-01
1.157923999999999978e+04 9.417899108838381217e-01
1.157934000000000015e+04 9.376947423243511270e-01
1.157944000000000051e+04 9.335338290347701129e-01
1.157954000000000087e+04 9.293218391620510221e-01
1.157963999999999942e+04 9.250736736808757854e-01
1.157973999999999978e+04 9.208042335659261113e-01
1.157984000000000015e+04 9.165285653092151152e-01
1.157994000000000051e+04 9.122614825750255951e-01
1.158004000000000087e+04 9.080177699241752665e-01
1.158013999999999942e+04 9.038118917793530604e-01
1.158023999999999978e+04 8.996580215285865378e-01
1.158034000000000015e+04 8.955698378009816496e-01
1.158044000000000051e+04 8.915605826736383577e-01
1.158054000000000087e+04 8.876427415335590432e-01
1.158063999999999942e+04 8.838281012845317086e-01
1.158073999999999978e+04 8.801276048298517507e-01
1.158084000000000015e+04 8.765512055549378179e-01
1.158094000000000051e+04 8.731078382239186864e-01
1.158104000000000087e+04 8.698053025657168646e-01
1.158113999999999942e+04 8.666501468602344493e-01
1.158123999999999978e+04 8.636476970417721333e-01
1.158134000000000015e+04 8.608019984921314594e-01
1.158144000000000051e+04 8.581157869371328628e-01
1.158154000000000087e+04 8.555904593431529204e-01
1.158163999999999942e+04 8.532261321240560692e-01
1.158173999999999978e+04 8.510216993481277692e-01
1.158184000000000015e+04 8.489748618415404735e-01
1.158194000000000051e+04 8.470821562918154912e-01
1.158204000000000087e+04 8.453391880755702914e-01
1.158213999999999942e+04 8.437406021550190038e-01
1.158223999999999978e+04 8.422802576988016598e-01
1.158234000000000015e+04 8.409513153923671158e-01
1.158244000000000051e+04 8.397464993691712287e-01
1.158254000000000087e+04 8.386580681072115517e-01
1.158263999999999942e+04 8.376781345671543422e-01
1.158273999999999978e+04 8.367986661923351166e-01
1.158284000000000015e+04 8.360117468399542728e-01
1.158294000000000051e+04 8.353097514018738012e-01
1.158304000000000087e+04 8.346853167011512031e-01
1.158313999999999942e+04 8.341316616301673870e-01
1.158323999999999978e+04 8.336426744610291317e-01
1.158334000000000015e+04 8.332129128455516565e-01
1.158344000000000051e+04 8.328378075395583835e-01
1.158354000000000087e+04 8.325136915062981702e-01
1.158363999999999942e+04 8.322378581234298744e-01
1.158373999999999978e+04 8.320086484933681970e-01
1.158384000000000015e+04 8.318253350294718684e-01
1.158394000000000051e+04 8.316881796629236323e-01
1.158404000000000087e+04 8.317905167195405181e-01
1.158413999999999942e+04 8.335316408530313304e-01
1.158423999999999978e+04 8.375160601593413245e-01
1.158434000000000015e+04 8.441641742073672239e-01
1.158444000000000051e+04 8.535114019154481646e-01
1.158454000000000087e+04 8.653247700368482676e-01
1.158463999999999942e+04 8.794398148842095253e-01
1.158513999999999942e+04 8.959858802359117469e-01
1.158563999999999942e+04 9.153639456742294067e-01
1.158613999999999942e+04 9.377750870469603317e-01
1.158663999999999942e+04 9.627641552465940888e-01
1.158713999999999942e+04 9.888792365525636008e-01
1.158763999999999942e+04 1.013645925167149908e+00
1.158813999999999942e+04 1.033996599341585831e+00
1.158863999999999942e+04 1.047128740800495006e+00
1.158913999999999942e+04 1.051468026644579279e+00
1.158963999999999942e+04 1.047245509291800269e+00
1.159013999999999942e+04 1.036374712539735121e+00
1.159063999999999942e+04 1.021704894830448573e+00
1.159113999999999942e+04 1.006038865473968702e+00
1.159163999999999942e+04 9.786209728896617666e-01
1.159213999999999942e+04 9.585394529554197574e-01
1.159263999999999942e+04 9.445833395471565641e-01
1.159313999999999942e+04 9.396658605255709951e-01
1.159363999999999942e+04 9.458238219709634853e-01
1.159413999999999942e+04 9.564173844892422949e-01
1.159463999999999942e+04 9.593301639387278312e-01
1.159563999999999942e+04 9.478236774192322356e-01
1.159663999999999942e+04 9.264520471771323651e-01
1.159763999999999942e+04 9.055951408378170031e-01
1.159863999999999942e+04 8.936288486562103950e-01
1.159963999999999942e+04 8.937431433528906233e-01
1.160063999999999942e+04 9.043042727506196421e-01
1.160163999999999942e+04 9.211781476860930740e-01
1.160263999999999942e+04 9.413733101815225934e-01
1.160363999999999942e+04 9.641618534443943123e-01
1.160463999999999942e+04 9.890039081771450080e-01
1.160563999999999942e+04 1.015080182703472333e+00
1.160663999999999942e+04 1.042317976564863580e+00
1.160763999999999942e+04 1.070435626415677799e+00
1.160863999999999942e+04 1.096266616929071125e+00
1.160963999999999942e+04 1.113089589902206855e+00
1.161063999999999942e+04 1.114893631845037536e+00
1.161163999999999942e+04 1.102762701355278541e+00
1.161263999999999942e+04 1.085457785752289794e+00
1.161363999999999942e+04 1.071854394494844431e+00
1.161463999999999942e+04 1.064907315193342807e+00
1.161563999999999942e+04 1.062287950415617743e+00
1.161663999999999942e+04 1.060259094966588878e+00
1.161763999999999942e+04 1.056825356998339238e+00
1.161863999999999942e+04 1.052316566093026928e+00
1.161963999999999942e+04 1.048226166617457711e+00
1.162063999999999942e+04 1.045907702576518661e+00
1.162163999999999942e+04 1.045814838800961377e+00
1.162263999999999942e+04 1.047404155370348589e+00
1.162363999999999942e+04 1.049374640036237150e+00
1.162463999999999942e+04 1.050143209756007057e+00
1.162563999999999942e+04 1.048498054405043511e+00
1.162663999999999942e+04 1.043768048053330677e+00
1.162763999999999942e+04 1.035502319802883209e+00
1.162863999999999942e+04 1.023622552226216342e+00
1.162963999999999942e+04 1.009004061172033229e+00
1.163063999999999942e+04 9.933099351114604847e-01
1.163163999999999942e+04 9.780096371551821877e-01
1.163263999999999942e+04 9.637668427458561116e-01
1.163363999999999942e+04 9.507901364255690879e-01
1.163463999999999942e+04 9.394754708516334096e-01
1.163563999999999942e+04 9.304761315292985335e-01
1.163663999999999942e+04 9.242309114180868868e-01
1.163763999999999942e+04 9.205901604949302541e-01
1.163863999999999942e+04 9.189390098299279330e-01
1.163963999999999942e+04 9.186980385150028683e-01
1.164063999999999942e+04 9.197759780802193808e-01
1.164163999999999942e+04 9.226068194131935574e-01
1.164263999999999942e+04 9.277909961245872639e-01
1.164363999999999942e+04 9.356776916015815404e-01
1.164463999999999942e+04 9.461628027456600032e-01
1.164563999999999942e+04 9.587747078874504503e-01
1.164663999999999942e+04 9.729410582611445202e-01
1.164763999999999942e+04 9.881647666644662875e-01
1.164863999999999942e+04 1.003902675108174769e+00
1.164963999999999942e+04 1.019273443326081718e+00
1.165063999999999942e+04 1.032925389935122507e+00
1.165163999999999942e+04 1.043251305119223815e+00
1.165263999999999942e+04 1.048875147894131832e+00
1.165363999999999942e+04 1.049179284500672438e+00
1.165463999999999942e+04 1.044617350666123379e+00
1.165563999999999942e+04 1.036646556941899222e+00
1.165663999999999942e+04 1.027278593116981220e+00
1.165763999999999942e+04 1.018400906283260188e+00
