# # source: .\convoluted\116_06.txt
# # site: 06
# # columns: Energy(eV) Abs_raw Preedge_normalized PredictedPost_raw Final_normalized
# 
1.13640000e+04 1.47225650e-02 1.68672418e-03 4.08563105e+00 1.49255374e-03
1.13640300e+04 1.47239630e-02 1.68473846e-03 4.08563982e+00 1.49079665e-03
1.13640600e+04 1.47250200e-02 1.68266220e-03 4.08564859e+00 1.48895944e-03
1.13640700e+04 1.47256910e-02 1.68205473e-03 4.08565151e+00 1.48842191e-03
1.13640900e+04 1.47268290e-02 1.68078561e-03 4.08565736e+00 1.48729892e-03
1.13641100e+04 1.47278230e-02 1.67947826e-03 4.08566320e+00 1.48614210e-03
1.13641200e+04 1.47282020e-02 1.67879326e-03 4.08566613e+00 1.48553596e-03
1.13641400e+04 1.47293570e-02 1.67752866e-03 4.08567197e+00 1.48441696e-03
1.13641400e+04 1.47294680e-02 1.67755813e-03 4.08567197e+00 1.48444304e-03
1.13641600e+04 1.47303170e-02 1.67621228e-03 4.08567782e+00 1.48325215e-03
1.13641600e+04 1.47303750e-02 1.67622768e-03 4.08567782e+00 1.48326578e-03
1.13641600e+04 1.47306140e-02 1.67629114e-03 4.08567782e+00 1.48332193e-03
1.13641700e+04 1.47308620e-02 1.67557135e-03 4.08568074e+00 1.48268501e-03
1.13641700e+04 1.47309260e-02 1.67558835e-03 4.08568074e+00 1.48270005e-03
1.13641700e+04 1.47309910e-02 1.67560561e-03 4.08568074e+00 1.48271532e-03
1.13641700e+04 1.47310580e-02 1.67562340e-03 4.08568074e+00 1.48273107e-03
1.13641700e+04 1.47314080e-02 1.67571633e-03 4.08568074e+00 1.48281330e-03
1.13641800e+04 1.47315490e-02 1.67496813e-03 4.08568367e+00 1.48215124e-03
1.13641800e+04 1.47316940e-02 1.67500663e-03 4.08568367e+00 1.48218531e-03
1.13641900e+04 1.47323730e-02 1.67440128e-03 4.08568659e+00 1.48164966e-03
1.13642100e+04 1.47339610e-02 1.67325166e-03 4.08569244e+00 1.48063241e-03
1.13642100e+04 1.47340420e-02 1.67327317e-03 4.08569244e+00 1.48065144e-03
1.13642200e+04 1.47350330e-02 1.67275067e-03 4.08569536e+00 1.48018910e-03
1.13642300e+04 1.47357900e-02 1.67216603e-03 4.08569828e+00 1.47967178e-03
1.13642300e+04 1.47360470e-02 1.67223427e-03 4.08569828e+00 1.47973216e-03
1.13642300e+04 1.47362200e-02 1.67228021e-03 4.08569828e+00 1.47977281e-03
1.13642500e+04 1.47374530e-02 1.67103632e-03 4.08570413e+00 1.47867214e-03
1.13642500e+04 1.47376310e-02 1.67108359e-03 4.08570413e+00 1.47871397e-03
1.13642500e+04 1.47380870e-02 1.67120467e-03 4.08570413e+00 1.47882111e-03
1.13642600e+04 1.47382700e-02 1.67046762e-03 4.08570705e+00 1.47816892e-03
1.13642600e+04 1.47383610e-02 1.67049178e-03 4.08570705e+00 1.47819030e-03
1.13642600e+04 1.47384520e-02 1.67051595e-03 4.08570705e+00 1.47821168e-03
1.13642600e+04 1.47387260e-02 1.67058870e-03 4.08570705e+00 1.47827606e-03
1.13642700e+04 1.47392730e-02 1.66994830e-03 4.08570998e+00 1.47770940e-03
1.13642700e+04 1.47393640e-02 1.66997247e-03 4.08570998e+00 1.47773078e-03
1.13642700e+04 1.47396380e-02 1.67004522e-03 4.08570998e+00 1.47779516e-03
1.13642800e+04 1.47403680e-02 1.66945342e-03 4.08571290e+00 1.47727150e-03
1.13642800e+04 1.47404600e-02 1.66947785e-03 4.08571290e+00 1.47729311e-03
1.13643100e+04 1.47427420e-02 1.66772686e-03 4.08572167e+00 1.47574373e-03
1.13643200e+04 1.47442030e-02 1.66732916e-03 4.08572459e+00 1.47539182e-03
1.13643400e+04 1.47454810e-02 1.66609722e-03 4.08573044e+00 1.47430173e-03
1.13643400e+04 1.47459370e-02 1.66621830e-03 4.08573044e+00 1.47440887e-03
1.13643400e+04 1.47463030e-02 1.66631549e-03 4.08573044e+00 1.47449487e-03
1.13643500e+04 1.47468500e-02 1.66567509e-03 4.08573336e+00 1.47392820e-03
1.13643600e+04 1.47472160e-02 1.66498663e-03 4.08573629e+00 1.47331901e-03
1.13643600e+04 1.47475810e-02 1.66508355e-03 4.08573629e+00 1.47340477e-03
1.13643700e+04 1.47482200e-02 1.66446758e-03 4.08573921e+00 1.47285973e-03
1.13643800e+04 1.47497730e-02 1.66409431e-03 4.08574213e+00 1.47252944e-03
1.13644000e+04 1.47509610e-02 1.66283847e-03 4.08574798e+00 1.47141819e-03
1.13644000e+04 1.47511440e-02 1.66288706e-03 4.08574798e+00 1.47146119e-03
1.13644100e+04 1.47519660e-02 1.66231969e-03 4.08575090e+00 1.47095914e-03
1.13644200e+04 1.47531540e-02 1.66184949e-03 4.08575383e+00 1.47054309e-03
1.13644200e+04 1.47532450e-02 1.66187366e-03 4.08575383e+00 1.47056447e-03
1.13644300e+04 1.47540680e-02 1.66130655e-03 4.08575675e+00 1.47006266e-03
1.13644700e+04 1.47577250e-02 1.65913502e-03 4.08576844e+00 1.46814116e-03
1.13644900e+04 1.47599190e-02 1.65814631e-03 4.08577429e+00 1.46726629e-03
1.13645300e+04 1.47633930e-02 1.65592619e-03 4.08578598e+00 1.46530180e-03
1.13645500e+04 1.47649480e-02 1.65476781e-03 4.08579183e+00 1.46427679e-03
1.13645900e+04 1.47688820e-02 1.65266983e-03 4.08580352e+00 1.46242038e-03
1.13646000e+04 1.47697050e-02 1.65210272e-03 4.08580645e+00 1.46191856e-03
1.13649700e+04 1.48030920e-02 1.63189921e-03 4.08591461e+00 1.44404127e-03
1.13654700e+04 1.48491610e-02 1.60484981e-03 4.08606077e+00 1.42010631e-03
1.13659700e+04 1.48954770e-02 1.57786599e-03 4.08620694e+00 1.39622936e-03
1.13664700e+04 1.49420410e-02 1.55094802e-03 4.08635310e+00 1.37241066e-03
1.13669600e+04 1.49888550e-02 1.52488208e-03 4.08649635e+00 1.34934588e-03
1.13674700e+04 1.50359210e-02 1.49731177e-03 4.08664543e+00 1.32494990e-03
1.13679700e+04 1.50832410e-02 1.47059455e-03 4.08679160e+00 1.30130877e-03
1.13684700e+04 1.51308180e-02 1.44394556e-03 4.08693776e+00 1.27772801e-03
1.13689600e+04 1.51786520e-02 1.41815047e-03 4.08708101e+00 1.25490281e-03
1.13694700e+04 1.52267470e-02 1.39085339e-03 4.08723009e+00 1.23074853e-03
1.13699700e+04 1.52751040e-02 1.36441152e-03 4.08737626e+00 1.20735098e-03
1.13704700e+04 1.53237260e-02 1.33804002e-03 4.08752242e+00 1.18401568e-03
1.13709600e+04 1.53726140e-02 1.31252479e-03 4.08766567e+00 1.16143805e-03
1.13714600e+04 1.54217700e-02 1.28629508e-03 4.08781183e+00 1.13822818e-03
1.13719700e+04 1.54711980e-02 1.25935196e-03 4.08796092e+00 1.11438700e-03
1.13724700e+04 1.55208980e-02 1.23326670e-03 4.08810708e+00 1.09130491e-03
1.13729700e+04 1.55708740e-02 1.20725473e-03 4.08825325e+00 1.06828765e-03
1.13734600e+04 1.56211260e-02 1.18210169e-03 4.08839649e+00 1.04603042e-03
1.13739700e+04 1.56716590e-02 1.15545197e-03 4.08854558e+00 1.02244880e-03
1.13744700e+04 1.57224740e-02 1.12966278e-03 4.08869174e+00 9.99628619e-04
1.13749700e+04 1.57735720e-02 1.10394874e-03 4.08883791e+00 9.76874913e-04
1.13754600e+04 1.58249580e-02 1.07909681e-03 4.08898115e+00 9.54884059e-04
1.13759600e+04 1.58766320e-02 1.05353571e-03 4.08912732e+00 9.32265654e-04
1.13764700e+04 1.59285970e-02 1.02726624e-03 4.08927641e+00 9.09020403e-04
1.13769700e+04 1.59808560e-02 1.00186048e-03 4.08942257e+00 8.86539415e-04
1.13774700e+04 1.60334120e-02 9.76533577e-04 4.08956874e+00 8.64128192e-04
1.13779600e+04 1.60862650e-02 9.52071184e-04 4.08971198e+00 8.42481940e-04
1.13784700e+04 1.61394200e-02 9.26117694e-04 4.08986107e+00 8.19516220e-04
1.13789700e+04 1.61928790e-02 9.01030570e-04 4.09000723e+00 7.97317114e-04
1.13794700e+04 1.62466430e-02 8.76024433e-04 4.09015340e+00 7.75189655e-04
1.13799600e+04 1.63007160e-02 8.51885990e-04 4.09029664e+00 7.53829988e-04
1.13804600e+04 1.63551010e-02 8.27044748e-04 4.09044280e+00 7.31848406e-04
1.13809700e+04 1.64097990e-02 8.01500974e-04 4.09059189e+00 7.09245142e-04
1.13814700e+04 1.64648140e-02 7.76827017e-04 4.09073806e+00 6.87411552e-04
1.13819700e+04 1.65201480e-02 7.52237765e-04 4.09088422e+00 6.65652897e-04
1.13824600e+04 1.65758040e-02 7.28519659e-04 4.09102746e+00 6.44665091e-04
1.13829700e+04 1.66317840e-02 7.03316296e-04 4.09117655e+00 6.22362980e-04
1.13834700e+04 1.66880920e-02 6.78985672e-04 4.09132272e+00 6.00833128e-04
1.13839700e+04 1.67447310e-02 6.54742940e-04 4.09146888e+00 5.79381031e-04
1.13844600e+04 1.68017020e-02 6.31374007e-04 4.09161212e+00 5.58702137e-04
1.13849600e+04 1.68590090e-02 6.07308650e-04 4.09175829e+00 5.37406963e-04
1.13854700e+04 1.69166560e-02 5.82547929e-04 4.09190738e+00 5.15496449e-04
1.13859700e+04 1.69746440e-02 5.58663399e-04 4.09205354e+00 4.94361251e-04
1.13864700e+04 1.70329760e-02 5.34870211e-04 4.09219971e+00 4.73306865e-04
1.13869600e+04 1.70916570e-02 5.11955338e-04 4.09234295e+00 4.53029678e-04
1.13874700e+04 1.71506880e-02 4.87562114e-04 4.09249204e+00 4.31444286e-04
1.13879700e+04 1.72100740e-02 4.64048797e-04 4.09263820e+00 4.10637503e-04
1.13884700e+04 1.72698160e-02 4.40630009e-04 4.09278437e+00 3.89914351e-04
1.13889600e+04 1.73299180e-02 4.18092457e-04 4.09292761e+00 3.69970984e-04
1.13894600e+04 1.73903840e-02 3.94865914e-04 4.09307377e+00 3.49417915e-04
1.13899700e+04 1.74512160e-02 3.70950913e-04 4.09322286e+00 3.28255611e-04
1.13904700e+04 1.75124180e-02 3.47919802e-04 4.09336903e+00 3.07875443e-04
1.13909700e+04 1.75739930e-02 3.24987734e-04 4.09351519e+00 2.87582902e-04
1.13914600e+04 1.76359450e-02 3.02941416e-04 4.09365843e+00 2.68074144e-04
1.13919700e+04 1.76982760e-02 2.79424446e-04 4.09380752e+00 2.47263987e-04
1.13924700e+04 1.77609910e-02 2.56795085e-04 4.09395369e+00 2.27239259e-04
1.13929700e+04 1.78240920e-02 2.34268219e-04 4.09409985e+00 2.07305213e-04
1.13934600e+04 1.78875840e-02 2.12630819e-04 4.09424309e+00 1.88158241e-04
1.13939600e+04 1.79514690e-02 1.90312130e-04 4.09438926e+00 1.68408377e-04
1.13944700e+04 1.80157510e-02 1.67313213e-04 4.09453835e+00 1.48056560e-04
1.13949700e+04 1.80804350e-02 1.45206684e-04 4.09468451e+00 1.28494403e-04
1.13954700e+04 1.81455230e-02 1.23207430e-04 4.09483068e+00 1.09027158e-04
1.13959600e+04 1.82110190e-02 1.02102156e-04 4.09497392e+00 9.03509849e-05
1.13964700e+04 1.82769280e-02 7.95352599e-05 4.09512301e+00 7.03813955e-05
1.13969700e+04 1.83432520e-02 5.78642029e-05 4.09526917e+00 5.12045240e-05
1.13974700e+04 1.84099960e-02 3.63046693e-05 4.09541534e+00 3.21263238e-05
1.13979600e+04 1.84771640e-02 1.56433650e-05 4.09555858e+00 1.38429583e-05
1.13984700e+04 1.85447600e-02 -6.47557923e-06 4.09570767e+00 -5.73030247e-06
1.13989700e+04 1.86127870e-02 -2.76944355e-05 4.09585383e+00 -2.45070835e-05
1.13994700e+04 1.86812490e-02 -4.87977853e-05 4.09600000e+00 -4.31816681e-05
1.13999700e+04 1.87501520e-02 -6.97840357e-05 4.09614616e+00 -6.17526462e-05
1.14004600e+04 1.88194980e-02 -8.98670116e-05 4.09628940e+00 -7.95243222e-05
1.14009700e+04 1.88892930e-02 -1.11402051e-04 4.09643849e+00 -9.85809631e-05
1.14014700e+04 1.89595390e-02 -1.32031692e-04 4.09658466e+00 -1.16836422e-04
1.14019700e+04 1.90302430e-02 -1.52539720e-04 4.09673082e+00 -1.34984279e-04
1.14024600e+04 1.91014070e-02 -1.72139959e-04 4.09687406e+00 -1.52328837e-04
1.14029700e+04 1.91730370e-02 -1.93187748e-04 4.09702315e+00 -1.70954369e-04
1.14034700e+04 1.92451370e-02 -2.13325093e-04 4.09716932e+00 -1.88774251e-04
1.14039700e+04 1.93177120e-02 -2.33336310e-04 4.09731548e+00 -2.06482537e-04
1.14044600e+04 1.93907650e-02 -2.52434960e-04 4.09745873e+00 -2.23383292e-04
1.14049600e+04 1.94643020e-02 -2.72190735e-04 4.09760489e+00 -2.40865564e-04
1.14054700e+04 1.95383280e-02 -2.92602310e-04 4.09775398e+00 -2.58928180e-04
1.14059700e+04 1.96128470e-02 -3.12097333e-04 4.09790014e+00 -2.76179739e-04
1.14064700e+04 1.96878630e-02 -3.31460388e-04 4.09804631e+00 -2.93314532e-04
1.14069600e+04 1.97633830e-02 -3.49903970e-04 4.09818955e+00 -3.09635681e-04
1.14074700e+04 1.98394110e-02 -3.69783950e-04 4.09833864e+00 -3.27227942e-04
1.14079700e+04 1.99159510e-02 -3.88742333e-04 4.09848480e+00 -3.44004679e-04
1.14084700e+04 1.99930100e-02 -4.07562906e-04 4.09863097e+00 -3.60659479e-04
1.14089600e+04 2.00705910e-02 -4.25459227e-04 4.09877421e+00 -3.76496404e-04
1.14094600e+04 2.01487010e-02 -4.44000726e-04 4.09892038e+00 -3.92904276e-04
1.14099700e+04 2.02273450e-02 -4.63186074e-04 4.09906946e+00 -4.09881920e-04
1.14104700e+04 2.03065280e-02 -4.81442657e-04 4.09921563e+00 -4.26037693e-04
1.14109700e+04 2.03862550e-02 -4.99554791e-04 4.09936179e+00 -4.42065654e-04
1.14114600e+04 2.04665320e-02 -5.16735238e-04 4.09950504e+00 -4.57269157e-04
1.14119700e+04 2.05473650e-02 -5.35339337e-04 4.09965412e+00 -4.73732500e-04
1.14124700e+04 2.06287600e-02 -5.53008564e-04 4.09980029e+00 -4.89368565e-04
1.14129700e+04 2.07107210e-02 -5.70527500e-04 4.09994645e+00 -5.04871648e-04
1.14134600e+04 2.07932550e-02 -5.87108641e-04 4.10008970e+00 -5.19544867e-04
1.14139600e+04 2.08763670e-02 -6.04321950e-04 4.10023586e+00 -5.34777521e-04
1.14144700e+04 2.09600650e-02 -6.22165300e-04 4.10038495e+00 -5.50567730e-04
1.14149700e+04 2.10443530e-02 -6.39066343e-04 4.10053111e+00 -5.65524080e-04
1.14154700e+04 2.11292380e-02 -6.55808864e-04 4.10067728e+00 -5.80340163e-04
1.14159600e+04 2.12147260e-02 -6.71605625e-04 4.10082052e+00 -5.94319328e-04
1.14164700e+04 2.13008240e-02 -6.88811699e-04 4.10096961e+00 -6.09545651e-04
1.14169700e+04 2.13875380e-02 -7.05068561e-04 4.10111578e+00 -6.23932002e-04
1.14174700e+04 2.14748730e-02 -7.21160529e-04 4.10126194e+00 -6.38172446e-04
1.14179600e+04 2.15628380e-02 -7.36299567e-04 4.10140518e+00 -6.51569626e-04
1.14184600e+04 2.16514390e-02 -7.52055371e-04 4.10155135e+00 -6.65512614e-04
1.14189700e+04 2.17406810e-02 -7.68426613e-04 4.10170044e+00 -6.80000237e-04
1.14194700e+04 2.18305740e-02 -7.83839350e-04 4.10184660e+00 -6.93639662e-04
1.14199700e+04 2.19211220e-02 -7.99078164e-04 4.10199277e+00 -7.07125188e-04
1.14204600e+04 2.20123340e-02 -8.13355021e-04 4.10213601e+00 -7.19759459e-04
1.14209700e+04 2.21042160e-02 -8.29025259e-04 4.10228510e+00 -7.33626794e-04
1.14214700e+04 2.21967750e-02 -8.43730088e-04 4.10243126e+00 -7.46639818e-04
1.14219700e+04 2.22900200e-02 -8.58252762e-04 4.10257743e+00 -7.59491660e-04
1.14224600e+04 2.23839580e-02 -8.71805779e-04 4.10272067e+00 -7.71485429e-04
1.14229600e+04 2.24785960e-02 -8.85958567e-04 4.10286683e+00 -7.84009970e-04
1.14234700e+04 2.25739410e-02 -9.00709268e-04 4.10301592e+00 -7.97063639e-04
1.14239700e+04 2.26700020e-02 -9.14484205e-04 4.10316209e+00 -8.09253830e-04
1.14244700e+04 2.27667870e-02 -9.28066896e-04 4.10330825e+00 -8.21273908e-04
1.14249600e+04 2.28643040e-02 -9.40669574e-04 4.10345149e+00 -8.32426747e-04
1.14254700e+04 2.29625600e-02 -9.54647312e-04 4.10360058e+00 -8.44796441e-04
1.14259700e+04 2.30615650e-02 -9.67640523e-04 4.10374675e+00 -8.56294901e-04
1.14264700e+04 2.31613260e-02 -9.80432992e-04 4.10389291e+00 -8.67615728e-04
1.14269600e+04 2.32618520e-02 -9.92236685e-04 4.10403615e+00 -8.78061558e-04
1.14274600e+04 2.33631520e-02 -1.00462050e-03 4.10418232e+00 -8.89020773e-04
1.14279700e+04 2.34652350e-02 -1.01758205e-03 4.10433141e+00 -9.00491260e-04
1.14284700e+04 2.35681090e-02 -1.02954792e-03 4.10447757e+00 -9.11080640e-04
1.14289700e+04 2.36717840e-02 -1.04130109e-03 4.10462374e+00 -9.21481812e-04
1.14294600e+04 2.37762680e-02 -1.05205381e-03 4.10476698e+00 -9.30997645e-04
1.14299700e+04 2.38815710e-02 -1.06416035e-03 4.10491607e+00 -9.41711541e-04
1.14304700e+04 2.39877040e-02 -1.07526085e-03 4.10506223e+00 -9.51535163e-04
1.14309700e+04 2.40946740e-02 -1.08613910e-03 4.10520840e+00 -9.61162116e-04
1.14314600e+04 2.42024920e-02 -1.09600653e-03 4.10535164e+00 -9.69894565e-04
1.14319700e+04 2.43111690e-02 -1.10721716e-03 4.10550073e+00 -9.79815679e-04
1.14324700e+04 2.44207130e-02 -1.11741193e-03 4.10564689e+00 -9.88837822e-04
1.14329700e+04 2.45311360e-02 -1.12737330e-03 4.10579306e+00 -9.97653428e-04
1.14334700e+04 2.46424470e-02 -1.13709888e-03 4.10593922e+00 -1.00626038e-03
1.14339600e+04 2.47546580e-02 -1.14579983e-03 4.10608246e+00 -1.01396060e-03
1.14344700e+04 2.48677790e-02 -1.15583044e-03 4.10623155e+00 -1.02283751e-03
1.14349700e+04 2.49818200e-02 -1.16483111e-03 4.10637772e+00 -1.03080299e-03
1.14354700e+04 2.50967940e-02 -1.17358404e-03 4.10652388e+00 -1.03854924e-03
1.14359600e+04 2.52127110e-02 -1.18130094e-03 4.10666712e+00 -1.04537866e-03
1.14364700e+04 2.53295830e-02 -1.19033553e-03 4.10681621e+00 -1.05337419e-03
1.14369700e+04 2.54474220e-02 -1.19832772e-03 4.10696238e+00 -1.06044725e-03
1.14374700e+04 2.55662380e-02 -1.20606048e-03 4.10710854e+00 -1.06729073e-03
1.14379700e+04 2.56860450e-02 -1.21353009e-03 4.10725471e+00 -1.07390136e-03
1.14384600e+04 2.58068550e-02 -1.21994774e-03 4.10739795e+00 -1.07958105e-03
1.14389700e+04 2.59286790e-02 -1.22766742e-03 4.10754704e+00 -1.08641299e-03
1.14394700e+04 2.60515310e-02 -1.23432849e-03 4.10769320e+00 -1.09230812e-03
1.14399700e+04 2.61754230e-02 -1.24071341e-03 4.10783937e+00 -1.09795888e-03
1.14404600e+04 2.63003690e-02 -1.24603282e-03 4.10798261e+00 -1.10266671e-03
1.14409700e+04 2.64263810e-02 -1.25264046e-03 4.10813170e+00 -1.10851458e-03
1.14414700e+04 2.65534740e-02 -1.25817541e-03 4.10827786e+00 -1.11341318e-03
1.14419700e+04 2.66816600e-02 -1.26342013e-03 4.10842403e+00 -1.11805495e-03
1.14424600e+04 2.68109540e-02 -1.26758501e-03 4.10856727e+00 -1.12174110e-03
1.14429600e+04 2.69413710e-02 -1.27223733e-03 4.10871343e+00 -1.12585863e-03
1.14434700e+04 2.70729230e-02 -1.27737392e-03 4.10886252e+00 -1.13040473e-03
1.14439700e+04 2.72056270e-02 -1.28141898e-03 4.10900869e+00 -1.13398487e-03
1.14444700e+04 2.73394970e-02 -1.28515442e-03 4.10915485e+00 -1.13729102e-03
1.14449600e+04 2.74745490e-02 -1.28779036e-03 4.10929810e+00 -1.13962417e-03
1.14454700e+04 2.76107970e-02 -1.29168001e-03 4.10944718e+00 -1.14306681e-03
1.14459700e+04 2.77482570e-02 -1.29446219e-03 4.10959335e+00 -1.14552939e-03
1.14464700e+04 2.78869460e-02 -1.29691804e-03 4.10973951e+00 -1.14770318e-03
1.14469600e+04 2.80268790e-02 -1.29825792e-03 4.10988276e+00 -1.14888939e-03
1.14474600e+04 2.81680740e-02 -1.30004834e-03 4.11002892e+00 -1.15047432e-03
1.14479700e+04 2.83105470e-02 -1.30228506e-03 4.11017801e+00 -1.15245420e-03
1.14484700e+04 2.84543150e-02 -1.30339227e-03 4.11032417e+00 -1.15343453e-03
1.14489700e+04 2.85993960e-02 -1.30415083e-03 4.11047034e+00 -1.15410632e-03
1.14494600e+04 2.87458070e-02 -1.30377060e-03 4.11061358e+00 -1.15377032e-03
1.14499700e+04 2.88935670e-02 -1.30460345e-03 4.11076267e+00 -1.15450787e-03
1.14504700e+04 2.90426950e-02 -1.30428740e-03 4.11090883e+00 -1.15422869e-03
1.14509700e+04 2.91932080e-02 -1.30360360e-03 4.11105500e+00 -1.15362406e-03
1.14514600e+04 2.93451260e-02 -1.30176108e-03 4.11119824e+00 -1.15199401e-03
1.14519600e+04 2.94984680e-02 -1.30032609e-03 4.11134441e+00 -1.15072461e-03
1.14524700e+04 2.96532550e-02 -1.29929305e-03 4.11149349e+00 -1.14981093e-03
1.14529700e+04 2.98095060e-02 -1.29708562e-03 4.11163966e+00 -1.14785797e-03
1.14534700e+04 2.99672420e-02 -1.29448388e-03 4.11178582e+00 -1.14555605e-03
1.14539600e+04 3.01264840e-02 -1.29069661e-03 4.11192907e+00 -1.14220498e-03
1.14544700e+04 3.02872540e-02 -1.28807489e-03 4.11207815e+00 -1.13988539e-03
1.14549700e+04 3.04495720e-02 -1.28425648e-03 4.11222432e+00 -1.13650677e-03
1.14554700e+04 3.06134620e-02 -1.28002066e-03 4.11237048e+00 -1.13275876e-03
1.14559600e+04 3.07789460e-02 -1.27457593e-03 4.11251373e+00 -1.12794091e-03
1.14564600e+04 3.09460470e-02 -1.26948749e-03 4.11265989e+00 -1.12343836e-03
1.14569700e+04 3.11147880e-02 -1.26474921e-03 4.11280898e+00 -1.11924570e-03
1.14574700e+04 3.12851930e-02 -1.25878345e-03 4.11295514e+00 -1.11396676e-03
1.14579700e+04 3.14572870e-02 -1.25236920e-03 4.11310131e+00 -1.10829092e-03
1.14584600e+04 3.16310950e-02 -1.24471419e-03 4.11324455e+00 -1.10151705e-03
1.14589700e+04 3.18066410e-02 -1.23816897e-03 4.11339364e+00 -1.09572530e-03
1.14594700e+04 3.19839520e-02 -1.23036945e-03 4.11353981e+00 -1.08882354e-03
1.14599700e+04 3.21630550e-02 -1.22209409e-03 4.11368597e+00 -1.08150068e-03
1.14604600e+04 3.23439750e-02 -1.21255062e-03 4.11382921e+00 -1.07305557e-03
1.14609600e+04 3.25267410e-02 -1.20330261e-03 4.11397538e+00 -1.06487194e-03
1.14614700e+04 3.27113810e-02 -1.19434265e-03 4.11412447e+00 -1.05694322e-03
1.14619700e+04 3.28979220e-02 -1.18409226e-03 4.11427063e+00 -1.04787252e-03
1.14624700e+04 3.30863950e-02 -1.17332887e-03 4.11441680e+00 -1.03834781e-03
1.14629600e+04 3.32768290e-02 -1.16125913e-03 4.11456004e+00 -1.02766702e-03
1.14634700e+04 3.34692540e-02 -1.15023200e-03 4.11470913e+00 -1.01790892e-03
1.14639700e+04 3.36637020e-02 -1.13788205e-03 4.11485529e+00 -1.00698015e-03
1.14644700e+04 3.38602030e-02 -1.12498697e-03 4.11500146e+00 -9.95568951e-04
1.14649600e+04 3.40587910e-02 -1.11075208e-03 4.11514470e+00 -9.82972055e-04
1.14654700e+04 3.42594980e-02 -1.09752582e-03 4.11529379e+00 -9.71267759e-04
1.14659700e+04 3.44623570e-02 -1.08294248e-03 4.11543995e+00 -9.58362492e-04
1.14664700e+04 3.46674040e-02 -1.06777817e-03 4.11558612e+00 -9.44943065e-04
1.14669700e+04 3.48746730e-02 -1.05202384e-03 4.11573228e+00 -9.31001488e-04
1.14674600e+04 3.50842010e-02 -1.03488403e-03 4.11587552e+00 -9.15833793e-04
1.14679700e+04 3.52960230e-02 -1.01870638e-03 4.11602461e+00 -9.01517574e-04
1.14684700e+04 3.55101780e-02 -1.00112360e-03 4.11617078e+00 -8.85957847e-04
1.14689700e+04 3.57267030e-02 -9.82911504e-04 4.11631694e+00 -8.69841189e-04
1.14694600e+04 3.59456370e-02 -9.63274103e-04 4.11646018e+00 -8.52463161e-04
1.14699700e+04 3.61670210e-02 -9.44557436e-04 4.11660927e+00 -8.35899950e-04
1.14704700e+04 3.63908960e-02 -9.24393685e-04 4.11675544e+00 -8.18056099e-04
1.14709700e+04 3.66173030e-02 -9.03557608e-04 4.11690160e+00 -7.99617247e-04
1.14714700e+04 3.68462840e-02 -8.82038052e-04 4.11704777e+00 -7.80573523e-04
1.14719600e+04 3.70778850e-02 -8.59037159e-04 4.11719101e+00 -7.60218843e-04
1.14724700e+04 3.73121480e-02 -8.36900707e-04 4.11734010e+00 -7.40629160e-04
1.14729700e+04 3.75491200e-02 -8.13259286e-04 4.11748626e+00 -7.19707605e-04
1.14734700e+04 3.77888470e-02 -7.88886325e-04 4.11763243e+00 -6.98138643e-04
1.14739600e+04 3.80313770e-02 -7.62983434e-04 4.11777567e+00 -6.75215718e-04
1.14744700e+04 3.82767600e-02 -7.37894269e-04 4.11792476e+00 -6.53012906e-04
1.14749700e+04 3.85250450e-02 -7.11248886e-04 4.11807092e+00 -6.29432865e-04
1.14754700e+04 3.87762830e-02 -6.83819387e-04 4.11821709e+00 -6.05158886e-04
1.14759600e+04 3.90305260e-02 -6.54806322e-04 4.11836033e+00 -5.79483473e-04
1.14764600e+04 3.92878290e-02 -6.25766373e-04 4.11850649e+00 -5.53784251e-04
1.14769700e+04 3.95482460e-02 -5.96685202e-04 4.11865558e+00 -5.28048531e-04
1.14774700e+04 3.98118340e-02 -5.65976385e-04 4.11880175e+00 -5.00872366e-04
1.14779700e+04 4.00786500e-02 -5.34410432e-04 4.11894791e+00 -4.72937636e-04
1.14784600e+04 4.03487530e-02 -5.01186031e-04 4.11909115e+00 -4.43535201e-04
1.14789700e+04 4.06222030e-02 -4.68644184e-04 4.11924024e+00 -4.14736787e-04
1.14794700e+04 4.08990630e-02 -4.34411228e-04 4.11938641e+00 -3.84441761e-04
1.14799700e+04 4.11793960e-02 -3.99256081e-04 4.11953257e+00 -3.53330595e-04
1.14804600e+04 4.14632660e-02 -3.62376104e-04 4.11967581e+00 -3.20692971e-04
1.14809600e+04 4.17507420e-02 -3.25324263e-04 4.11982198e+00 -2.87903227e-04
1.14814700e+04 4.20418900e-02 -2.88083032e-04 4.11997107e+00 -2.54945852e-04
1.14819700e+04 4.23367810e-02 -2.49062272e-04 4.12011723e+00 -2.20413609e-04
1.14824700e+04 4.26354870e-02 -2.09028508e-04 4.12026340e+00 -1.84984854e-04
1.14829600e+04 4.29380820e-02 -1.67176447e-04 4.12040664e+00 -1.47946919e-04
1.14834700e+04 4.32446410e-02 -1.25843106e-04 4.12055573e+00 -1.11368009e-04
1.14839700e+04 4.35552420e-02 -8.26508405e-05 4.12070189e+00 -7.31439635e-05
1.14844700e+04 4.38699640e-02 -3.83643187e-05 4.12084806e+00 -3.39514943e-05
1.14849600e+04 4.41888900e-02 7.82414291e-06 4.12099130e+00 6.92418023e-06
1.14854600e+04 4.45121020e-02 5.43650301e-05 4.12113746e+00 4.81117785e-05
1.14859700e+04 4.48396880e-02 1.01281710e-04 4.12128655e+00 8.96319811e-05
1.14864700e+04 4.51717350e-02 1.50168571e-04 4.12143272e+00 1.32895785e-04
1.14869700e+04 4.55083350e-02 2.00264398e-04 4.12157888e+00 1.77229535e-04
1.14874600e+04 4.58495810e-02 2.52379531e-04 4.12172213e+00 2.23350363e-04
1.14879700e+04 4.61955680e-02 3.04182262e-04 4.12187121e+00 2.69194766e-04
1.14884700e+04 4.65463960e-02 3.58056077e-04 4.12201738e+00 3.16872072e-04
1.14889700e+04 4.69021650e-02 4.13241884e-04 4.12216354e+00 3.65710506e-04
1.14894600e+04 4.72629800e-02 4.70553209e-04 4.12230679e+00 4.16430019e-04
1.14899600e+04 4.76289470e-02 5.28446910e-04 4.12245295e+00 4.67664970e-04
1.14904700e+04 4.80001770e-02 5.86952462e-04 4.12260204e+00 5.19441446e-04
1.14909700e+04 4.83767830e-02 6.47671156e-04 4.12274820e+00 5.73176552e-04
1.14914700e+04 4.87588810e-02 7.09848151e-04 4.12289437e+00 6.28202274e-04
1.14919600e+04 4.91465910e-02 7.74300955e-04 4.12303761e+00 6.85242086e-04
1.14924700e+04 4.95400370e-02 8.38705562e-04 4.12318670e+00 7.42239306e-04
1.14929700e+04 4.99393460e-02 9.05452626e-04 4.12333286e+00 8.01309603e-04
1.14934700e+04 5.03446480e-02 9.73791022e-04 4.12347903e+00 8.61788253e-04
1.14939600e+04 5.07560780e-02 1.04454224e-03 4.12362227e+00 9.24402255e-04
1.14944600e+04 5.11737750e-02 1.11617191e-03 4.12376844e+00 9.87793728e-04
1.14949700e+04 5.15978810e-02 1.18871772e-03 4.12391752e+00 1.05199604e-03
1.14954700e+04 5.20285440e-02 1.26379027e-03 4.12406369e+00 1.11843453e-03
1.14959700e+04 5.24659160e-02 1.34064427e-03 4.12420985e+00 1.18644963e-03
1.14964600e+04 5.29101540e-02 1.42010706e-03 4.12435310e+00 1.25677351e-03
1.14969700e+04 5.33614180e-02 1.49986419e-03 4.12450218e+00 1.32735797e-03
1.14974700e+04 5.38198750e-02 1.58231693e-03 4.12464835e+00 1.40032805e-03
1.14979700e+04 5.42856970e-02 1.66672531e-03 4.12479451e+00 1.47502891e-03
1.14984600e+04 5.47590610e-02 1.75392198e-03 4.12493776e+00 1.55219742e-03
1.14989600e+04 5.52401510e-02 1.84238450e-03 4.12508392e+00 1.63048628e-03
1.14994700e+04 5.57291540e-02 1.93216254e-03 4.12523301e+00 1.70993943e-03
1.14999700e+04 5.62262670e-02 2.02487968e-03 4.12537917e+00 1.79199371e-03
1.15004700e+04 5.67316910e-02 2.11980365e-03 4.12552534e+00 1.87600108e-03
1.15009600e+04 5.72456330e-02 2.21777507e-03 4.12566858e+00 1.96270546e-03
1.15014700e+04 5.77683100e-02 2.31649462e-03 4.12581767e+00 2.05007204e-03
1.15019700e+04 5.82999440e-02 2.41837819e-03 4.12596384e+00 2.14023879e-03
1.15024700e+04 5.88407650e-02 2.52270119e-03 4.12611000e+00 2.23256450e-03
1.15029600e+04 5.93910110e-02 2.63031248e-03 4.12625324e+00 2.32780037e-03
1.15034700e+04 5.99509280e-02 2.73892044e-03 4.12640233e+00 2.42391841e-03
1.15039700e+04 6.05207720e-02 2.85094998e-03 4.12654850e+00 2.52306458e-03
1.15044700e+04 6.11008060e-02 2.96568528e-03 4.12669466e+00 2.62460541e-03
1.15049700e+04 6.16913040e-02 3.08319912e-03 4.12684083e+00 2.72860531e-03
1.15054600e+04 6.22925480e-02 3.20435200e-03 4.12698407e+00 2.83582580e-03
1.15059700e+04 6.29048330e-02 3.32686533e-03 4.12713316e+00 2.94425042e-03
1.15064700e+04 6.35284630e-02 3.45317676e-03 4.12727932e+00 3.05603640e-03
1.15069700e+04 6.41637520e-02 3.58258403e-03 4.12742549e+00 3.17056227e-03
1.15074600e+04 6.48110280e-02 3.71595987e-03 4.12756873e+00 3.28860038e-03
1.15079700e+04 6.54706310e-02 3.85103763e-03 4.12771782e+00 3.40814484e-03
1.15084700e+04 6.61429130e-02 3.99026772e-03 4.12786398e+00 3.53136415e-03
1.15089700e+04 6.68282390e-02 4.13296141e-03 4.12801015e+00 3.65764884e-03
1.15094600e+04 6.75269900e-02 4.28000550e-03 4.12815339e+00 3.78778369e-03
1.15099600e+04 6.82395610e-02 4.42993360e-03 4.12829955e+00 3.92047103e-03
1.15104700e+04 6.89663610e-02 4.58285431e-03 4.12844864e+00 4.05580695e-03
1.15109700e+04 6.97078180e-02 4.74045256e-03 4.12859481e+00 4.19528258e-03
1.15114700e+04 7.04643760e-02 4.90206061e-03 4.12874097e+00 4.33830697e-03
1.15119600e+04 7.12364960e-02 5.06858651e-03 4.12888421e+00 4.48568374e-03
1.15124700e+04 7.20246590e-02 5.23780105e-03 4.12903330e+00 4.63544015e-03
1.15129700e+04 7.28293650e-02 5.41219393e-03 4.12917947e+00 4.78977947e-03
1.15134700e+04 7.36511370e-02 5.59111837e-03 4.12932563e+00 4.94812935e-03
1.15139600e+04 7.44905190e-02 5.77550448e-03 4.12946887e+00 5.11131289e-03
1.15144600e+04 7.53480760e-02 5.96393098e-03 4.12961504e+00 5.27807236e-03
1.15149700e+04 7.62244010e-02 6.15655533e-03 4.12976413e+00 5.44854712e-03
1.15154700e+04 7.71201100e-02 6.35511240e-03 4.12991029e+00 5.62427243e-03
1.15159700e+04 7.80358480e-02 6.55898781e-03 4.13005646e+00 5.80470463e-03
1.15164600e+04 7.89722880e-02 6.76914590e-03 4.13019970e+00 5.99069711e-03
1.15169700e+04 7.99301330e-02 6.98341642e-03 4.13034879e+00 6.18032935e-03
1.15174700e+04 8.09101190e-02 7.20435172e-03 4.13049495e+00 6.37586004e-03
1.15179700e+04 8.19130140e-02 7.43137008e-03 4.13064112e+00 6.57677443e-03
1.15184600e+04 8.29396250e-02 7.66547145e-03 4.13078436e+00 6.78395741e-03
1.15189600e+04 8.39907940e-02 7.90530810e-03 4.13093052e+00 6.99621636e-03
1.15194700e+04 8.50674030e-02 8.15111424e-03 4.13107961e+00 7.21375857e-03
1.15199700e+04 8.61703800e-02 8.40470756e-03 4.13122578e+00 7.43819260e-03
1.15204700e+04 8.73006940e-02 8.66555973e-03 4.13137194e+00 7.66905092e-03
1.15209600e+04 8.84593640e-02 8.93472697e-03 4.13151518e+00 7.90726824e-03
1.15214700e+04 8.96474610e-02 9.21013672e-03 4.13166427e+00 8.15101056e-03
1.15219700e+04 9.08661070e-02 9.49444384e-03 4.13181044e+00 8.40262725e-03
1.15224700e+04 9.21164850e-02 9.78717683e-03 4.13195660e+00 8.66170108e-03
1.15229600e+04 9.33998360e-02 1.00894508e-02 4.13209984e+00 8.92921891e-03
1.15234600e+04 9.47174680e-02 1.04000419e-02 4.13224601e+00 9.20409769e-03
1.15239700e+04 9.60707590e-02 1.07193159e-02 4.13239510e+00 9.48666127e-03
1.15244700e+04 9.74611590e-02 1.10492292e-02 4.13254126e+00 9.77864083e-03
1.15249700e+04 9.88902000e-02 1.13894029e-02 4.13268743e+00 1.00797012e-02
1.15254600e+04 1.00359500e-01 1.17410523e-02 4.13283067e+00 1.03909178e-02
1.15259700e+04 1.01870750e-01 1.21022695e-02 4.13297976e+00 1.07106024e-02
1.15264700e+04 1.03425770e-01 1.24758946e-02 4.13312592e+00 1.10412683e-02
1.15269700e+04 1.05026460e-01 1.28616466e-02 4.13327209e+00 1.13826669e-02
1.15274600e+04 1.06674840e-01 1.32608474e-02 4.13341533e+00 1.17359681e-02
1.15279600e+04 1.08373040e-01 1.36724914e-02 4.13356149e+00 1.21002819e-02
1.15284700e+04 1.10123330e-01 1.40971813e-02 4.13371058e+00 1.24761420e-02
1.15289700e+04 1.11928110e-01 1.45371257e-02 4.13385675e+00 1.28655026e-02
1.15294700e+04 1.13789930e-01 1.49922160e-02 4.13400291e+00 1.32682678e-02
1.15299600e+04 1.15711510e-01 1.54639601e-02 4.13414616e+00 1.36857722e-02
1.15304700e+04 1.17695740e-01 1.59507685e-02 4.13429524e+00 1.41166092e-02
1.15309700e+04 1.19745670e-01 1.64558080e-02 4.13444141e+00 1.45635811e-02
1.15314700e+04 1.21864590e-01 1.69791666e-02 4.13458757e+00 1.50267660e-02
1.15319600e+04 1.24055980e-01 1.75225538e-02 4.13473082e+00 1.55076769e-02
1.15324600e+04 1.26323580e-01 1.80853916e-02 4.13487698e+00 1.60058023e-02
1.15329700e+04 1.28671360e-01 1.86687342e-02 4.13502607e+00 1.65220752e-02
1.15334700e+04 1.31103600e-01 1.92752891e-02 4.13517223e+00 1.70588917e-02
1.15339700e+04 1.33624860e-01 1.99054818e-02 4.13531840e+00 1.76166284e-02
1.15344600e+04 1.36240040e-01 2.05613988e-02 4.13546164e+00 1.81971318e-02
1.15349700e+04 1.38954400e-01 2.12420800e-02 4.13561073e+00 1.87995528e-02
1.15354700e+04 1.41773600e-01 2.19513851e-02 4.13575689e+00 1.94273067e-02
1.15359700e+04 1.44703720e-01 2.26901431e-02 4.13590306e+00 2.00811274e-02
1.15364600e+04 1.47751310e-01 2.34608788e-02 4.13604630e+00 2.07632492e-02
1.15369700e+04 1.50923470e-01 2.42631204e-02 4.13619539e+00 2.14732553e-02
1.15374700e+04 1.54227830e-01 2.51012510e-02 4.13634155e+00 2.22150241e-02
1.15379700e+04 1.57672680e-01 2.59766862e-02 4.13648772e+00 2.29898088e-02
1.15384700e+04 1.61266990e-01 2.68918078e-02 4.13663388e+00 2.37997173e-02
1.15389600e+04 1.65020510e-01 2.78499903e-02 4.13677713e+00 2.46477360e-02
1.15394700e+04 1.68943820e-01 2.88516862e-02 4.13692621e+00 2.55342660e-02
1.15399700e+04 1.73048450e-01 2.99023140e-02 4.13707238e+00 2.64641021e-02
1.15404700e+04 1.77346990e-01 3.10044311e-02 4.13721854e+00 2.74395081e-02
1.15409600e+04 1.81853180e-01 3.21624715e-02 4.13736179e+00 2.84644079e-02
1.15414700e+04 1.86582080e-01 3.33780772e-02 4.13751087e+00 2.95402555e-02
1.15419700e+04 1.91550210e-01 3.46579917e-02 4.13765704e+00 3.06730184e-02
1.15424700e+04 1.96775710e-01 3.60062461e-02 4.13780320e+00 3.18662645e-02
1.15429700e+04 2.02278590e-01 3.74281538e-02 4.13794937e+00 3.31246963e-02
1.15434600e+04 2.08080910e-01 3.89303580e-02 4.13809261e+00 3.44541930e-02
1.15439700e+04 2.14207090e-01 4.05169860e-02 4.13824170e+00 3.58584084e-02
1.15444700e+04 2.20684220e-01 4.21975881e-02 4.13838787e+00 3.73457938e-02
1.15449700e+04 2.27542410e-01 4.39793737e-02 4.13853403e+00 3.89227302e-02
1.15454600e+04 2.34815230e-01 4.58720425e-02 4.13867727e+00 4.05978017e-02
1.15459700e+04 2.42540190e-01 4.78831975e-02 4.13882636e+00 4.23777385e-02
1.15464700e+04 2.50759330e-01 5.00263587e-02 4.13897253e+00 4.42745050e-02
1.15469700e+04 2.59519950e-01 5.23133001e-02 4.13911869e+00 4.62985221e-02
1.15474600e+04 2.68875340e-01 5.47589575e-02 4.13926193e+00 4.84630081e-02
1.15479600e+04 2.78885830e-01 5.73777792e-02 4.13940810e+00 5.07807510e-02
1.15484700e+04 2.89619920e-01 6.01879541e-02 4.13955719e+00 5.32678488e-02
1.15489700e+04 3.01155640e-01 6.32117729e-02 4.13970335e+00 5.59440286e-02
1.15494700e+04 3.13582260e-01 6.64721540e-02 4.13984952e+00 5.88295745e-02
1.15499600e+04 3.27002310e-01 6.99971081e-02 4.13999276e+00 6.19492763e-02
1.15504700e+04 3.41534040e-01 7.38156773e-02 4.14014185e+00 6.53288392e-02
1.15509700e+04 3.57314440e-01 7.79665938e-02 4.14028801e+00 6.90025408e-02
1.15514700e+04 3.74503000e-01 8.24914216e-02 4.14043418e+00 7.30071674e-02
1.15519600e+04 3.93286280e-01 8.74404841e-02 4.14057742e+00 7.73872561e-02
1.15524600e+04 4.13883720e-01 9.28704781e-02 4.14072358e+00 8.21929873e-02
1.15529700e+04 4.36554840e-01 9.88503145e-02 4.14087267e+00 8.74853497e-02
1.15534700e+04 4.61608420e-01 1.05463556e-01 4.14101884e+00 9.33382974e-02
1.15539700e+04 4.89414170e-01 1.12807585e-01 4.14116500e+00 9.98380197e-02
1.15544600e+04 5.20083130e-01 1.20912674e-01 4.14130824e+00 1.07011307e-01
1.15549700e+04 5.54745870e-01 1.30076668e-01 4.14145733e+00 1.15121764e-01
1.15550700e+04 5.62184540e-01 1.32044015e-01 4.14148656e+00 1.16862936e-01
1.15551700e+04 5.69804060e-01 1.34059384e-01 4.14151580e+00 1.18646608e-01
1.15552600e+04 5.77610600e-01 1.36125198e-01 4.14154211e+00 1.20474925e-01
1.15553600e+04 5.85610610e-01 1.38241599e-01 4.14157134e+00 1.22348015e-01
1.15554700e+04 5.93810800e-01 1.40410369e-01 4.14160350e+00 1.24267454e-01
1.15555600e+04 6.02218200e-01 1.42635730e-01 4.14162981e+00 1.26236977e-01
1.15556700e+04 6.10840120e-01 1.44916482e-01 4.14166196e+00 1.28255524e-01
1.15557600e+04 6.19684230e-01 1.47257804e-01 4.14168827e+00 1.30327676e-01
1.15558600e+04 6.28758510e-01 1.49659458e-01 4.14171751e+00 1.32453225e-01
1.15559700e+04 6.38071320e-01 1.52123664e-01 4.14174966e+00 1.34634136e-01
1.15560700e+04 6.47631390e-01 1.54654310e-01 4.14177889e+00 1.36873848e-01
1.15561600e+04 6.57447870e-01 1.57253828e-01 4.14180520e+00 1.39174512e-01
1.15562600e+04 6.67530290e-01 1.59923175e-01 4.14183444e+00 1.41536979e-01
1.15563600e+04 6.77888670e-01 1.62665798e-01 4.14186367e+00 1.43964298e-01
1.15564600e+04 6.88533480e-01 1.65484478e-01 4.14189290e+00 1.46458930e-01
1.15565700e+04 6.99475670e-01 1.68381335e-01 4.14192506e+00 1.49022754e-01
1.15566600e+04 7.10726740e-01 1.71361782e-01 4.14195137e+00 1.51660555e-01
1.15567600e+04 7.22298710e-01 1.74426652e-01 4.14198060e+00 1.54373074e-01
1.15568600e+04 7.34204190e-01 1.77580080e-01 4.14200984e+00 1.57163971e-01
1.15569600e+04 7.46456420e-01 1.80825580e-01 4.14203907e+00 1.60036355e-01
1.15570700e+04 7.59069270e-01 1.84166052e-01 4.14207122e+00 1.62992793e-01
1.15571700e+04 7.72057290e-01 1.87606928e-01 4.14210046e+00 1.66038093e-01
1.15572600e+04 7.85435750e-01 1.91152264e-01 4.14212677e+00 1.69175841e-01
1.15573600e+04 7.99220700e-01 1.94804751e-01 4.14215600e+00 1.72408423e-01
1.15574700e+04 8.13428980e-01 1.98568860e-01 4.14218816e+00 1.75739796e-01
1.15575600e+04 8.28078290e-01 2.02451647e-01 4.14221447e+00 1.79176202e-01
1.15576700e+04 8.43187200e-01 2.06454902e-01 4.14224662e+00 1.82719228e-01
1.15577600e+04 8.58775270e-01 2.10586960e-01 4.14227293e+00 1.86376247e-01
1.15578600e+04 8.74863040e-01 2.14850919e-01 4.14230217e+00 1.90150004e-01
1.15579700e+04 8.91472110e-01 2.19252514e-01 4.14233432e+00 1.94045576e-01
1.15580700e+04 9.08625210e-01 2.23799352e-01 4.14236355e+00 1.98069692e-01
1.15581700e+04 9.26346240e-01 2.28496993e-01 4.14239279e+00 2.02227275e-01
1.15582600e+04 9.44660360e-01 2.33352904e-01 4.14241910e+00 2.06524931e-01
1.15583600e+04 9.63594060e-01 2.38372548e-01 4.14244833e+00 2.10967498e-01
1.15584700e+04 9.83175210e-01 2.43563325e-01 4.14248049e+00 2.15561525e-01
1.15585700e+04 1.00343310e+00 2.48934583e-01 4.14250972e+00 2.20315284e-01
1.15586600e+04 1.02439880e+00 2.54494574e-01 4.14253603e+00 2.25236076e-01
1.15587600e+04 1.04610460e+00 2.60250298e-01 4.14256526e+00 2.30330102e-01
1.15588600e+04 1.06858490e+00 2.66211677e-01 4.14259450e+00 2.35606139e-01
1.15589600e+04 1.09187580e+00 2.72388296e-01 4.14262373e+00 2.41072673e-01
1.15590700e+04 1.11601510e+00 2.78789407e-01 4.14265588e+00 2.46737891e-01
1.15591700e+04 1.14104300e+00 2.85427255e-01 4.14268512e+00 2.52612630e-01
1.15592600e+04 1.16700140e+00 2.92312966e-01 4.14271143e+00 2.58706733e-01
1.15593600e+04 1.19393470e+00 2.99456759e-01 4.14274066e+00 2.65029251e-01
1.15594700e+04 1.22188950e+00 3.06871006e-01 4.14277282e+00 2.71591134e-01
1.15595700e+04 1.25091460e+00 3.14570238e-01 4.14280205e+00 2.78405237e-01
1.15596700e+04 1.28106160e+00 3.22567370e-01 4.14283128e+00 2.85482993e-01
1.15597600e+04 1.31238450e+00 3.30877527e-01 4.14285759e+00 2.92837784e-01
1.15598600e+04 1.34494010e+00 3.39514219e-01 4.14288683e+00 3.00481574e-01
1.15599700e+04 1.37878790e+00 3.48493245e-01 4.14291898e+00 3.08428346e-01
1.15600600e+04 1.41399000e+00 3.57833453e-01 4.14294529e+00 3.16694772e-01
1.15601700e+04 1.45061170e+00 3.67549038e-01 4.14297745e+00 3.25293426e-01
1.15602600e+04 1.48872110e+00 3.77661227e-01 4.14300376e+00 3.34243084e-01
1.15603600e+04 1.52838900e+00 3.88186461e-01 4.14303299e+00 3.43558306e-01
1.15604700e+04 1.56968920e+00 3.99144337e-01 4.14306515e+00 3.53256435e-01
1.15605700e+04 1.61269840e+00 4.10556793e-01 4.14309438e+00 3.63356881e-01
1.15606600e+04 1.65749580e+00 4.22444858e-01 4.14312069e+00 3.73878257e-01
1.15607600e+04 1.70416310e+00 4.34828656e-01 4.14314992e+00 3.84838379e-01
1.15608600e+04 1.75278430e+00 4.47731276e-01 4.14317916e+00 3.96257678e-01
1.15609600e+04 1.80344530e+00 4.61175529e-01 4.14320839e+00 4.08156342e-01
1.15610700e+04 1.85623350e+00 4.75183835e-01 4.14324055e+00 4.20554219e-01
1.15611600e+04 1.91123700e+00 4.89781945e-01 4.14326685e+00 4.33474088e-01
1.15612600e+04 1.96854430e+00 5.04991001e-01 4.14329609e+00 4.46934672e-01
1.15613600e+04 2.02824310e+00 5.20835077e-01 4.14332532e+00 4.60957272e-01
1.15614600e+04 2.09041940e+00 5.37337008e-01 4.14335455e+00 4.75562100e-01
1.15615700e+04 2.15515630e+00 5.54518075e-01 4.14338671e+00 4.90767994e-01
1.15616700e+04 2.22253230e+00 5.72400692e-01 4.14341594e+00 5.06594783e-01
1.15617600e+04 2.29261960e+00 5.91004031e-01 4.14344225e+00 5.23059434e-01
1.15618600e+04 2.36548230e+00 6.10343541e-01 4.14347149e+00 5.40175631e-01
1.15619700e+04 2.44117370e+00 6.30433376e-01 4.14350364e+00 5.57955899e-01
1.15620600e+04 2.51973370e+00 6.51286487e-01 4.14352995e+00 5.76411687e-01
1.15621700e+04 2.60118600e+00 6.72906024e-01 4.14356211e+00 5.95545803e-01
1.15622600e+04 2.68553450e+00 6.95296166e-01 4.14358842e+00 6.15361924e-01
1.15623600e+04 2.77275960e+00 7.18449352e-01 4.14361765e+00 6.35853375e-01
1.15624700e+04 2.86281480e+00 7.42353233e-01 4.14364981e+00 6.57009227e-01
1.15625700e+04 2.95562190e+00 7.66988617e-01 4.14367904e+00 6.78812484e-01
1.15626700e+04 3.05106720e+00 7.92324527e-01 4.14370827e+00 7.01235736e-01
1.15627600e+04 3.14899730e+00 8.18321016e-01 4.14373458e+00 7.24243622e-01
1.15628600e+04 3.24921500e+00 8.44924150e-01 4.14376382e+00 7.47788420e-01
1.15629700e+04 3.35147570e+00 8.72068980e-01 4.14379597e+00 7.71812650e-01
1.15630700e+04 3.45548490e+00 8.99678878e-01 4.14382521e+00 7.96248480e-01
1.15631600e+04 3.56089550e+00 9.27661678e-01 4.14385151e+00 8.21014339e-01
1.15632600e+04 3.66730780e+00 9.55909676e-01 4.14388075e+00 8.46014918e-01
1.15633600e+04 3.77427000e+00 9.84303690e-01 4.14390998e+00 8.71144731e-01
1.15634600e+04 3.88128060e+00 1.01271056e+00 4.14393921e+00 8.96285923e-01
1.15635700e+04 3.98779290e+00 1.04098432e+00 4.14397137e+00 9.21309329e-01
1.15636700e+04 4.09322220e+00 1.06897130e+00 4.14400060e+00 9.46078915e-01
1.15637600e+04 4.19695390e+00 1.09650830e+00 4.14402691e+00 9.70450248e-01
1.15638600e+04 4.29835490e+00 1.12342564e+00 4.14405615e+00 9.94273170e-01
1.15639700e+04 4.39678590e+00 1.14955356e+00 4.14408830e+00 1.01739744e+00
1.15640600e+04 4.49161520e+00 1.17472669e+00 4.14411461e+00 1.03967668e+00
1.15641700e+04 4.58223110e+00 1.19877945e+00 4.14414677e+00 1.06096437e+00
1.15642600e+04 4.66804810e+00 1.22155953e+00 4.14417308e+00 1.08112566e+00
1.15643600e+04 4.74852360e+00 1.24292048e+00 4.14420231e+00 1.10003100e+00
1.15644700e+04 4.82318280e+00 1.26273623e+00 4.14423447e+00 1.11756878e+00
1.15645600e+04 4.89163170e+00 1.28090452e+00 4.14426078e+00 1.13364849e+00
1.15646700e+04 4.95356520e+00 1.29734120e+00 4.14429293e+00 1.14819567e+00
1.15647600e+04 5.00877250e+00 1.31199342e+00 4.14431924e+00 1.16116353e+00
1.15648600e+04 5.05713780e+00 1.32482810e+00 4.14434848e+00 1.17252280e+00
1.15649700e+04 5.09863850e+00 1.33583921e+00 4.14438063e+00 1.18226817e+00
1.15650700e+04 5.13333870e+00 1.34504536e+00 4.14440987e+00 1.19041606e+00
1.15651600e+04 5.16138370e+00 1.35248513e+00 4.14443618e+00 1.19700063e+00
1.15652600e+04 5.18299070e+00 1.35821462e+00 4.14446541e+00 1.20207155e+00
1.15653600e+04 5.19843820e+00 1.36230857e+00 4.14449464e+00 1.20569496e+00
1.15654600e+04 5.20805410e+00 1.36485404e+00 4.14452387e+00 1.20794790e+00
1.15655700e+04 5.21220430e+00 1.36594741e+00 4.14455603e+00 1.20891569e+00
1.15656600e+04 5.21128080e+00 1.36569512e+00 4.14458234e+00 1.20869250e+00
1.15657600e+04 5.20569200e+00 1.36420326e+00 4.14461157e+00 1.20737225e+00
1.15658600e+04 5.19585210e+00 1.36158259e+00 4.14464081e+00 1.20505297e+00
1.15659600e+04 5.18217340e+00 1.35794261e+00 4.14467004e+00 1.20183154e+00
1.15660700e+04 5.16505940e+00 1.35338965e+00 4.14470220e+00 1.19780212e+00
1.15661700e+04 5.14489930e+00 1.34802865e+00 4.14473143e+00 1.19305753e+00
1.15662600e+04 5.12206370e+00 1.34195800e+00 4.14475774e+00 1.18768486e+00
1.15663600e+04 5.09690180e+00 1.33526886e+00 4.14478697e+00 1.18176481e+00
1.15664700e+04 5.06973980e+00 1.32804784e+00 4.14481913e+00 1.17537404e+00
1.15665600e+04 5.04087960e+00 1.32037747e+00 4.14484544e+00 1.16858555e+00
1.15666700e+04 5.01059910e+00 1.31232839e+00 4.14487759e+00 1.16146192e+00
1.15667600e+04 4.97915240e+00 1.30397122e+00 4.14490390e+00 1.15406558e+00
1.15668600e+04 4.94677070e+00 1.29536499e+00 4.14493314e+00 1.14644883e+00
1.15669700e+04 4.91366350e+00 1.28656533e+00 4.14496529e+00 1.13866090e+00
1.15670700e+04 4.88002020e+00 1.27762410e+00 4.14499453e+00 1.13074766e+00
1.15671700e+04 4.84601140e+00 1.26858583e+00 4.14502376e+00 1.12274853e+00
1.15672600e+04 4.81179030e+00 1.25949197e+00 4.14505007e+00 1.11470019e+00
1.15673600e+04 4.77749450e+00 1.25037748e+00 4.14507930e+00 1.10663361e+00
1.15674700e+04 4.74324720e+00 1.24127509e+00 4.14511146e+00 1.09857774e+00
1.15675700e+04 4.70915870e+00 1.23221565e+00 4.14514069e+00 1.09055987e+00
1.15676600e+04 4.67532730e+00 1.22322527e+00 4.14516700e+00 1.08260311e+00
1.15677600e+04 4.64184090e+00 1.21432571e+00 4.14519623e+00 1.07472673e+00
1.15678600e+04 4.60877770e+00 1.20553852e+00 4.14522547e+00 1.06694981e+00
1.15679600e+04 4.57620690e+00 1.19688208e+00 4.14525470e+00 1.05928861e+00
1.15680700e+04 4.54418980e+00 1.18837188e+00 4.14528686e+00 1.05175684e+00
1.15681700e+04 4.51278040e+00 1.18002382e+00 4.14531609e+00 1.04436857e+00
1.15682600e+04 4.48202600e+00 1.17185048e+00 4.14534240e+00 1.03713491e+00
1.15683600e+04 4.45196750e+00 1.16386113e+00 4.14537163e+00 1.03006411e+00
1.15684700e+04 4.42264000e+00 1.15606511e+00 4.14540379e+00 1.02316441e+00
1.15685600e+04 4.39407350e+00 1.14847272e+00 4.14543010e+00 1.01644492e+00
1.15686700e+04 4.36629280e+00 1.14108742e+00 4.14546225e+00 1.00990872e+00
1.15687600e+04 4.33931800e+00 1.13391768e+00 4.14548856e+00 1.00356329e+00
1.15688600e+04 4.31316470e+00 1.12696529e+00 4.14551780e+00 9.97410230e-01
1.15689700e+04 4.28784460e+00 1.12023335e+00 4.14554995e+00 9.91452288e-01
1.15690600e+04 4.26336540e+00 1.11372628e+00 4.14557626e+00 9.85693335e-01
1.15691700e+04 4.23973100e+00 1.10744195e+00 4.14560842e+00 9.80131542e-01
1.15692600e+04 4.21694220e+00 1.10138373e+00 4.14563473e+00 9.74769842e-01
1.15693600e+04 4.19499630e+00 1.09554853e+00 4.14566396e+00 9.69605542e-01
1.15694700e+04 4.17388770e+00 1.08993489e+00 4.14569612e+00 9.64637325e-01
1.15695700e+04 4.15360810e+00 1.08454215e+00 4.14572535e+00 9.59864615e-01
1.15696600e+04 4.13414660e+00 1.07936743e+00 4.14575166e+00 9.55284850e-01
1.15697600e+04 4.11548980e+00 1.07440560e+00 4.14578089e+00 9.50893507e-01
1.15698600e+04 4.09762220e+00 1.06965333e+00 4.14581013e+00 9.46687630e-01
1.15699600e+04 4.08052660e+00 1.06510604e+00 4.14583936e+00 9.42663178e-01
1.15700700e+04 4.06418350e+00 1.06075779e+00 4.14587152e+00 9.38814881e-01
1.15701600e+04 4.04857250e+00 1.05660550e+00 4.14589783e+00 9.35140006e-01
1.15702600e+04 4.03367130e+00 1.05264090e+00 4.14592706e+00 9.31631251e-01
1.15703600e+04 4.01945700e+00 1.04885870e+00 4.14595629e+00 9.28283921e-01
1.15704700e+04 4.00590540e+00 1.04525167e+00 4.14598845e+00 9.25091643e-01
1.15705700e+04 3.99299200e+00 1.04181490e+00 4.14601768e+00 9.22050032e-01
1.15706700e+04 3.98069150e+00 1.03854087e+00 4.14604691e+00 9.19152457e-01
1.15707600e+04 3.96897870e+00 1.03542367e+00 4.14607322e+00 9.16393682e-01
1.15708600e+04 3.95782820e+00 1.03245500e+00 4.14610246e+00 9.13766364e-01
1.15709700e+04 3.94721490e+00 1.02962819e+00 4.14613461e+00 9.11264604e-01
1.15710600e+04 3.93711430e+00 1.02693909e+00 4.14616092e+00 9.08884706e-01
1.15711700e+04 3.92750240e+00 1.02437818e+00 4.14619308e+00 9.06618281e-01
1.15712600e+04 3.91835590e+00 1.02194243e+00 4.14621939e+00 9.04462602e-01
1.15713600e+04 3.90965300e+00 1.01962367e+00 4.14624862e+00 9.02410485e-01
1.15714700e+04 3.90137280e+00 1.01741637e+00 4.14628078e+00 9.00457017e-01
1.15715700e+04 3.89349590e+00 1.01531695e+00 4.14631001e+00 8.98599015e-01
1.15716700e+04 3.88600430e+00 1.01331983e+00 4.14633924e+00 8.96831561e-01
1.15717600e+04 3.87888190e+00 1.01142154e+00 4.14636555e+00 8.95151559e-01
1.15718600e+04 3.87211420e+00 1.00961664e+00 4.14639479e+00 8.93554226e-01
1.15719700e+04 3.86568850e+00 1.00790177e+00 4.14642694e+00 8.92036577e-01
1.15720700e+04 3.85959380e+00 1.00627558e+00 4.14645618e+00 8.90597403e-01
1.15721600e+04 3.85382130e+00 1.00473573e+00 4.14648249e+00 8.89234636e-01
1.15722600e+04 3.84836350e+00 1.00327865e+00 4.14651172e+00 8.87945138e-01
1.15723600e+04 3.84321520e+00 1.00190376e+00 4.14654095e+00 8.86728374e-01
1.15724600e+04 3.83837240e+00 1.00060998e+00 4.14657019e+00 8.85583405e-01
1.15725700e+04 3.83383290e+00 9.99395959e-01 4.14660234e+00 8.84509025e-01
1.15726700e+04 3.82959580e+00 9.98263017e-01 4.14663157e+00 8.83506400e-01
1.15727600e+04 3.82566160e+00 9.97211291e-01 4.14665788e+00 8.82575645e-01
1.15728600e+04 3.82203170e+00 9.96239580e-01 4.14668712e+00 8.81715715e-01
1.15729700e+04 3.81870850e+00 9.95348523e-01 4.14671927e+00 8.80927175e-01
1.15730600e+04 3.81569490e+00 9.94541245e-01 4.14674558e+00 8.80212768e-01
1.15731700e+04 3.81299440e+00 9.93815535e-01 4.14677774e+00 8.79570566e-01
1.15732600e+04 3.81061070e+00 9.93175516e-01 4.14680405e+00 8.79004189e-01
1.15733600e+04 3.80854750e+00 9.92619814e-01 4.14683328e+00 8.78512445e-01
1.15734700e+04 3.80680830e+00 9.92149359e-01 4.14686544e+00 8.78096156e-01
1.15735600e+04 3.80539620e+00 9.91767330e-01 4.14689175e+00 8.77758112e-01
1.15736700e+04 3.80431370e+00 9.91471250e-01 4.14692390e+00 8.77496152e-01
1.15737600e+04 3.80356250e+00 9.91264712e-01 4.14695021e+00 8.77313425e-01
1.15738600e+04 3.80314350e+00 9.91145598e-01 4.14697945e+00 8.77208080e-01
1.15739700e+04 3.80305630e+00 9.91113801e-01 4.14701160e+00 8.77180023e-01
1.15740700e+04 3.80329940e+00 9.91170495e-01 4.14704084e+00 8.77230276e-01
1.15741600e+04 3.80387010e+00 9.91314964e-01 4.14706715e+00 8.77358206e-01
1.15742600e+04 3.80476430e+00 9.91544546e-01 4.14709638e+00 8.77561472e-01
1.15743600e+04 3.80597620e+00 9.91858487e-01 4.14712561e+00 8.77839401e-01
1.15744600e+04 3.80749890e+00 9.92254956e-01 4.14715485e+00 8.78190370e-01
1.15745700e+04 3.80932380e+00 9.92730883e-01 4.14718700e+00 8.78611671e-01
1.15746700e+04 3.81144100e+00 9.93285211e-01 4.14721623e+00 8.79102353e-01
1.15747600e+04 3.81383910e+00 9.93914912e-01 4.14724254e+00 8.79659735e-01
1.15748600e+04 3.81650530e+00 9.94615017e-01 4.14727178e+00 8.80279436e-01
1.15749700e+04 3.81942560e+00 9.95381807e-01 4.14730393e+00 8.80958165e-01
1.15750700e+04 3.82258480e+00 9.96212819e-01 4.14733317e+00 8.81693725e-01
1.15751700e+04 3.82596680e+00 9.97102991e-01 4.14736240e+00 8.82481645e-01
1.15752600e+04 3.82955410e+00 9.98048463e-01 4.14738871e+00 8.83318499e-01
1.15753600e+04 3.83332900e+00 9.99042962e-01 4.14741794e+00 8.84198754e-01
1.15754700e+04 3.83727250e+00 1.00008145e+00 4.14745010e+00 8.85117943e-01
1.15755600e+04 3.84136560e+00 1.00116122e+00 4.14747641e+00 8.86073665e-01
1.15756700e+04 3.84558870e+00 1.00227395e+00 4.14750856e+00 8.87058563e-01
1.15757600e+04 3.84992190e+00 1.00341748e+00 4.14753487e+00 8.88070711e-01
1.15758600e+04 3.85434540e+00 1.00458420e+00 4.14756411e+00 8.89103393e-01
1.15759700e+04 3.85883940e+00 1.00576886e+00 4.14759626e+00 8.90151955e-01
1.15760700e+04 3.86338420e+00 1.00696779e+00 4.14762550e+00 8.91213143e-01
1.15761700e+04 3.86796080e+00 1.00817517e+00 4.14765473e+00 8.92281805e-01
1.15762600e+04 3.87255010e+00 1.00938671e+00 4.14768104e+00 8.93354139e-01
1.15763600e+04 3.87713410e+00 1.01059605e+00 4.14771027e+00 8.94424540e-01
1.15764700e+04 3.88169500e+00 1.01179847e+00 4.14774243e+00 8.95488826e-01
1.15765700e+04 3.88621600e+00 1.01299108e+00 4.14777166e+00 8.96544422e-01
1.15766600e+04 3.89068090e+00 1.01416958e+00 4.14779797e+00 8.97587522e-01
1.15767600e+04 3.89507440e+00 1.01532834e+00 4.14782720e+00 8.98613155e-01
1.15768600e+04 3.89938190e+00 1.01646426e+00 4.14785644e+00 8.99618577e-01
1.15769600e+04 3.90358980e+00 1.01757374e+00 4.14788567e+00 9.00600593e-01
1.15770700e+04 3.90768520e+00 1.01865256e+00 4.14791783e+00 9.01555483e-01
1.15771700e+04 3.91165610e+00 1.01969910e+00 4.14794706e+00 9.02481802e-01
1.15772600e+04 3.91549140e+00 1.02071042e+00 4.14797337e+00 9.03376942e-01
1.15773600e+04 3.91918050e+00 1.02168214e+00 4.14800260e+00 9.04237036e-01
1.15774700e+04 3.92271390e+00 1.02261173e+00 4.14803476e+00 9.05059852e-01
1.15775600e+04 3.92608250e+00 1.02349913e+00 4.14806107e+00 9.05845314e-01
1.15776700e+04 3.92927810e+00 1.02433902e+00 4.14809322e+00 9.06588744e-01
1.15777600e+04 3.93229300e+00 1.02513250e+00 4.14811953e+00 9.07291084e-01
1.15778600e+04 3.93512030e+00 1.02587538e+00 4.14814877e+00 9.07948649e-01
1.15779700e+04 3.93775330e+00 1.02656589e+00 4.14818092e+00 9.08559864e-01
1.15780600e+04 3.94018620e+00 1.02720483e+00 4.14820723e+00 9.09125429e-01
1.15781700e+04 3.94241370e+00 1.02778766e+00 4.14823939e+00 9.09641348e-01
1.15782600e+04 3.94443080e+00 1.02831619e+00 4.14826570e+00 9.10109197e-01
1.15783600e+04 3.94623330e+00 1.02878696e+00 4.14829493e+00 9.10525926e-01
1.15784700e+04 3.94781720e+00 1.02919889e+00 4.14832709e+00 9.10890594e-01
1.15785700e+04 3.94917940e+00 1.02955274e+00 4.14835632e+00 9.11203848e-01
1.15786600e+04 3.95031700e+00 1.02984774e+00 4.14838263e+00 9.11465007e-01
1.15787600e+04 3.95122780e+00 1.03008173e+00 4.14841186e+00 9.11672179e-01
1.15788600e+04 3.95191030e+00 1.03025510e+00 4.14844110e+00 9.11825699e-01
1.15789600e+04 3.95236340e+00 1.03036755e+00 4.14847033e+00 9.11925307e-01
1.15790700e+04 3.95258680e+00 1.03041823e+00 4.14850249e+00 9.11970246e-01
1.15791700e+04 3.95258080e+00 1.03040878e+00 4.14853172e+00 9.11961962e-01
1.15792600e+04 3.95234660e+00 1.03033952e+00 4.14855803e+00 9.11900737e-01
1.15793600e+04 3.95188580e+00 1.03020931e+00 4.14858726e+00 9.11785571e-01
1.15794700e+04 3.95120110e+00 1.03001886e+00 4.14861942e+00 9.11617099e-01
1.15795700e+04 3.95029580e+00 1.02977062e+00 4.14864865e+00 9.11397471e-01
1.15796700e+04 3.94917420e+00 1.02946494e+00 4.14867789e+00 9.11127012e-01
1.15797600e+04 3.94784120e+00 1.02910391e+00 4.14870419e+00 9.10807558e-01
1.15798600e+04 3.94630270e+00 1.02868754e+00 4.14873343e+00 9.10439123e-01
1.15799700e+04 3.94456550e+00 1.02821761e+00 4.14876558e+00 9.10023304e-01
1.15800600e+04 3.94263710e+00 1.02769849e+00 4.14879189e+00 9.09563927e-01
1.15801700e+04 3.94052580e+00 1.02712923e+00 4.14882405e+00 9.09060191e-01
1.15802600e+04 3.93824090e+00 1.02651545e+00 4.14885036e+00 9.08517032e-01
1.15803600e+04 3.93579230e+00 1.02585741e+00 4.14887959e+00 9.07934715e-01
1.15804700e+04 3.93319080e+00 1.02515799e+00 4.14891175e+00 9.07315778e-01
1.15805700e+04 3.93044760e+00 1.02442172e+00 4.14894098e+00 9.06664227e-01
1.15806600e+04 3.92757480e+00 1.02365183e+00 4.14896729e+00 9.05982906e-01
1.15807600e+04 3.92458500e+00 1.02285009e+00 4.14899653e+00 9.05273402e-01
1.15808600e+04 3.92149120e+00 1.02202073e+00 4.14902576e+00 9.04539457e-01
1.15809600e+04 3.91830700e+00 1.02116737e+00 4.14905499e+00 9.03784266e-01
1.15810700e+04 3.91504630e+00 1.02029291e+00 4.14908715e+00 9.03010410e-01
1.15811600e+04 3.91172320e+00 1.01940345e+00 4.14911346e+00 9.02223265e-01
1.15812600e+04 3.90835210e+00 1.01850045e+00 4.14914269e+00 9.01424151e-01
1.15813600e+04 3.90494740e+00 1.01758854e+00 4.14917192e+00 9.00617140e-01
1.15814600e+04 3.90152370e+00 1.01667158e+00 4.14920116e+00 8.99805665e-01
1.15815700e+04 3.89809550e+00 1.01575265e+00 4.14923331e+00 8.98992444e-01
1.15816700e+04 3.89467690e+00 1.01483704e+00 4.14926255e+00 8.98182167e-01
1.15817600e+04 3.89128230e+00 1.01392860e+00 4.14928886e+00 8.97378217e-01
1.15818600e+04 3.88792550e+00 1.01302940e+00 4.14931809e+00 8.96582463e-01
1.15819700e+04 3.88462000e+00 1.01214305e+00 4.14935024e+00 8.95798077e-01
1.15820600e+04 3.88137900e+00 1.01127539e+00 4.14937655e+00 8.95030224e-01
1.15821700e+04 3.87821520e+00 1.01042665e+00 4.14940871e+00 8.94279139e-01
1.15822600e+04 3.87514080e+00 1.00960323e+00 4.14943502e+00 8.93550439e-01
1.15823600e+04 3.87216740e+00 1.00880584e+00 4.14946425e+00 8.92844786e-01
1.15824700e+04 3.86930620e+00 1.00803746e+00 4.14949641e+00 8.92164815e-01
1.15825600e+04 3.86656760e+00 1.00730321e+00 4.14952272e+00 8.91515030e-01
1.15826700e+04 3.86396160e+00 1.00660259e+00 4.14955488e+00 8.90895032e-01
1.15827600e+04 3.86149720e+00 1.00594114e+00 4.14958119e+00 8.90309687e-01
1.15828600e+04 3.85918320e+00 1.00531884e+00 4.14961042e+00 8.89758999e-01
1.15829700e+04 3.85702730e+00 1.00473774e+00 4.14964257e+00 8.89244779e-01
1.15830700e+04 3.85503690e+00 1.00420137e+00 4.14967181e+00 8.88770140e-01
1.15831600e+04 3.85321830e+00 1.00371140e+00 4.14969812e+00 8.88336564e-01
1.15832600e+04 3.85157760e+00 1.00326789e+00 4.14972735e+00 8.87944107e-01
1.15833600e+04 3.85011990e+00 1.00287297e+00 4.14975658e+00 8.87594658e-01
1.15834600e+04 3.84884980e+00 1.00252786e+00 4.14978582e+00 8.87289296e-01
1.15835700e+04 3.84777130e+00 1.00223284e+00 4.14981797e+00 8.87028275e-01
1.15836700e+04 3.84688760e+00 1.00199033e+00 4.14984721e+00 8.86813721e-01
1.15837600e+04 3.84620160e+00 1.00180111e+00 4.14987352e+00 8.86646315e-01
1.15838600e+04 3.84571540e+00 1.00166415e+00 4.14990275e+00 8.86525178e-01
1.15839700e+04 3.84543060e+00 1.00157988e+00 4.14993490e+00 8.86450683e-01
1.15840700e+04 3.84534830e+00 1.00155017e+00 4.14996414e+00 8.86424465e-01
1.15841700e+04 3.84546930e+00 1.00157445e+00 4.14999337e+00 8.86446025e-01
1.15842600e+04 3.84579370e+00 1.00165351e+00 4.15001968e+00 8.86516074e-01
1.15843600e+04 3.84632130e+00 1.00178575e+00 4.15004891e+00 8.86633189e-01
1.15844700e+04 3.84705150e+00 1.00197100e+00 4.15008107e+00 8.86797229e-01
1.15845600e+04 3.84798320e+00 1.00221133e+00 4.15010738e+00 8.87009999e-01
1.15846700e+04 3.84911530e+00 1.00250329e+00 4.15013954e+00 8.87268489e-01
1.15847600e+04 3.85044620e+00 1.00284962e+00 4.15016585e+00 8.87575075e-01
1.15848600e+04 3.85197390e+00 1.00324742e+00 4.15019508e+00 8.87927224e-01
1.15849700e+04 3.85369650e+00 1.00369618e+00 4.15022723e+00 8.88324488e-01
1.15850700e+04 3.85561180e+00 1.00419690e+00 4.15025647e+00 8.88767726e-01
1.15851600e+04 3.85771720e+00 1.00474888e+00 4.15028278e+00 8.89256327e-01
1.15852600e+04 3.86001040e+00 1.00534994e+00 4.15031201e+00 8.89788376e-01
1.15853600e+04 3.86248870e+00 1.00600015e+00 4.15034124e+00 8.90363925e-01
1.15854600e+04 3.86514930e+00 1.00669877e+00 4.15037048e+00 8.90982316e-01
1.15855700e+04 3.86798960e+00 1.00744431e+00 4.15040263e+00 8.91642251e-01
1.15856600e+04 3.87100670e+00 1.00823838e+00 4.15042894e+00 8.92345112e-01
1.15857600e+04 3.87419800e+00 1.00907791e+00 4.15045818e+00 8.93088223e-01
1.15858600e+04 3.87756050e+00 1.00996291e+00 4.15048741e+00 8.93871569e-01
1.15859600e+04 3.88109180e+00 1.01089272e+00 4.15051664e+00 8.94694584e-01
1.15860700e+04 3.88478900e+00 1.01186581e+00 4.15054880e+00 8.95555900e-01
1.15861700e+04 3.88864960e+00 1.01288306e+00 4.15057803e+00 8.96456304e-01
1.15862600e+04 3.89267120e+00 1.01394385e+00 4.15060434e+00 8.97395233e-01
1.15863600e+04 3.89685140e+00 1.01504597e+00 4.15063357e+00 8.98370747e-01
1.15864700e+04 3.90118800e+00 1.01618884e+00 4.15066573e+00 8.99382329e-01
1.15865600e+04 3.90567880e+00 1.01737422e+00 4.15069204e+00 9.00431524e-01
1.15866700e+04 3.91032190e+00 1.01859847e+00 4.15072420e+00 9.01515137e-01
1.15867600e+04 3.91511530e+00 1.01986420e+00 4.15075051e+00 9.02635448e-01
1.15868600e+04 3.92005750e+00 1.02116865e+00 4.15077974e+00 9.03790040e-01
1.15869700e+04 3.92514670e+00 1.02251135e+00 4.15081190e+00 9.04978492e-01
1.15870600e+04 3.93038170e+00 1.02389434e+00 4.15083820e+00 9.06202583e-01
1.15871700e+04 3.93576090e+00 1.02531405e+00 4.15087036e+00 9.07459188e-01
1.15872600e+04 3.94128330e+00 1.02677335e+00 4.15089667e+00 9.08750822e-01
1.15873600e+04 3.94694760e+00 1.02826955e+00 4.15092590e+00 9.10075117e-01
1.15874700e+04 3.95275270e+00 1.02980234e+00 4.15095806e+00 9.11431813e-01
1.15875700e+04 3.95869770e+00 1.03137307e+00 4.15098729e+00 9.12822076e-01
1.15876600e+04 3.96478130e+00 1.03298139e+00 4.15101360e+00 9.14245598e-01
1.15877600e+04 3.97100270e+00 1.03462552e+00 4.15104284e+00 9.15700818e-01
1.15878600e+04 3.97736050e+00 1.03630586e+00 4.15107207e+00 9.17188093e-01
1.15879600e+04 3.98385360e+00 1.03802213e+00 4.15110130e+00 9.18707165e-01
1.15880700e+04 3.99048050e+00 1.03977314e+00 4.15113346e+00 9.20256995e-01
1.15881700e+04 3.99723960e+00 1.04156004e+00 4.15116269e+00 9.21838581e-01
1.15882600e+04 4.00412900e+00 1.04338232e+00 4.15118900e+00 9.23451476e-01
1.15883600e+04 4.01114650e+00 1.04523783e+00 4.15121823e+00 9.25093789e-01
1.15884700e+04 4.01828960e+00 1.04712591e+00 4.15125039e+00 9.26764933e-01
1.15885700e+04 4.02555550e+00 1.04904738e+00 4.15127962e+00 9.28465623e-01
1.15886700e+04 4.03294070e+00 1.05100053e+00 4.15130886e+00 9.30194350e-01
1.15887600e+04 4.04044130e+00 1.05298511e+00 4.15133517e+00 9.31950885e-01
1.15888600e+04 4.04805310e+00 1.05499843e+00 4.15136440e+00 9.33732867e-01
1.15889700e+04 4.05577110e+00 1.05703916e+00 4.15139656e+00 9.35539119e-01
1.15890600e+04 4.06358970e+00 1.05910818e+00 4.15142287e+00 9.37370389e-01
1.15891700e+04 4.07150270e+00 1.06120069e+00 4.15145502e+00 9.39222469e-01
1.15892600e+04 4.07950340e+00 1.06331806e+00 4.15148133e+00 9.41096534e-01
1.15893600e+04 4.08758420e+00 1.06545591e+00 4.15151056e+00 9.42988737e-01
1.15894700e+04 4.09573680e+00 1.06761205e+00 4.15154272e+00 9.44897127e-01
1.15895700e+04 4.10395250e+00 1.06978572e+00 4.15157195e+00 9.46821034e-01
1.15896600e+04 4.11222160e+00 1.07197436e+00 4.15159826e+00 9.48758177e-01
1.15897600e+04 4.12053390e+00 1.07417368e+00 4.15162750e+00 9.50704786e-01
1.15898600e+04 4.12887830e+00 1.07638153e+00 4.15165673e+00 9.52658940e-01
1.15899600e+04 4.13724340e+00 1.07859487e+00 4.15168596e+00 9.54617958e-01
1.15900700e+04 4.14561690e+00 1.08080966e+00 4.15171812e+00 9.56578264e-01
1.15901600e+04 4.15398590e+00 1.08302483e+00 4.15174443e+00 9.58538887e-01
1.15902600e+04 4.16233730e+00 1.08523453e+00 4.15177366e+00 9.60494687e-01
1.15903600e+04 4.17065720e+00 1.08743588e+00 4.15180289e+00 9.62443084e-01
1.15904600e+04 4.17893130e+00 1.08962506e+00 4.15183213e+00 9.64380718e-01
1.15905700e+04 4.18714530e+00 1.09179749e+00 4.15186428e+00 9.66303542e-01
1.15906700e+04 4.19528410e+00 1.09395075e+00 4.15189352e+00 9.68209380e-01
1.15907600e+04 4.20333290e+00 1.09608089e+00 4.15191983e+00 9.70094754e-01
1.15908600e+04 4.21127650e+00 1.09818231e+00 4.15194906e+00 9.71954718e-01
1.15909700e+04 4.21909980e+00 1.10025100e+00 4.15198122e+00 9.73785724e-01
1.15910600e+04 4.22678780e+00 1.10228534e+00 4.15200753e+00 9.75586307e-01
1.15911700e+04 4.23432540e+00 1.10427817e+00 4.15203968e+00 9.77350171e-01
1.15912600e+04 4.24169830e+00 1.10622884e+00 4.15206599e+00 9.79076703e-01
1.15913600e+04 4.24889200e+00 1.10813114e+00 4.15209522e+00 9.80760434e-01
1.15914700e+04 4.25589290e+00 1.10998146e+00 4.15212738e+00 9.82398169e-01
1.15915700e+04 4.26268770e+00 1.11177784e+00 4.15215661e+00 9.83988154e-01
1.15916700e+04 4.26926390e+00 1.11351617e+00 4.15218585e+00 9.85526767e-01
1.15917600e+04 4.27560970e+00 1.11519412e+00 4.15221216e+00 9.87011920e-01
1.15918600e+04 4.28171400e+00 1.11680715e+00 4.15224139e+00 9.88439631e-01
1.15919700e+04 4.28756670e+00 1.11835258e+00 4.15227355e+00 9.89807527e-01
1.15920700e+04 4.29315860e+00 1.11982955e+00 4.15230278e+00 9.91114820e-01
1.15921600e+04 4.29848150e+00 1.12123588e+00 4.15232909e+00 9.92359581e-01
1.15922600e+04 4.30352840e+00 1.12256814e+00 4.15235832e+00 9.93538792e-01
1.15923600e+04 4.30829330e+00 1.12382551e+00 4.15238755e+00 9.94651730e-01
1.15924600e+04 4.31277120e+00 1.12500668e+00 4.15241679e+00 9.95697221e-01
1.15925700e+04 4.31695830e+00 1.12610985e+00 4.15244894e+00 9.96673683e-01
1.15926700e+04 4.32085210e+00 1.12713592e+00 4.15247818e+00 9.97581904e-01
1.15927600e+04 4.32445110e+00 1.12808450e+00 4.15250449e+00 9.98421530e-01
1.15928600e+04 4.32775490e+00 1.12895391e+00 4.15253372e+00 9.99191094e-01
1.15929700e+04 4.33076430e+00 1.12974436e+00 4.15256588e+00 9.99890784e-01
1.15930700e+04 4.33348100e+00 1.13045787e+00 4.15259511e+00 1.00052237e+00
1.15931700e+04 4.33590790e+00 1.13109443e+00 4.15262434e+00 1.00108586e+00
1.15932600e+04 4.33804890e+00 1.13165587e+00 4.15265065e+00 1.00158284e+00
1.15933600e+04 4.33990850e+00 1.13214179e+00 4.15267988e+00 1.00201300e+00
1.15934700e+04 4.34149250e+00 1.13255375e+00 4.15271204e+00 1.00237770e+00
1.15935600e+04 4.34280710e+00 1.13289575e+00 4.15273835e+00 1.00268047e+00
1.15936700e+04 4.34385950e+00 1.13316655e+00 4.15277051e+00 1.00292024e+00
1.15937600e+04 4.34465730e+00 1.13337132e+00 4.15279682e+00 1.00310156e+00
1.15938600e+04 4.34520890e+00 1.13350993e+00 4.15282605e+00 1.00322432e+00
1.15939700e+04 4.34552300e+00 1.13358470e+00 4.15285821e+00 1.00329059e+00
1.15940700e+04 4.34560350e+00 1.13359822e+00 4.15288744e+00 1.00330264e+00
1.15941600e+04 4.34543880e+00 1.13354741e+00 4.15291375e+00 1.00325775e+00
1.15942600e+04 4.34497640e+00 1.13341677e+00 4.15294298e+00 1.00314222e+00
1.15943600e+04 4.34429400e+00 1.13322772e+00 4.15297221e+00 1.00297498e+00
1.15944600e+04 4.34348290e+00 1.13300449e+00 4.15300145e+00 1.00277749e+00
1.15945700e+04 4.34259760e+00 1.13276077e+00 4.15303360e+00 1.00256189e+00
1.15946600e+04 4.34161310e+00 1.13249228e+00 4.15305991e+00 1.00232434e+00
1.15947600e+04 4.34040640e+00 1.13216401e+00 4.15308915e+00 1.00203388e+00
1.15948600e+04 4.33899600e+00 1.13178165e+00 4.15311838e+00 1.00169555e+00
1.15949600e+04 4.33745410e+00 1.13136437e+00 4.15314761e+00 1.00132632e+00
1.15954700e+04 4.32824290e+00 1.12887843e+00 4.15329670e+00 9.99126563e-01
1.15959700e+04 4.31696490e+00 1.12584448e+00 4.15344287e+00 9.96441765e-01
1.15964700e+04 4.30460560e+00 1.12252341e+00 4.15358903e+00 9.93502845e-01
1.15969600e+04 4.29196850e+00 1.11912936e+00 4.15373227e+00 9.90499324e-01
1.15974700e+04 4.27967700e+00 1.11582551e+00 4.15388136e+00 9.87575646e-01
1.15979700e+04 4.26817900e+00 1.11273314e+00 4.15402753e+00 9.84839135e-01
1.15984700e+04 4.25774770e+00 1.10992402e+00 4.15417369e+00 9.82353310e-01
1.15989600e+04 4.24848330e+00 1.10742553e+00 4.15431693e+00 9.80142405e-01
1.15994600e+04 4.24032430e+00 1.10521977e+00 4.15446310e+00 9.78190595e-01
1.15999700e+04 4.23307520e+00 1.10325484e+00 4.15461219e+00 9.76451934e-01
1.16004700e+04 4.22645070e+00 1.10145654e+00 4.15475835e+00 9.74860748e-01
1.16009700e+04 4.22013020e+00 1.09973896e+00 4.15490452e+00 9.73341005e-01
1.16014600e+04 4.21381550e+00 1.09802371e+00 4.15504776e+00 9.71823310e-01
1.16019700e+04 4.20728350e+00 1.09624919e+00 4.15519685e+00 9.70253172e-01
1.16024700e+04 4.20042860e+00 1.09438972e+00 4.15534301e+00 9.68607833e-01
1.16029700e+04 4.19328880e+00 1.09245459e+00 4.15548918e+00 9.66895538e-01
1.16034600e+04 4.18605220e+00 1.09049454e+00 4.15563242e+00 9.65161178e-01
1.16039600e+04 4.17904020e+00 1.08859335e+00 4.15577858e+00 9.63478915e-01
1.16044700e+04 4.17266930e+00 1.08686161e+00 4.15592767e+00 9.61946630e-01
1.16049700e+04 4.16739910e+00 1.08542292e+00 4.15607384e+00 9.60673711e-01
1.16054700e+04 4.16367750e+00 1.08439544e+00 4.15622000e+00 9.59764733e-01
1.16059600e+04 4.16189590e+00 1.08388387e+00 4.15636324e+00 9.59312369e-01
1.16064700e+04 4.16236250e+00 1.08396770e+00 4.15651233e+00 9.59386989e-01
1.16069700e+04 4.16529530e+00 1.08470717e+00 4.15665850e+00 9.60041889e-01
1.16074700e+04 4.17082880e+00 1.08613720e+00 4.15680466e+00 9.61307991e-01
1.16079600e+04 4.17902770e+00 1.08827578e+00 4.15694790e+00 9.63201189e-01
1.16084700e+04 4.18989850e+00 1.09112225e+00 4.15709699e+00 9.65720950e-01
1.16089700e+04 4.20339420e+00 1.09466651e+00 4.15724316e+00 9.68858290e-01
1.16094700e+04 4.21941450e+00 1.09888113e+00 4.15738932e+00 9.72588952e-01
1.16099700e+04 4.23780370e+00 1.10372476e+00 4.15753549e+00 9.76876343e-01
1.16104600e+04 4.25835160e+00 1.10914239e+00 4.15767873e+00 9.81671752e-01
1.16109700e+04 4.28079960e+00 1.11506298e+00 4.15782782e+00 9.86912344e-01
1.16114700e+04 4.30484820e+00 1.12140936e+00 4.15797398e+00 9.92529793e-01
1.16119700e+04 4.33016340e+00 1.12809207e+00 4.15812015e+00 9.98444916e-01
1.16124600e+04 4.35637740e+00 1.13501423e+00 4.15826339e+00 1.00457196e+00
1.16129700e+04 4.38308450e+00 1.14206575e+00 4.15841248e+00 1.01081353e+00
1.16134700e+04 4.40983620e+00 1.14912989e+00 4.15855864e+00 1.01706627e+00
1.16139700e+04 4.43614310e+00 1.15607593e+00 4.15870481e+00 1.02321448e+00
1.16144600e+04 4.46148620e+00 1.16276683e+00 4.15884805e+00 1.02913687e+00
1.16149600e+04 4.48533930e+00 1.16906131e+00 4.15899422e+00 1.03470841e+00
1.16154700e+04 4.50720000e+00 1.17482595e+00 4.15914330e+00 1.03981102e+00
1.16159700e+04 4.52662110e+00 1.17994359e+00 4.15928947e+00 1.04434098e+00
1.16164700e+04 4.54324050e+00 1.18431729e+00 4.15943563e+00 1.04821249e+00
1.16169600e+04 4.55680230e+00 1.18787988e+00 4.15957888e+00 1.05136611e+00
1.16174700e+04 4.56716940e+00 1.19059261e+00 4.15972796e+00 1.05376755e+00
1.16179700e+04 4.57432590e+00 1.19245361e+00 4.15987413e+00 1.05541514e+00
1.16184700e+04 4.57836910e+00 1.19348792e+00 4.16002029e+00 1.05633105e+00
1.16189600e+04 4.57949190e+00 1.19374757e+00 4.16016354e+00 1.05656131e+00
1.16194600e+04 4.57795910e+00 1.19330128e+00 4.16030970e+00 1.05616676e+00
1.16199700e+04 4.57407880e+00 1.19223087e+00 4.16045879e+00 1.05521983e+00
1.16204700e+04 4.56817570e+00 1.19062412e+00 4.16060495e+00 1.05379819e+00
1.16209700e+04 4.56056780e+00 1.18856470e+00 4.16075112e+00 1.05197590e+00
1.16214600e+04 4.55154990e+00 1.18613166e+00 4.16089436e+00 1.04982291e+00
1.16219700e+04 4.54138480e+00 1.18339244e+00 4.16104345e+00 1.04739894e+00
1.16224700e+04 4.53030100e+00 1.18041005e+00 4.16118961e+00 1.04475974e+00
1.16229700e+04 4.51849520e+00 1.17723596e+00 4.16133578e+00 1.04195086e+00
1.16234600e+04 4.50613740e+00 1.17391607e+00 4.16147902e+00 1.03901293e+00
1.16239600e+04 4.49337740e+00 1.17048860e+00 4.16162519e+00 1.03597978e+00
1.16244700e+04 4.48033340e+00 1.16698494e+00 4.16177427e+00 1.03287921e+00
1.16249700e+04 4.46716850e+00 1.16344995e+00 4.16192044e+00 1.02975090e+00
1.16259600e+04 4.44092790e+00 1.15640446e+00 4.16220985e+00 1.02351593e+00
1.16269700e+04 4.41537790e+00 1.14954077e+00 4.16250510e+00 1.01744187e+00
1.16279600e+04 4.39112650e+00 1.14302347e+00 4.16279451e+00 1.01167438e+00
1.16289700e+04 4.36851720e+00 1.13694064e+00 4.16308976e+00 1.00629143e+00
1.16299700e+04 4.34762830e+00 1.13131540e+00 4.16338209e+00 1.00131348e+00
1.16309700e+04 4.32834830e+00 1.12611738e+00 4.16367442e+00 9.96713641e-01
1.16319700e+04 4.31049240e+00 1.12129751e+00 4.16396675e+00 9.92448488e-01
1.16329600e+04 4.29388380e+00 1.11680962e+00 4.16425616e+00 9.88477155e-01
1.16339700e+04 4.27835900e+00 1.11260794e+00 4.16455141e+00 9.84759155e-01
1.16349600e+04 4.26372170e+00 1.10864349e+00 4.16484082e+00 9.81251104e-01
1.16359700e+04 4.24971040e+00 1.10484370e+00 4.16513607e+00 9.77888795e-01
1.16369600e+04 4.23602870e+00 1.10113299e+00 4.16542548e+00 9.74605316e-01
1.16379700e+04 4.22243790e+00 1.09744485e+00 4.16572073e+00 9.71341822e-01
1.16389700e+04 4.20886970e+00 1.09376350e+00 4.16601306e+00 9.68084320e-01
1.16399700e+04 4.19550080e+00 1.09013506e+00 4.16630539e+00 9.64873652e-01
1.16409700e+04 4.18274740e+00 1.08667007e+00 4.16659772e+00 9.61807634e-01
1.16419700e+04 4.17118910e+00 1.08352240e+00 4.16689005e+00 9.59022485e-01
1.16429700e+04 4.16146000e+00 1.08086045e+00 4.16718238e+00 9.56667233e-01
1.16439600e+04 4.15415190e+00 1.07884214e+00 4.16747179e+00 9.54881652e-01
1.16449700e+04 4.14974800e+00 1.07759342e+00 4.16776704e+00 9.53777244e-01
1.16459600e+04 4.14858490e+00 1.07720680e+00 4.16805645e+00 9.53435869e-01
1.16469700e+04 4.15083340e+00 1.07772450e+00 4.16835170e+00 9.53894922e-01
1.16479700e+04 4.15649480e+00 1.07914921e+00 4.16864403e+00 9.55156772e-01
1.16489700e+04 4.16540700e+00 1.08143712e+00 4.16893636e+00 9.57182636e-01
1.16499700e+04 4.17726050e+00 1.08450604e+00 4.16922869e+00 9.59899777e-01
1.16509700e+04 4.19162090e+00 1.08824062e+00 4.16952102e+00 9.63206103e-01
1.16519700e+04 4.20795990e+00 1.09250058e+00 4.16981335e+00 9.66977452e-01
1.16529600e+04 4.22569120e+00 1.09713102e+00 4.17010276e+00 9.71076718e-01
1.16539700e+04 4.24420340e+00 1.10196725e+00 4.17039801e+00 9.75358147e-01
1.16549600e+04 4.26288330e+00 1.10684958e+00 4.17068742e+00 9.79680371e-01
1.16559700e+04 4.28112910e+00 1.11161507e+00 4.17098267e+00 9.83899205e-01
1.16569600e+04 4.29835960e+00 1.11611254e+00 4.17127208e+00 9.87880800e-01
1.16579700e+04 4.31402850e+00 1.12019378e+00 4.17156733e+00 9.91494013e-01
1.16589700e+04 4.32765060e+00 1.12373232e+00 4.17185966e+00 9.94626870e-01
1.16599700e+04 4.33884040e+00 1.12662500e+00 4.17215199e+00 9.97188081e-01
1.16609700e+04 4.34735540e+00 1.12880744e+00 4.17244432e+00 9.99120651e-01
1.16619600e+04 4.35313450e+00 1.13026420e+00 4.17273373e+00 1.00041090e+00
1.16629700e+04 4.35631360e+00 1.13102900e+00 4.17302898e+00 1.00108872e+00
1.16639600e+04 4.35720980e+00 1.13118919e+00 4.17331839e+00 1.00123137e+00
1.16649700e+04 4.35626970e+00 1.13086022e+00 4.17361364e+00 1.00094107e+00
1.16659600e+04 4.35399650e+00 1.13017883e+00 4.17390305e+00 1.00033882e+00
1.16669700e+04 4.35087640e+00 1.12927099e+00 4.17419830e+00 9.99536162e-01
1.16679700e+04 4.34732160e+00 1.12824852e+00 4.17449063e+00 9.98632020e-01
1.16689700e+04 4.34364270e+00 1.12719309e+00 4.17478296e+00 9.97698709e-01
1.16699700e+04 4.34004520e+00 1.12615927e+00 4.17507529e+00 9.96784528e-01
1.16709600e+04 4.33664400e+00 1.12517837e+00 4.17536470e+00 9.95917167e-01
1.16719700e+04 4.33348470e+00 1.12426012e+00 4.17565996e+00 9.95105285e-01
1.16729600e+04 4.33056680e+00 1.12340755e+00 4.17594936e+00 9.94351511e-01
1.16739700e+04 4.32786420e+00 1.12261057e+00 4.17624462e+00 9.93646963e-01
1.16749600e+04 4.32534510e+00 1.12186389e+00 4.17653402e+00 9.92986916e-01
1.16759700e+04 4.32298980e+00 1.12115913e+00 4.17682928e+00 9.92363991e-01
1.16769700e+04 4.32080520e+00 1.12050049e+00 4.17712161e+00 9.91781872e-01
1.16779700e+04 4.31883190e+00 1.11989795e+00 4.17741394e+00 9.91249413e-01
1.16789700e+04 4.31714040e+00 1.11937024e+00 4.17770627e+00 9.90783184e-01
1.16799700e+04 4.31581520e+00 1.11893979e+00 4.17799860e+00 9.90403046e-01
1.16809700e+04 4.31493040e+00 1.11862629e+00 4.17829093e+00 9.90126414e-01
1.16819600e+04 4.31452260e+00 1.11844022e+00 4.17858033e+00 9.89962577e-01
1.16829700e+04 4.31456850e+00 1.11837306e+00 4.17887559e+00 9.89904000e-01
1.16839600e+04 4.31497120e+00 1.11840221e+00 4.17916499e+00 9.89930654e-01
1.16849700e+04 4.31555690e+00 1.11847838e+00 4.17946025e+00 9.89998946e-01
1.16859600e+04 4.31608340e+00 1.11854041e+00 4.17974965e+00 9.90054698e-01
1.16869700e+04 4.31625630e+00 1.11850697e+00 4.18004491e+00 9.90025969e-01
1.16879700e+04 4.31575290e+00 1.11829473e+00 4.18033724e+00 9.89838976e-01
1.16889700e+04 4.31424980e+00 1.11781705e+00 4.18062957e+00 9.89417022e-01
1.16899700e+04 4.31145160e+00 1.11699547e+00 4.18092190e+00 9.88690678e-01
1.16909600e+04 4.30711770e+00 1.11576691e+00 4.18121130e+00 9.87604082e-01
1.16919700e+04 4.30108260e+00 1.11408505e+00 4.18150656e+00 9.86116274e-01
1.16929600e+04 4.29326860e+00 1.11193240e+00 4.18179596e+00 9.84211739e-01
1.16939700e+04 4.28368920e+00 1.10930942e+00 4.18209122e+00 9.81890902e-01
1.16949600e+04 4.27244410e+00 1.10624570e+00 4.18238062e+00 9.79179941e-01
1.16959700e+04 4.25971060e+00 1.10278520e+00 4.18267588e+00 9.76117779e-01
1.16969700e+04 4.24573140e+00 1.09899472e+00 4.18296821e+00 9.72763519e-01
1.16979700e+04 4.23080190e+00 1.09495190e+00 4.18326054e+00 9.69185901e-01
1.16989700e+04 4.21525770e+00 1.09074585e+00 4.18355287e+00 9.65463802e-01
1.16999600e+04 4.19946080e+00 1.08647349e+00 4.18384228e+00 9.61682990e-01
1.17009700e+04 4.18378580e+00 1.08223193e+00 4.18413753e+00 9.57929449e-01
1.17019600e+04 4.16860670e+00 1.07812362e+00 4.18442694e+00 9.54293828e-01
1.17029700e+04 4.15428410e+00 1.07424116e+00 4.18472219e+00 9.50858133e-01
1.17039600e+04 4.14115360e+00 1.07067682e+00 4.18501160e+00 9.47703991e-01
1.17049700e+04 4.12951430e+00 1.06750686e+00 4.18530685e+00 9.44898952e-01
1.17059700e+04 4.11961800e+00 1.06480051e+00 4.18559918e+00 9.42504261e-01
1.17069700e+04 4.11165940e+00 1.06260869e+00 4.18589151e+00 9.40564992e-01
1.17079700e+04 4.10576790e+00 1.06096574e+00 4.18618384e+00 9.39111561e-01
1.17089700e+04 4.10200250e+00 1.05988735e+00 4.18647617e+00 9.38157835e-01
1.17099700e+04 4.10035130e+00 1.05937033e+00 4.18676850e+00 9.37701020e-01
1.17109600e+04 4.10073510e+00 1.05939447e+00 4.18705791e+00 9.37723188e-01
1.17119700e+04 4.10301510e+00 1.05992053e+00 4.18735316e+00 9.38189657e-01
1.17129600e+04 4.10700430e+00 1.06090201e+00 4.18764257e+00 9.39059224e-01
1.17139700e+04 4.11247950e+00 1.06227650e+00 4.18793782e+00 9.40276682e-01
1.17149700e+04 4.11919370e+00 1.06398077e+00 4.18823015e+00 9.41786040e-01
1.17159700e+04 4.12688570e+00 1.06594468e+00 4.18852248e+00 9.43525219e-01
1.17169700e+04 4.13528990e+00 1.06809769e+00 4.18881481e+00 9.45431794e-01
1.17179700e+04 4.14414500e+00 1.07037044e+00 4.18910714e+00 9.47444351e-01
1.17189700e+04 4.15320410e+00 1.07269736e+00 4.18939947e+00 9.49504858e-01
1.17199600e+04 4.16224710e+00 1.07502078e+00 4.18968888e+00 9.51562273e-01
1.17209700e+04 4.17109260e+00 1.07729019e+00 4.18998413e+00 9.53571897e-01
1.17219600e+04 4.17960700e+00 1.07947326e+00 4.19027354e+00 9.55505077e-01
1.17229700e+04 4.18770860e+00 1.08154514e+00 4.19056879e+00 9.57339863e-01
1.17239600e+04 4.19536340e+00 1.08349996e+00 4.19085820e+00 9.59071011e-01
1.17249700e+04 4.20257460e+00 1.08533541e+00 4.19115345e+00 9.60696525e-01
1.17259700e+04 4.20936620e+00 1.08706023e+00 4.19144578e+00 9.62224107e-01
1.17269700e+04 4.21576720e+00 1.08868134e+00 4.19173811e+00 9.63659885e-01
1.17279700e+04 4.22179630e+00 1.09020369e+00 4.19203044e+00 9.65008255e-01
1.17289600e+04 4.22745070e+00 1.09162733e+00 4.19231985e+00 9.66269245e-01
1.17299700e+04 4.23269930e+00 1.09294166e+00 4.19261510e+00 9.67433484e-01
1.17309600e+04 4.23748010e+00 1.09413333e+00 4.19290451e+00 9.68489148e-01
1.17319700e+04 4.24170150e+00 1.09517490e+00 4.19319976e+00 9.69411958e-01
1.17329600e+04 4.24524860e+00 1.09603899e+00 4.19348917e+00 9.70177656e-01
1.17339700e+04 4.24799440e+00 1.09668873e+00 4.19378442e+00 9.70753644e-01
1.17349700e+04 4.24981570e+00 1.09709378e+00 4.19407675e+00 9.71113025e-01
1.17359700e+04 4.25061420e+00 1.09722725e+00 4.19436908e+00 9.71232007e-01
1.17369700e+04 4.25033770e+00 1.09707526e+00 4.19466141e+00 9.71098320e-01
1.17379600e+04 4.24900060e+00 1.09664244e+00 4.19495082e+00 9.70716035e-01
1.17389700e+04 4.24669710e+00 1.09595144e+00 4.19524607e+00 9.70105232e-01
1.17399600e+04 4.24360370e+00 1.09505226e+00 4.19553548e+00 9.69310142e-01
1.17409700e+04 4.23997000e+00 1.09400805e+00 4.19583073e+00 9.68386685e-01
1.17419600e+04 4.23609770e+00 1.09290205e+00 4.19612014e+00 9.67408518e-01
1.17429700e+04 4.23231040e+00 1.09181705e+00 4.19641539e+00 9.66448954e-01
1.17439700e+04 4.22892070e+00 1.09083842e+00 4.19670772e+00 9.65583529e-01
1.17449700e+04 4.22619790e+00 1.09003686e+00 4.19700005e+00 9.64874852e-01
1.17459700e+04 4.22434200e+00 1.08946550e+00 4.19729238e+00 9.64369932e-01
1.17469700e+04 4.22346590e+00 1.08915430e+00 4.19758471e+00 9.64095306e-01
1.17479700e+04 4.22358660e+00 1.08910778e+00 4.19787704e+00 9.64054971e-01
1.17489600e+04 4.22462470e+00 1.08930565e+00 4.19816645e+00 9.64230951e-01
1.17499700e+04 4.22641140e+00 1.08970073e+00 4.19846170e+00 9.64581512e-01
1.17509600e+04 4.22869990e+00 1.09023062e+00 4.19875111e+00 9.65051392e-01
1.17519700e+04 4.23118300e+00 1.09081061e+00 4.19904636e+00 9.65565638e-01
1.17529700e+04 4.23351460e+00 1.09135116e+00 4.19933869e+00 9.66044963e-01
1.17539700e+04 4.23533380e+00 1.09175565e+00 4.19963102e+00 9.66403852e-01
1.17549700e+04 4.23629110e+00 1.09193128e+00 4.19992335e+00 9.66560157e-01
1.17559700e+04 4.23607300e+00 1.09179481e+00 4.20021569e+00 9.66440191e-01
1.17569700e+04 4.23442220e+00 1.09127790e+00 4.20050802e+00 9.65983475e-01
1.17579600e+04 4.23115230e+00 1.09033186e+00 4.20079742e+00 9.65146884e-01
1.17589700e+04 4.22615480e+00 1.08892552e+00 4.20109268e+00 9.63902853e-01
1.17599600e+04 4.21940080e+00 1.08705433e+00 4.20138208e+00 9.62247337e-01
1.17609700e+04 4.21093690e+00 1.08472755e+00 4.20167734e+00 9.60188538e-01
1.17619600e+04 4.20087790e+00 1.08197879e+00 4.20196674e+00 9.57756189e-01
1.17629700e+04 4.18939670e+00 1.07885081e+00 4.20226200e+00 9.54988178e-01
1.17639700e+04 4.17671370e+00 1.07540451e+00 4.20255433e+00 9.51938371e-01
1.17649700e+04 4.16308500e+00 1.07170709e+00 4.20284666e+00 9.48666275e-01
1.17659700e+04 4.14879240e+00 1.06783338e+00 4.20313899e+00 9.45238125e-01
1.17669600e+04 4.13413330e+00 1.06386315e+00 4.20342839e+00 9.41724513e-01
1.17679700e+04 4.11941230e+00 1.05987490e+00 4.20372365e+00 9.38194970e-01
1.17689600e+04 4.10493280e+00 1.05595236e+00 4.20401305e+00 9.34723559e-01
1.17699700e+04 4.09098860e+00 1.05217038e+00 4.20430831e+00 9.31376589e-01
1.17709600e+04 4.07785540e+00 1.04860532e+00 4.20459771e+00 9.28221612e-01
1.17719700e+04 4.06578260e+00 1.04532025e+00 4.20489297e+00 9.25314499e-01
1.17729700e+04 4.05498520e+00 1.04237463e+00 4.20518530e+00 9.22707849e-01
1.17739700e+04 4.04563720e+00 1.03981388e+00 4.20547763e+00 9.20441874e-01
1.17749700e+04 4.03786650e+00 1.03767195e+00 4.20576996e+00 9.18546637e-01
1.17759600e+04 4.03175160e+00 1.03597047e+00 4.20605936e+00 9.17041278e-01
1.17769700e+04 4.02732100e+00 1.03471465e+00 4.20635462e+00 9.15930435e-01
1.17779600e+04 4.02455380e+00 1.03390209e+00 4.20664402e+00 9.15211945e-01
1.17789700e+04 4.02338380e+00 1.03351207e+00 4.20693928e+00 9.14867501e-01
1.17799600e+04 4.02370510e+00 1.03351961e+00 4.20722868e+00 9.14874960e-01
1.17809700e+04 4.02538020e+00 1.03388505e+00 4.20752394e+00 9.15199255e-01
1.17819700e+04 4.02824820e+00 1.03456803e+00 4.20781627e+00 9.15804629e-01
1.17829700e+04 4.03213360e+00 1.03552116e+00 4.20810860e+00 9.16649144e-01
1.17839700e+04 4.03685430e+00 1.03669609e+00 4.20840093e+00 9.17689999e-01
1.17849700e+04 4.04222830e+00 1.03804450e+00 4.20869326e+00 9.18884414e-01
1.17859700e+04 4.04807900e+00 1.03951948e+00 4.20898559e+00 9.20190880e-01
1.17869600e+04 4.05424110e+00 1.04107794e+00 4.20927500e+00 9.21571230e-01
1.17879700e+04 4.06056540e+00 1.04267789e+00 4.20957025e+00 9.22988333e-01
1.17889600e+04 4.06692370e+00 1.04428844e+00 4.20985966e+00 9.24414806e-01
1.17899700e+04 4.07321380e+00 1.04587931e+00 4.21015491e+00 9.25823875e-01
1.17909600e+04 4.07936260e+00 1.04743424e+00 4.21044432e+00 9.27201109e-01
1.17919700e+04 4.08532690e+00 1.04893860e+00 4.21073957e+00 9.28533603e-01
1.17929700e+04 4.09109130e+00 1.05039067e+00 4.21103190e+00 9.29819800e-01
1.17939700e+04 4.09666300e+00 1.05179157e+00 4.21132423e+00 9.31060705e-01
1.17949700e+04 4.10206490e+00 1.05314738e+00 4.21161656e+00 9.32261700e-01
1.17959600e+04 4.10732740e+00 1.05446696e+00 4.21190597e+00 9.33430618e-01
1.17969700e+04 4.11248040e+00 1.05575590e+00 4.21220122e+00 9.34572425e-01
1.17979600e+04 4.11754660e+00 1.05702335e+00 4.21249063e+00 9.35695206e-01
1.17989700e+04 4.12253770e+00 1.05826930e+00 4.21278588e+00 9.36798962e-01
1.17999600e+04 4.12745150e+00 1.05949629e+00 4.21307529e+00 9.37885924e-01
1.18009700e+04 4.13227290e+00 1.06069718e+00 4.21337054e+00 9.38949795e-01
1.18019700e+04 4.13697620e+00 1.06186749e+00 4.21366287e+00 9.39986596e-01
1.18029700e+04 4.14152940e+00 1.06299794e+00 4.21395520e+00 9.40988116e-01
1.18039700e+04 4.14589910e+00 1.06407967e+00 4.21424753e+00 9.41946506e-01
1.18049600e+04 4.15005620e+00 1.06510574e+00 4.21453694e+00 9.42855611e-01
1.18059700e+04 4.15398060e+00 1.06606844e+00 4.21483219e+00 9.43708647e-01
1.18069600e+04 4.15766390e+00 1.06696870e+00 4.21512160e+00 9.44506387e-01
1.18079700e+04 4.16111030e+00 1.06780447e+00 4.21541685e+00 9.45247069e-01
1.18089600e+04 4.16433370e+00 1.06858261e+00 4.21570626e+00 9.45936710e-01
1.18099700e+04 4.16735190e+00 1.06930469e+00 4.21600151e+00 9.46576743e-01
1.18109700e+04 4.17017910e+00 1.06997684e+00 4.21629384e+00 9.47172570e-01
1.18119700e+04 4.17281840e+00 1.07059909e+00 4.21658617e+00 9.47724230e-01
1.18129700e+04 4.17525860e+00 1.07116848e+00 4.21687850e+00 9.48229092e-01
1.18139700e+04 4.17747850e+00 1.07167937e+00 4.21717083e+00 9.48682171e-01
