# # source: .\convoluted\116_10.txt
# # site: 10
# # columns: Energy(eV) Abs_raw Preedge_normalized PredictedPost_raw Final_normalized
# 
1.13640000e+04 1.46898060e-02 2.97924149e-03 4.05031247e+00 2.63381108e-03
1.13640000e+04 1.46898970e-02 2.97926575e-03 4.05031247e+00 2.63383253e-03
1.13640400e+04 1.46917620e-02 2.97596387e-03 4.05032670e+00 2.63091350e-03
1.13640800e+04 1.46945830e-02 2.97291692e-03 4.05034093e+00 2.62821984e-03
1.13641900e+04 1.47029240e-02 2.96469332e-03 4.05038006e+00 2.62094977e-03
1.13642800e+04 1.47114790e-02 2.95842639e-03 4.05041207e+00 2.61540949e-03
1.13642900e+04 1.47127530e-02 2.95781631e-03 4.05041563e+00 2.61487015e-03
1.13643700e+04 1.47196740e-02 2.95206346e-03 4.05044409e+00 2.60978434e-03
1.13643700e+04 1.47200380e-02 2.95216053e-03 4.05044409e+00 2.60987015e-03
1.13643900e+04 1.47211310e-02 2.95055238e-03 4.05045120e+00 2.60844847e-03
1.13644000e+04 1.47226810e-02 2.95001591e-03 4.05045476e+00 2.60797420e-03
1.13644100e+04 1.47235920e-02 2.94930903e-03 4.05045832e+00 2.60734929e-03
1.13644200e+04 1.47244130e-02 2.94857816e-03 4.05046188e+00 2.60670316e-03
1.13644300e+04 1.47247780e-02 2.94772569e-03 4.05046543e+00 2.60594953e-03
1.13644600e+04 1.47277870e-02 2.94567867e-03 4.05047610e+00 2.60413986e-03
1.13644600e+04 1.47280610e-02 2.94575173e-03 4.05047610e+00 2.60420445e-03
1.13645200e+04 1.47329880e-02 2.94136676e-03 4.05049745e+00 2.60032792e-03
1.13645200e+04 1.47337180e-02 2.94156142e-03 4.05049745e+00 2.60050001e-03
1.13645400e+04 1.47353620e-02 2.94010021e-03 4.05050456e+00 2.59920823e-03
1.13645500e+04 1.47356360e-02 2.93922348e-03 4.05050812e+00 2.59843315e-03
1.13645600e+04 1.47370060e-02 2.93863900e-03 4.05051168e+00 2.59791644e-03
1.13646000e+04 1.47402950e-02 2.93571684e-03 4.05052591e+00 2.59533311e-03
1.13646000e+04 1.47404780e-02 2.93576564e-03 4.05052591e+00 2.59537625e-03
1.13646300e+04 1.47434950e-02 2.93372075e-03 4.05053658e+00 2.59356846e-03
1.13651300e+04 1.47893130e-02 2.89844854e-03 4.05071444e+00 2.56238606e-03
1.13653700e+04 1.48112070e-02 2.88149158e-03 4.05079982e+00 2.54739525e-03
1.13658700e+04 1.48573860e-02 2.84631564e-03 4.05097768e+00 2.51629795e-03
1.13663700e+04 1.49038130e-02 2.81120582e-03 4.05115555e+00 2.48525910e-03
1.13668700e+04 1.49504890e-02 2.77616241e-03 4.05133341e+00 2.45427895e-03
1.13673700e+04 1.49974170e-02 2.74118619e-03 4.05151127e+00 2.42335821e-03
1.13678700e+04 1.50445980e-02 2.70627744e-03 4.05168914e+00 2.39249710e-03
1.13683700e+04 1.50920340e-02 2.67143669e-03 4.05186700e+00 2.36169610e-03
1.13688700e+04 1.51397270e-02 2.63666447e-03 4.05204487e+00 2.33095569e-03
1.13693700e+04 1.51876800e-02 2.60196158e-03 4.05222273e+00 2.30027657e-03
1.13698700e+04 1.52358940e-02 2.56732829e-03 4.05240060e+00 2.26965897e-03
1.13703700e+04 1.52843710e-02 2.53276513e-03 4.05257846e+00 2.23910336e-03
1.13708700e+04 1.53331140e-02 2.49827290e-03 4.05275632e+00 2.20861047e-03
1.13713700e+04 1.53821250e-02 2.46385213e-03 4.05293419e+00 2.17818074e-03
1.13718700e+04 1.54314060e-02 2.42950337e-03 4.05311205e+00 2.14781467e-03
1.13723700e+04 1.54809580e-02 2.39522687e-03 4.05328992e+00 2.11751247e-03
1.13728700e+04 1.55307850e-02 2.36102370e-03 4.05346778e+00 2.08727510e-03
1.13733700e+04 1.55808890e-02 2.32689439e-03 4.05364565e+00 2.05710303e-03
1.13738700e+04 1.56312710e-02 2.29283922e-03 4.05382351e+00 2.02699649e-03
1.13743700e+04 1.56819340e-02 2.25885897e-03 4.05400137e+00 1.99695619e-03
1.13748700e+04 1.57328800e-02 2.22495419e-03 4.05417924e+00 1.96698261e-03
1.13753700e+04 1.57841120e-02 2.19112568e-03 4.05435710e+00 1.93707644e-03
1.13758700e+04 1.58356310e-02 2.15737370e-03 4.05453497e+00 1.90723792e-03
1.13763700e+04 1.58874410e-02 2.12369932e-03 4.05471283e+00 1.87746801e-03
1.13768700e+04 1.59395440e-02 2.09010306e-03 4.05489069e+00 1.84776716e-03
1.13773700e+04 1.59919420e-02 2.05658547e-03 4.05506856e+00 1.81813585e-03
1.13778700e+04 1.60446370e-02 2.02314708e-03 4.05524642e+00 1.78857456e-03
1.13783700e+04 1.60976320e-02 1.98978869e-03 4.05542429e+00 1.75908398e-03
1.13788700e+04 1.61509300e-02 1.95651110e-03 4.05560215e+00 1.72966483e-03
1.13793700e+04 1.62045320e-02 1.92331457e-03 4.05578002e+00 1.70031735e-03
1.13798700e+04 1.62584420e-02 1.89020017e-03 4.05595788e+00 1.67104247e-03
1.13803700e+04 1.63126630e-02 1.85716870e-03 4.05613574e+00 1.64184090e-03
1.13808700e+04 1.63671960e-02 1.82422043e-03 4.05631361e+00 1.61271288e-03
1.13813700e+04 1.64220450e-02 1.79135642e-03 4.05649147e+00 1.58365935e-03
1.13818700e+04 1.64772110e-02 1.75857695e-03 4.05666934e+00 1.55468054e-03
1.13823700e+04 1.65326990e-02 1.72588334e-03 4.05684720e+00 1.52577765e-03
1.13828700e+04 1.65885100e-02 1.69327586e-03 4.05702507e+00 1.49695089e-03
1.13833700e+04 1.66446470e-02 1.66075531e-03 4.05720293e+00 1.46820098e-03
1.13838700e+04 1.67011130e-02 1.62832249e-03 4.05738079e+00 1.43952863e-03
1.13843700e+04 1.67579110e-02 1.59597820e-03 4.05755866e+00 1.41093454e-03
1.13848700e+04 1.68150440e-02 1.56372325e-03 4.05773652e+00 1.38241942e-03
1.13853700e+04 1.68725150e-02 1.53155842e-03 4.05791439e+00 1.35398398e-03
1.13858700e+04 1.69303260e-02 1.49948426e-03 4.05809225e+00 1.32562869e-03
1.13863700e+04 1.69884810e-02 1.46750183e-03 4.05827012e+00 1.29735449e-03
1.13868700e+04 1.70469820e-02 1.43561167e-03 4.05844798e+00 1.26916186e-03
1.13873700e+04 1.71058330e-02 1.40381483e-03 4.05862584e+00 1.24105173e-03
1.13878700e+04 1.71650360e-02 1.37211186e-03 4.05880371e+00 1.21302458e-03
1.13883700e+04 1.72245950e-02 1.34050382e-03 4.05898157e+00 1.18508135e-03
1.13888700e+04 1.72845130e-02 1.30899151e-03 4.05915944e+00 1.15722275e-03
1.13893700e+04 1.73447930e-02 1.27757574e-03 4.05933730e+00 1.12944948e-03
1.13898700e+04 1.74054390e-02 1.24625756e-03 4.05951516e+00 1.10176249e-03
1.13903700e+04 1.74664520e-02 1.21503724e-03 4.05969303e+00 1.07416202e-03
1.13908700e+04 1.75278380e-02 1.18391639e-03 4.05987089e+00 1.04664947e-03
1.13913700e+04 1.75895980e-02 1.15289526e-03 4.06004876e+00 1.01922509e-03
1.13918700e+04 1.76517370e-02 1.12197521e-03 4.06022662e+00 9.91890057e-04
1.13923700e+04 1.77142580e-02 1.09115701e-03 4.06040449e+00 9.64645071e-04
1.13928700e+04 1.77771640e-02 1.06044148e-03 4.06058235e+00 9.37490842e-04
1.13933700e+04 1.78404580e-02 1.02982941e-03 4.06076021e+00 9.10428078e-04
1.13938700e+04 1.79041450e-02 9.99322145e-04 4.06093808e+00 8.83457957e-04
1.13943700e+04 1.79682280e-02 9.68920473e-04 4.06111594e+00 8.56581188e-04
1.13948700e+04 1.80327110e-02 9.38625465e-04 4.06129381e+00 8.29798713e-04
1.13953700e+04 1.80975960e-02 9.08437654e-04 4.06147167e+00 8.03111003e-04
1.13958700e+04 1.81628880e-02 8.78358373e-04 4.06164954e+00 7.76519237e-04
1.13963700e+04 1.82285910e-02 8.48388690e-04 4.06182740e+00 7.50024358e-04
1.13968700e+04 1.82947080e-02 8.18529403e-04 4.06200526e+00 7.23627073e-04
1.13973700e+04 1.83612440e-02 7.88781847e-04 4.06218313e+00 6.97328562e-04
1.13978700e+04 1.84282010e-02 7.59146554e-04 4.06236099e+00 6.71129295e-04
1.13983700e+04 1.84955850e-02 7.29625125e-04 4.06253886e+00 6.45030687e-04
1.13988700e+04 1.85633980e-02 7.00218093e-04 4.06271672e+00 6.19033210e-04
1.13993700e+04 1.86316460e-02 6.70927058e-04 4.06289459e+00 5.93138277e-04
1.13998700e+04 1.87003310e-02 6.41752553e-04 4.06307245e+00 5.67346362e-04
1.14003700e+04 1.87694590e-02 6.12696178e-04 4.06325031e+00 5.41658877e-04
1.14008700e+04 1.88390340e-02 5.83759001e-04 4.06342818e+00 5.16076766e-04
1.14013700e+04 1.89090590e-02 5.54941819e-04 4.06360604e+00 4.90600737e-04
1.14018700e+04 1.89795380e-02 5.26245702e-04 4.06378391e+00 4.65231731e-04
1.14023700e+04 1.90504780e-02 4.97672514e-04 4.06396177e+00 4.39971400e-04
1.14028700e+04 1.91218800e-02 4.69222523e-04 4.06413964e+00 4.14819980e-04
1.14033700e+04 1.91937510e-02 4.40897595e-04 4.06431750e+00 3.89779119e-04
1.14038700e+04 1.92660950e-02 4.12698797e-04 4.06449536e+00 3.64849763e-04
1.14043700e+04 1.93389160e-02 3.84627196e-04 4.06467323e+00 3.40032852e-04
1.14048700e+04 1.94122190e-02 3.56684125e-04 4.06485109e+00 3.15329567e-04
1.14053700e+04 1.94860080e-02 3.28870650e-04 4.06502896e+00 2.90740849e-04
1.14058700e+04 1.95602890e-02 3.01188372e-04 4.06520682e+00 2.66268115e-04
1.14063700e+04 1.96350660e-02 2.73638356e-04 4.06538468e+00 2.41912306e-04
1.14068700e+04 1.97103430e-02 2.46221671e-04 4.06556255e+00 2.17674365e-04
1.14073700e+04 1.97861270e-02 2.18940182e-04 4.06574041e+00 1.93555943e-04
1.14078700e+04 1.98624220e-02 1.91794956e-04 4.06591828e+00 1.69557983e-04
1.14083700e+04 1.99392320e-02 1.64787060e-04 4.06609614e+00 1.45681428e-04
1.14088700e+04 2.00165640e-02 1.37918359e-04 4.06627401e+00 1.21927928e-04
1.14093700e+04 2.00944220e-02 1.11189922e-04 4.06645187e+00 9.82984253e-05
1.14098700e+04 2.01728120e-02 8.46033479e-05 4.06662973e+00 7.47943354e-05
1.14103700e+04 2.02517380e-02 5.81597030e-05 4.06680760e+00 5.14166010e-05
1.14108700e+04 2.03312070e-02 3.18608543e-05 4.06698546e+00 2.81668722e-05
1.14113700e+04 2.04112240e-02 5.70813496e-06 4.06716333e+00 5.04632788e-06
1.14118700e+04 2.04917940e-02 -2.02971217e-05 4.06734119e+00 -1.79438534e-05
1.14123700e+04 2.05729240e-02 -4.61530489e-05 4.06751906e+00 -4.08020212e-05
1.14128700e+04 2.06546180e-02 -7.18585803e-05 4.06769692e+00 -6.35272328e-05
1.14133700e+04 2.07368830e-02 -9.74118490e-05 4.06787478e+00 -8.61178377e-05
1.14138700e+04 2.08197240e-02 -1.22811522e-04 4.06805265e+00 -1.08572657e-04
1.14143700e+04 2.09031470e-02 -1.48055999e-04 4.06823051e+00 -1.30890277e-04
1.14148700e+04 2.09871590e-02 -1.73143413e-04 4.06840838e+00 -1.53069047e-04
1.14153700e+04 2.10717660e-02 -1.98072166e-04 4.06858624e+00 -1.75107552e-04
1.14158700e+04 2.11569730e-02 -2.22840922e-04 4.06876411e+00 -1.97004615e-04
1.14163700e+04 2.12427870e-02 -2.47447816e-04 4.06894197e+00 -2.18758583e-04
1.14168700e+04 2.13292140e-02 -2.71891248e-04 4.06911983e+00 -2.40368044e-04
1.14173700e+04 2.14162620e-02 -2.96169084e-04 4.06929770e+00 -2.61831111e-04
1.14178700e+04 2.15039360e-02 -3.20279992e-04 4.06947556e+00 -2.83146605e-04
1.14183700e+04 2.15922430e-02 -3.44222104e-04 4.06965343e+00 -3.04312876e-04
1.14188700e+04 2.16811890e-02 -3.67993820e-04 4.06983129e+00 -3.25328510e-04
1.14193700e+04 2.17707830e-02 -3.91592741e-04 4.07000915e+00 -3.46191385e-04
1.14198700e+04 2.18610300e-02 -4.15017534e-04 4.07018702e+00 -3.66900323e-04
1.14203700e+04 2.19519370e-02 -4.38266331e-04 4.07036488e+00 -3.87453672e-04
1.14208700e+04 2.20435120e-02 -4.61337000e-04 4.07054275e+00 -4.07849547e-04
1.14213700e+04 2.21357620e-02 -4.84227673e-04 4.07072061e+00 -4.28086298e-04
1.14218700e+04 2.22286950e-02 -5.06936218e-04 4.07089848e+00 -4.48162038e-04
1.14223700e+04 2.23223170e-02 -5.29461035e-04 4.07107634e+00 -4.68075354e-04
1.14228700e+04 2.24166370e-02 -5.51799723e-04 4.07125420e+00 -4.87824124e-04
1.14233700e+04 2.25116610e-02 -5.73950683e-04 4.07143207e+00 -5.07406933e-04
1.14238700e+04 2.26073980e-02 -5.95911515e-04 4.07160993e+00 -5.26821659e-04
1.14243700e+04 2.27038560e-02 -6.17680085e-04 4.07178780e+00 -5.46066416e-04
1.14248700e+04 2.28010430e-02 -6.39254261e-04 4.07196566e+00 -5.65139319e-04
1.14253700e+04 2.28989660e-02 -6.60632175e-04 4.07214353e+00 -5.84038718e-04
1.14258700e+04 2.29976340e-02 -6.81811428e-04 4.07232139e+00 -6.02762489e-04
1.14263700e+04 2.30970560e-02 -7.02789619e-04 4.07249925e+00 -6.21308513e-04
1.14268700e+04 2.31972390e-02 -7.23564883e-04 4.07267712e+00 -6.39675138e-04
1.14273700e+04 2.32981930e-02 -7.44134552e-04 4.07285498e+00 -6.57860007e-04
1.14278700e+04 2.33999270e-02 -7.64496226e-04 4.07303285e+00 -6.75860999e-04
1.14283700e+04 2.35024480e-02 -7.84648040e-04 4.07321071e+00 -6.93676462e-04
1.14288700e+04 2.36057670e-02 -8.04587059e-04 4.07338858e+00 -7.11303805e-04
1.14293700e+04 2.37098920e-02 -8.24311151e-04 4.07356644e+00 -7.28741141e-04
1.14298700e+04 2.38148320e-02 -8.43817915e-04 4.07374430e+00 -7.45986347e-04
1.14303700e+04 2.39205980e-02 -8.63104419e-04 4.07392217e+00 -7.63036832e-04
1.14308700e+04 2.40271980e-02 -8.82168528e-04 4.07410003e+00 -7.79890709e-04
1.14313700e+04 2.41346430e-02 -9.01007310e-04 4.07427790e+00 -7.96545385e-04
1.14318700e+04 2.42429420e-02 -9.19618365e-04 4.07445576e+00 -8.12998738e-04
1.14323700e+04 2.43521050e-02 -9.37999026e-04 4.07463363e+00 -8.29248410e-04
1.14328700e+04 2.44621430e-02 -9.56146361e-04 4.07481149e+00 -8.45291809e-04
1.14333700e+04 2.45730650e-02 -9.74057968e-04 4.07498935e+00 -8.61126813e-04
1.14338700e+04 2.46848830e-02 -9.91730648e-04 4.07516722e+00 -8.76750592e-04
1.14343700e+04 2.47976070e-02 -1.00916173e-03 4.07534508e+00 -8.92160790e-04
1.14348700e+04 2.49112490e-02 -1.02634803e-03 4.07552295e+00 -9.07354577e-04
1.14353700e+04 2.50258180e-02 -1.04328713e-03 4.07570081e+00 -9.22329832e-04
1.14358700e+04 2.51413260e-02 -1.05997583e-03 4.07587867e+00 -9.37083725e-04
1.14363700e+04 2.52577850e-02 -1.07641095e-03 4.07605654e+00 -9.51613428e-04
1.14368700e+04 2.53752050e-02 -1.09258980e-03 4.07623440e+00 -9.65916583e-04
1.14373700e+04 2.54936000e-02 -1.10850866e-03 4.07641227e+00 -9.79989890e-04
1.14378700e+04 2.56129810e-02 -1.12416460e-03 4.07659013e+00 -9.93830756e-04
1.14383700e+04 2.57333600e-02 -1.13955440e-03 4.07676800e+00 -1.00743635e-03
1.14388700e+04 2.58547490e-02 -1.15467489e-03 4.07694586e+00 -1.02080385e-03
1.14393700e+04 2.59771610e-02 -1.16952257e-03 4.07712372e+00 -1.03393018e-03
1.14398700e+04 2.61006090e-02 -1.18409400e-03 4.07730159e+00 -1.04681228e-03
1.14403700e+04 2.62251050e-02 -1.19838598e-03 4.07747945e+00 -1.05944733e-03
1.14408700e+04 2.63506630e-02 -1.21239475e-03 4.07765732e+00 -1.07183201e-03
1.14413700e+04 2.64772970e-02 -1.22611661e-03 4.07783518e+00 -1.08396304e-03
1.14418700e+04 2.66050190e-02 -1.23954833e-03 4.07801305e+00 -1.09583758e-03
1.14423700e+04 2.67338440e-02 -1.25268594e-03 4.07819091e+00 -1.10745210e-03
1.14428700e+04 2.68637860e-02 -1.26552568e-03 4.07836877e+00 -1.11880329e-03
1.14433700e+04 2.69948600e-02 -1.27806356e-03 4.07854664e+00 -1.12988762e-03
1.14438700e+04 2.71270790e-02 -1.29029612e-03 4.07872450e+00 -1.14070203e-03
1.14443700e+04 2.72604590e-02 -1.30221909e-03 4.07890237e+00 -1.15124274e-03
1.14448700e+04 2.73950140e-02 -1.31382873e-03 4.07908023e+00 -1.16150645e-03
1.14453700e+04 2.75307610e-02 -1.32512052e-03 4.07925810e+00 -1.17148916e-03
1.14458700e+04 2.76677140e-02 -1.33609071e-03 4.07943596e+00 -1.18118756e-03
1.14463700e+04 2.78058900e-02 -1.34673478e-03 4.07961382e+00 -1.19059765e-03
1.14468700e+04 2.79453050e-02 -1.35704846e-03 4.07979169e+00 -1.19971565e-03
1.14473700e+04 2.80859760e-02 -1.36702721e-03 4.07996955e+00 -1.20853756e-03
1.14478700e+04 2.82279180e-02 -1.37666704e-03 4.08014742e+00 -1.21705984e-03
1.14483700e+04 2.83711490e-02 -1.38596314e-03 4.08032528e+00 -1.22527825e-03
1.14488700e+04 2.85156870e-02 -1.39491072e-03 4.08050315e+00 -1.23318854e-03
1.14493700e+04 2.86615500e-02 -1.40350498e-03 4.08068101e+00 -1.24078647e-03
1.14498700e+04 2.88087540e-02 -1.41174165e-03 4.08085887e+00 -1.24806827e-03
1.14503700e+04 2.89573190e-02 -1.41961539e-03 4.08103674e+00 -1.25502923e-03
1.14508700e+04 2.91072630e-02 -1.42712141e-03 4.08121460e+00 -1.26166509e-03
1.14513700e+04 2.92586050e-02 -1.43425464e-03 4.08139247e+00 -1.26797139e-03
1.14518700e+04 2.94113640e-02 -1.44101001e-03 4.08157033e+00 -1.27394363e-03
1.14523700e+04 2.95655610e-02 -1.44738193e-03 4.08174819e+00 -1.27957688e-03
1.14528700e+04 2.97212150e-02 -1.45336532e-03 4.08192606e+00 -1.28486665e-03
1.14533700e+04 2.98783470e-02 -1.45895459e-03 4.08210392e+00 -1.28980799e-03
1.14538700e+04 3.00369780e-02 -1.46414414e-03 4.08228179e+00 -1.29439595e-03
1.14543700e+04 3.01971280e-02 -1.46892863e-03 4.08245965e+00 -1.29862582e-03
1.14548700e+04 3.03588190e-02 -1.47330220e-03 4.08263752e+00 -1.30249241e-03
1.14553700e+04 3.05220740e-02 -1.47725872e-03 4.08281538e+00 -1.30599029e-03
1.14558700e+04 3.06869150e-02 -1.48079231e-03 4.08299324e+00 -1.30911428e-03
1.14563700e+04 3.08533650e-02 -1.48389685e-03 4.08317111e+00 -1.31185897e-03
1.14568700e+04 3.10214460e-02 -1.48656647e-03 4.08334897e+00 -1.31421915e-03
1.14573700e+04 3.11911840e-02 -1.48879423e-03 4.08352684e+00 -1.31618871e-03
1.14578700e+04 3.13626020e-02 -1.49057400e-03 4.08370470e+00 -1.31776221e-03
1.14583700e+04 3.15357240e-02 -1.49189939e-03 4.08388257e+00 -1.31893401e-03
1.14588700e+04 3.17105770e-02 -1.49276318e-03 4.08406043e+00 -1.31969774e-03
1.14593700e+04 3.18871850e-02 -1.49315899e-03 4.08423829e+00 -1.32004773e-03
1.14598700e+04 3.20655750e-02 -1.49307962e-03 4.08441616e+00 -1.31997763e-03
1.14603700e+04 3.22457740e-02 -1.49251785e-03 4.08459402e+00 -1.31948107e-03
1.14608700e+04 3.24278090e-02 -1.49146650e-03 4.08477189e+00 -1.31855169e-03
1.14613700e+04 3.26117070e-02 -1.48991836e-03 4.08494975e+00 -1.31718311e-03
1.14618700e+04 3.27974970e-02 -1.48786571e-03 4.08512762e+00 -1.31536850e-03
1.14623700e+04 3.29852090e-02 -1.48530053e-03 4.08530548e+00 -1.31310080e-03
1.14628700e+04 3.31748710e-02 -1.48221537e-03 4.08548334e+00 -1.31037339e-03
1.14633700e+04 3.33665140e-02 -1.47860195e-03 4.08566121e+00 -1.30717897e-03
1.14638700e+04 3.35601680e-02 -1.47445228e-03 4.08583907e+00 -1.30351047e-03
1.14643700e+04 3.37558660e-02 -1.46975756e-03 4.08601694e+00 -1.29936011e-03
1.14648700e+04 3.39536380e-02 -1.46450979e-03 4.08619480e+00 -1.29472082e-03
1.14653700e+04 3.41535180e-02 -1.45869990e-03 4.08637266e+00 -1.28958457e-03
1.14658700e+04 3.43555390e-02 -1.45231909e-03 4.08655053e+00 -1.28394360e-03
1.14663700e+04 3.45597360e-02 -1.44535803e-03 4.08672839e+00 -1.27778965e-03
1.14668700e+04 3.47661420e-02 -1.43780792e-03 4.08690626e+00 -1.27111494e-03
1.14673700e+04 3.49747950e-02 -1.42965863e-03 4.08708412e+00 -1.26391050e-03
1.14678700e+04 3.51857290e-02 -1.42090108e-03 4.08726199e+00 -1.25616834e-03
1.14683700e+04 3.53989830e-02 -1.41152489e-03 4.08743985e+00 -1.24787925e-03
1.14688700e+04 3.56145950e-02 -1.40151991e-03 4.08761771e+00 -1.23903427e-03
1.14693700e+04 3.58326020e-02 -1.39087629e-03 4.08779558e+00 -1.22962469e-03
1.14698700e+04 3.60530450e-02 -1.37958308e-03 4.08797344e+00 -1.21964083e-03
1.14703700e+04 3.62759650e-02 -1.36762935e-03 4.08815131e+00 -1.20907303e-03
1.14708700e+04 3.65014020e-02 -1.35500444e-03 4.08832917e+00 -1.19791186e-03
1.14713700e+04 3.67293990e-02 -1.34169689e-03 4.08850704e+00 -1.18614718e-03
1.14718700e+04 3.69600000e-02 -1.32769495e-03 4.08868490e+00 -1.17376863e-03
1.14723700e+04 3.71932490e-02 -1.31298690e-03 4.08886276e+00 -1.16076582e-03
1.14728700e+04 3.74291900e-02 -1.29756100e-03 4.08904063e+00 -1.14712839e-03
1.14733700e+04 3.76678710e-02 -1.28140446e-03 4.08921849e+00 -1.13284501e-03
1.14738700e+04 3.79093390e-02 -1.26450473e-03 4.08939636e+00 -1.11790462e-03
1.14743700e+04 3.81536420e-02 -1.24684902e-03 4.08957422e+00 -1.10229588e-03
1.14748700e+04 3.84008300e-02 -1.22842401e-03 4.08975209e+00 -1.08600703e-03
1.14753700e+04 3.86509540e-02 -1.20921608e-03 4.08992995e+00 -1.06902602e-03
1.14758700e+04 3.89040660e-02 -1.18921137e-03 4.09010781e+00 -1.05134061e-03
1.14763700e+04 3.91602180e-02 -1.16839601e-03 4.09028568e+00 -1.03293854e-03
1.14768700e+04 3.94194660e-02 -1.14675508e-03 4.09046354e+00 -1.01380659e-03
1.14773700e+04 3.96818660e-02 -1.12427364e-03 4.09064141e+00 -9.93931581e-04
1.14778700e+04 3.99474740e-02 -1.10093675e-03 4.09081927e+00 -9.73300299e-04
1.14783700e+04 4.02163480e-02 -1.07672895e-03 4.09099714e+00 -9.51899072e-04
1.14788700e+04 4.04885500e-02 -1.05163371e-03 4.09117500e+00 -9.29713286e-04
1.14793700e+04 4.07641400e-02 -1.02563503e-03 4.09135286e+00 -9.06728794e-04
1.14798700e+04 4.10431810e-02 -9.98716109e-04 4.09153073e+00 -8.82930746e-04
1.14803700e+04 4.13257390e-02 -9.70859343e-04 4.09170859e+00 -8.58303581e-04
1.14808700e+04 4.16118780e-02 -9.42047670e-04 4.09188646e+00 -8.32832212e-04
1.14813700e+04 4.19016660e-02 -9.12262957e-04 4.09206432e+00 -8.06500608e-04
1.14818700e+04 4.21951750e-02 -8.81486003e-04 4.09224218e+00 -7.79291795e-04
1.14823700e+04 4.24924730e-02 -8.49698676e-04 4.09242005e+00 -7.51189743e-04
1.14828700e+04 4.27936350e-02 -8.16880977e-04 4.09259791e+00 -7.22176771e-04
1.14833700e+04 4.30987360e-02 -7.83012907e-04 4.09277578e+00 -6.92235197e-04
1.14838700e+04 4.34078520e-02 -7.48074198e-04 4.09295364e+00 -6.61347105e-04
1.14843700e+04 4.37210630e-02 -7.12043518e-04 4.09313151e+00 -6.29493635e-04
1.14848700e+04 4.40384490e-02 -6.74899536e-04 4.09330937e+00 -5.96655928e-04
1.14853700e+04 4.43600940e-02 -6.36619850e-04 4.09348723e+00 -5.62814180e-04
1.14858700e+04 4.46860840e-02 -5.97181529e-04 4.09366510e+00 -5.27948117e-04
1.14863700e+04 4.50165040e-02 -5.56561906e-04 4.09384296e+00 -4.92037701e-04
1.14868700e+04 4.53514470e-02 -5.14736182e-04 4.09402083e+00 -4.55061008e-04
1.14873700e+04 4.56910040e-02 -4.71680091e-04 4.09419869e+00 -4.16996585e-04
1.14878700e+04 4.60352700e-02 -4.27368300e-04 4.09437656e+00 -3.77822035e-04
1.14883700e+04 4.63843430e-02 -3.81774677e-04 4.09455442e+00 -3.37514255e-04
1.14888700e+04 4.67383240e-02 -3.34872289e-04 4.09473228e+00 -2.96049435e-04
1.14893700e+04 4.70973150e-02 -2.86633937e-04 4.09491015e+00 -2.53403530e-04
1.14898700e+04 4.74614220e-02 -2.37031355e-04 4.09508801e+00 -2.09551549e-04
1.14903700e+04 4.78307550e-02 -1.86035211e-04 4.09526588e+00 -1.64467560e-04
1.14908700e+04 4.82054260e-02 -1.33615637e-04 4.09544374e+00 -1.18125161e-04
1.14913700e+04 4.85855500e-02 -7.97419699e-05 4.09562161e+00 -7.04972390e-05
1.14918700e+04 4.89712450e-02 -2.43827423e-05 4.09579947e+00 -2.15559775e-05
1.14923700e+04 4.93626350e-02 3.24951113e-05 4.09597733e+00 2.87278567e-05
1.14928700e+04 4.97598450e-02 9.09249232e-05 4.09615520e+00 8.03837319e-05
1.14933700e+04 5.01630040e-02 1.50941093e-04 4.09633306e+00 1.33442059e-04
1.14938700e+04 5.05722460e-02 2.12579352e-04 4.09651093e+00 1.87934429e-04
1.14943700e+04 5.09877080e-02 2.75876233e-04 4.09668879e+00 2.43893139e-04
1.14948700e+04 5.14095310e-02 3.40869336e-04 4.09686665e+00 3.01351428e-04
1.14953700e+04 5.18378620e-02 4.07597858e-04 4.09704452e+00 3.60343953e-04
1.14958700e+04 5.22728510e-02 4.76101800e-04 4.09722238e+00 4.20906073e-04
1.14963700e+04 5.27146520e-02 5.46422227e-04 4.09740025e+00 4.83074096e-04
1.14968700e+04 5.31634260e-02 6.18602070e-04 4.09757811e+00 5.46885976e-04
1.14973700e+04 5.36193370e-02 6.92685062e-04 4.09775598e+00 6.12380375e-04
1.14978700e+04 5.40825560e-02 7.68716802e-04 4.09793384e+00 6.79597606e-04
1.14983700e+04 5.45532570e-02 8.46743688e-04 4.09811170e+00 7.48578689e-04
1.14988700e+04 5.50316210e-02 9.26813986e-04 4.09828957e+00 8.19366294e-04
1.14993700e+04 5.55178370e-02 1.00897809e-03 4.09846743e+00 8.92004977e-04
1.14998700e+04 5.60120960e-02 1.09328695e-03 4.09864530e+00 9.66539767e-04
1.15003700e+04 5.65145990e-02 1.17979414e-03 4.09882316e+00 1.04301805e-03
1.15008700e+04 5.70255500e-02 1.26855407e-03 4.09900103e+00 1.12148791e-03
1.15013700e+04 5.75451640e-02 1.35962407e-03 4.09917889e+00 1.20200004e-03
1.15018700e+04 5.80736600e-02 1.45306255e-03 4.09935675e+00 1.28460607e-03
1.15023700e+04 5.86112660e-02 1.54893029e-03 4.09953462e+00 1.36935975e-03
1.15028700e+04 5.91582170e-02 1.64728996e-03 4.09971248e+00 1.45631648e-03
1.15033700e+04 5.97147570e-02 1.74820663e-03 4.09989035e+00 1.54553377e-03
1.15038700e+04 6.02811370e-02 1.85174724e-03 4.10006821e+00 1.63707081e-03
1.15043700e+04 6.08576200e-02 1.95798190e-03 4.10024608e+00 1.73098960e-03
1.15048700e+04 6.14444740e-02 2.06698209e-03 4.10042394e+00 1.82735330e-03
1.15053700e+04 6.20419800e-02 2.17882273e-03 4.10060180e+00 1.92622818e-03
1.15058700e+04 6.26504280e-02 2.29358117e-03 4.10077967e+00 2.02768259e-03
1.15063700e+04 6.32701180e-02 2.41133739e-03 4.10095753e+00 2.13178726e-03
1.15068700e+04 6.39013620e-02 2.53217459e-03 4.10113540e+00 2.23861575e-03
1.15073700e+04 6.45444840e-02 2.65617918e-03 4.10131326e+00 2.34824442e-03
1.15078700e+04 6.51998180e-02 2.78344021e-03 4.10149113e+00 2.46075204e-03
1.15083700e+04 6.58677130e-02 2.91405075e-03 4.10166899e+00 2.57622086e-03
1.15088700e+04 6.65485290e-02 3.04810680e-03 4.10184685e+00 2.69473576e-03
1.15093700e+04 6.72426430e-02 3.18570889e-03 4.10202472e+00 2.81638562e-03
1.15098700e+04 6.79504430e-02 3.32696048e-03 4.10220258e+00 2.94126190e-03
1.15103700e+04 6.86723350e-02 3.47196984e-03 4.10238045e+00 3.06946031e-03
1.15108700e+04 6.94087410e-02 3.62084949e-03 4.10255831e+00 3.20108035e-03
1.15113700e+04 7.01600970e-02 3.77371570e-03 4.10273617e+00 3.33622480e-03
1.15118700e+04 7.09268610e-02 3.93069061e-03 4.10291404e+00 3.47500163e-03
1.15123700e+04 7.17095050e-02 4.09190006e-03 4.10309190e+00 3.61752211e-03
1.15128700e+04 7.25085250e-02 4.25747633e-03 4.10326977e+00 3.76390318e-03
1.15133700e+04 7.33244350e-02 4.42755648e-03 4.10344763e+00 3.91426600e-03
1.15138700e+04 7.41577700e-02 4.60228318e-03 4.10362550e+00 4.06873671e-03
1.15143700e+04 7.50090910e-02 4.78180601e-03 4.10380336e+00 4.22744755e-03
1.15148700e+04 7.58789790e-02 4.96627990e-03 4.10398122e+00 4.39053549e-03
1.15153700e+04 7.67680440e-02 5.15586753e-03 4.10415909e+00 4.55814434e-03
1.15158700e+04 7.76769200e-02 5.35073795e-03 4.10433695e+00 4.73042357e-03
1.15163700e+04 7.86062710e-02 5.55106822e-03 4.10451482e+00 4.90752971e-03
1.15168700e+04 7.95567890e-02 5.75704288e-03 4.10469268e+00 5.08962589e-03
1.15173700e+04 8.05292000e-02 5.96885551e-03 4.10487055e+00 5.27688327e-03
1.15178700e+04 8.15242600e-02 6.18670771e-03 4.10504841e+00 5.46948007e-03
1.15183700e+04 8.25427620e-02 6.41081095e-03 4.10522627e+00 5.66760324e-03
1.15188700e+04 8.35855370e-02 6.64138681e-03 4.10540414e+00 5.87144869e-03
1.15193700e+04 8.46534540e-02 6.87866702e-03 4.10558200e+00 6.08122127e-03
1.15198700e+04 8.57474230e-02 7.12289425e-03 4.10575987e+00 6.29713553e-03
1.15203700e+04 8.68684010e-02 7.37432368e-03 4.10593773e+00 6.51941706e-03
1.15208700e+04 8.80173890e-02 7.63322225e-03 4.10611560e+00 6.74830185e-03
1.15213700e+04 8.91954400e-02 7.89987075e-03 4.10629346e+00 6.98403815e-03
1.15218700e+04 9.04036580e-02 8.17456356e-03 4.10647132e+00 7.22688621e-03
1.15223700e+04 9.16432050e-02 8.45761054e-03 4.10664919e+00 7.47711997e-03
1.15228700e+04 9.29153030e-02 8.74933757e-03 4.10682705e+00 7.73502752e-03
1.15233700e+04 9.42212360e-02 9.05008701e-03 4.10700492e+00 8.00091156e-03
1.15238700e+04 9.55623570e-02 9.36021967e-03 4.10718278e+00 8.27509105e-03
1.15243700e+04 9.69400930e-02 9.68011607e-03 4.10736065e+00 8.55790239e-03
1.15248700e+04 9.83559450e-02 1.00101765e-02 4.10753851e+00 8.84969946e-03
1.15253700e+04 9.98115010e-02 1.03508243e-02 4.10771637e+00 9.15085661e-03
1.15258700e+04 1.01308430e-01 1.07025047e-02 4.10789424e+00 9.46176730e-03
1.15263700e+04 1.02848510e-01 1.10656916e-02 4.10807210e+00 9.78285069e-03
1.15268700e+04 1.04433600e-01 1.14408809e-02 4.10824997e+00 1.01145450e-02
1.15273700e+04 1.06065690e-01 1.18286033e-02 4.10842783e+00 1.04573195e-02
1.15278700e+04 1.07746860e-01 1.22294132e-02 4.10860569e+00 1.08116644e-02
1.15283700e+04 1.09479350e-01 1.26439081e-02 4.10878356e+00 1.11781078e-02
1.15288700e+04 1.11265500e-01 1.30727120e-02 4.10896142e+00 1.15572013e-02
1.15293700e+04 1.13107810e-01 1.35164915e-02 4.10913929e+00 1.19495344e-02
1.15298700e+04 1.15008940e-01 1.39759559e-02 4.10931715e+00 1.23557341e-02
1.15303700e+04 1.16971710e-01 1.44518572e-02 4.10949502e+00 1.27764653e-02
1.15308700e+04 1.18999130e-01 1.49449980e-02 4.10967288e+00 1.32124374e-02
1.15313700e+04 1.21094400e-01 1.54562316e-02 4.10985074e+00 1.36644050e-02
1.15318700e+04 1.23260940e-01 1.59864701e-02 4.11002861e+00 1.41331742e-02
1.15323700e+04 1.25502380e-01 1.65366814e-02 4.11020647e+00 1.46196009e-02
1.15328700e+04 1.27822620e-01 1.71079055e-02 4.11038434e+00 1.51246043e-02
1.15333700e+04 1.30225830e-01 1.77012543e-02 4.11056220e+00 1.56491677e-02
1.15338700e+04 1.32716470e-01 1.83179171e-02 4.11074007e+00 1.61943425e-02
1.15343700e+04 1.35299310e-01 1.89591660e-02 4.11091793e+00 1.67612530e-02
1.15348700e+04 1.37979490e-01 1.96263714e-02 4.11109579e+00 1.73511112e-02
1.15353700e+04 1.40762520e-01 2.03210029e-02 4.11127366e+00 1.79652159e-02
1.15358700e+04 1.43654340e-01 2.10446442e-02 4.11145152e+00 1.86049674e-02
1.15363700e+04 1.46661320e-01 2.17989940e-02 4.11162939e+00 1.92718676e-02
1.15368700e+04 1.49790370e-01 2.25858949e-02 4.11180725e+00 1.99675453e-02
1.15373700e+04 1.53048940e-01 2.34073336e-02 4.11198512e+00 2.06937570e-02
1.15378700e+04 1.56445060e-01 2.42654513e-02 4.11216298e+00 2.14523956e-02
1.15383700e+04 1.59987460e-01 2.51625759e-02 4.11234084e+00 2.22455193e-02
1.15388700e+04 1.63685610e-01 2.61012328e-02 4.11251871e+00 2.30753605e-02
1.15393700e+04 1.67549790e-01 2.70841632e-02 4.11269657e+00 2.39443427e-02
1.15398700e+04 1.71591190e-01 2.81143509e-02 4.11287444e+00 2.48551040e-02
1.15403700e+04 1.75822000e-01 2.91950466e-02 4.11305230e+00 2.58105180e-02
1.15408700e+04 1.80255560e-01 3.03298076e-02 4.11323016e+00 2.68137297e-02
1.15413700e+04 1.84906430e-01 3.15225163e-02 4.11340803e+00 2.78681715e-02
1.15418700e+04 1.89790610e-01 3.27774393e-02 4.11358589e+00 2.89776153e-02
1.15423700e+04 1.94925630e-01 3.40992513e-02 4.11376376e+00 3.01461939e-02
1.15428700e+04 2.00330830e-01 3.54931093e-02 4.11394162e+00 3.13784665e-02
1.15433700e+04 2.06027500e-01 3.69646905e-02 4.11411949e+00 3.26794522e-02
1.15438700e+04 2.12039200e-01 3.85202775e-02 4.11429735e+00 3.40547053e-02
1.15443700e+04 2.18392040e-01 4.01668327e-02 4.11447521e+00 3.55103809e-02
1.15448700e+04 2.25115000e-01 4.19120839e-02 4.11465308e+00 3.70533111e-02
1.15453700e+04 2.32240360e-01 4.37646390e-02 4.11483094e+00 3.86911058e-02
1.15458700e+04 2.39804180e-01 4.57341135e-02 4.11500881e+00 4.04322660e-02
1.15463700e+04 2.47846810e-01 4.78312673e-02 4.11518667e+00 4.22863041e-02
1.15468700e+04 2.56413580e-01 5.00681880e-02 4.11536454e+00 4.42639065e-02
1.15473700e+04 2.65555540e-01 5.24584886e-02 4.11554240e+00 4.63771081e-02
1.15478700e+04 2.75330400e-01 5.50175580e-02 4.11572026e+00 4.86395138e-02
1.15483700e+04 2.85803580e-01 5.77628411e-02 4.11589813e+00 5.10665461e-02
1.15488700e+04 2.97049510e-01 6.07141853e-02 4.11607599e+00 5.36757517e-02
1.15493700e+04 3.09153240e-01 6.38942701e-02 4.11625386e+00 5.64871809e-02
1.15498700e+04 3.22212290e-01 6.73291000e-02 4.11643172e+00 5.95238237e-02
1.15503700e+04 3.36338940e-01 7.10486156e-02 4.11660959e+00 6.28121497e-02
1.15508700e+04 3.51663080e-01 7.50874533e-02 4.11678745e+00 6.63827801e-02
1.15513700e+04 3.68335640e-01 7.94858600e-02 4.11696531e+00 7.02712961e-02
1.15518700e+04 3.86532850e-01 8.42908292e-02 4.11714318e+00 7.45192434e-02
1.15523700e+04 4.06461600e-01 8.95575300e-02 4.11732104e+00 7.91753956e-02
1.15528700e+04 4.28366050e-01 9.53510700e-02 4.11749891e+00 8.42973127e-02
1.15533700e+04 4.52536090e-01 1.01748751e-01 4.11767677e+00 8.99533353e-02
1.15538700e+04 4.79317980e-01 1.08842907e-01 4.11785464e+00 9.62250931e-02
1.15543700e+04 5.09000320e-01 1.16710495e-01 4.11803250e+00 1.03180623e-01
1.15548700e+04 5.42153550e-01 1.25503629e-01 4.11821036e+00 1.10954403e-01
1.15553700e+04 5.79584910e-01 1.35437568e-01 4.11838823e+00 1.19736739e-01
1.15554700e+04 5.87630810e-01 1.37573585e-01 4.11842380e+00 1.21625137e-01
1.15555700e+04 5.95878450e-01 1.39763399e-01 4.11845937e+00 1.23561094e-01
1.15556700e+04 6.04334920e-01 1.42008899e-01 4.11849495e+00 1.25546283e-01
1.15557700e+04 6.13007610e-01 1.44312057e-01 4.11853052e+00 1.27582444e-01
1.15558700e+04 6.21904250e-01 1.46674932e-01 4.11856609e+00 1.29671401e-01
1.15559700e+04 6.31032910e-01 1.49099678e-01 4.11860166e+00 1.31815056e-01
1.15560700e+04 6.40402040e-01 1.51588548e-01 4.11863724e+00 1.34015401e-01
1.15561700e+04 6.50020460e-01 1.54143893e-01 4.11867281e+00 1.36274515e-01
1.15562700e+04 6.59897390e-01 1.56768172e-01 4.11870838e+00 1.38594572e-01
1.15563700e+04 6.70042500e-01 1.59463965e-01 4.11874396e+00 1.40977852e-01
1.15564700e+04 6.80465890e-01 1.62233963e-01 4.11877953e+00 1.43426735e-01
1.15565700e+04 6.91178140e-01 1.65080988e-01 4.11881510e+00 1.45943716e-01
1.15566700e+04 7.02190320e-01 1.68007993e-01 4.11885067e+00 1.48531405e-01
1.15567700e+04 7.13514050e-01 1.71018075e-01 4.11888625e+00 1.51192540e-01
1.15568700e+04 7.25161490e-01 1.74114478e-01 4.11892182e+00 1.53929989e-01
1.15569700e+04 7.37145390e-01 1.77300601e-01 4.11895739e+00 1.56746758e-01
1.15570700e+04 7.49479120e-01 1.80580009e-01 4.11899297e+00 1.59645998e-01
1.15571700e+04 7.62176710e-01 1.83956444e-01 4.11902854e+00 1.62631016e-01
1.15572700e+04 7.75252870e-01 1.87433829e-01 4.11906411e+00 1.65705282e-01
1.15573700e+04 7.88723060e-01 1.91016285e-01 4.11909968e+00 1.68872438e-01
1.15574700e+04 8.02603490e-01 1.94708136e-01 4.11913526e+00 1.72136308e-01
1.15575700e+04 8.16911200e-01 1.98513925e-01 4.11917083e+00 1.75500907e-01
1.15576700e+04 8.31664090e-01 2.02438425e-01 4.11920640e+00 1.78970456e-01
1.15577700e+04 8.46880950e-01 2.06486648e-01 4.11924198e+00 1.82549384e-01
1.15578700e+04 8.62581550e-01 2.10663864e-01 4.11927755e+00 1.86242353e-01
1.15579700e+04 8.78786680e-01 2.14975618e-01 4.11931312e+00 1.90054263e-01
1.15580700e+04 8.95518190e-01 2.19427736e-01 4.11934869e+00 1.93990265e-01
1.15581700e+04 9.12799080e-01 2.24026352e-01 4.11938427e+00 1.98055782e-01
1.15582700e+04 9.30653520e-01 2.28777911e-01 4.11941984e+00 2.02256512e-01
1.15583700e+04 9.49106970e-01 2.33689201e-01 4.11945541e+00 2.06598456e-01
1.15584700e+04 9.68186230e-01 2.38767369e-01 4.11949099e+00 2.11087933e-01
1.15585700e+04 9.87919480e-01 2.44019930e-01 4.11952656e+00 2.15731586e-01
1.15586700e+04 1.00833640e+00 2.49454798e-01 4.11956213e+00 2.20536412e-01
1.15587700e+04 1.02946830e+00 2.55080322e-01 4.11959770e+00 2.25509792e-01
1.15588700e+04 1.05134800e+00 2.60905254e-01 4.11963328e+00 2.30659464e-01
1.15589700e+04 1.07401020e+00 2.66938847e-01 4.11966885e+00 2.35993607e-01
1.15590700e+04 1.09749140e+00 2.73190835e-01 4.11970442e+00 2.41520827e-01
1.15591700e+04 1.12183000e+00 2.79671456e-01 4.11974000e+00 2.47250177e-01
1.15592700e+04 1.14706630e+00 2.86391457e-01 4.11977557e+00 2.53191156e-01
1.15593700e+04 1.17324300e+00 2.93362225e-01 4.11981114e+00 2.59353832e-01
1.15594700e+04 1.20040470e+00 3.00595653e-01 4.11984671e+00 2.65748718e-01
1.15595700e+04 1.22859850e+00 3.08104300e-01 4.11988229e+00 2.72386919e-01
1.15596700e+04 1.25787400e+00 3.15901393e-01 4.11991786e+00 2.79280127e-01
1.15597700e+04 1.28828290e+00 3.24000717e-01 4.11995343e+00 2.86440530e-01
1.15598700e+04 1.31988000e+00 3.32416887e-01 4.11998901e+00 2.93881048e-01
1.15599700e+04 1.35272230e+00 3.41165100e-01 4.12002458e+00 3.01615117e-01
1.15600700e+04 1.38686990e+00 3.50261385e-01 4.12006015e+00 3.09656907e-01
1.15601700e+04 1.42238550e+00 3.59722459e-01 4.12009572e+00 3.18021199e-01
1.15602700e+04 1.45933460e+00 3.69565790e-01 4.12013130e+00 3.26723434e-01
1.15603700e+04 1.49778560e+00 3.79809617e-01 4.12016687e+00 3.35779737e-01
1.15604700e+04 1.53780980e+00 3.90472953e-01 4.12020244e+00 3.45206916e-01
1.15605700e+04 1.57948120e+00 4.01575530e-01 4.12023802e+00 3.55022418e-01
1.15606700e+04 1.62287640e+00 4.13137775e-01 4.12027359e+00 3.65244301e-01
1.15607700e+04 1.66807480e+00 4.25180861e-01 4.12030916e+00 3.75891282e-01
1.15608700e+04 1.71515780e+00 4.37726493e-01 4.12034473e+00 3.86982551e-01
1.15609700e+04 1.76420920e+00 4.50797017e-01 4.12038031e+00 3.98537865e-01
1.15610700e+04 1.81531400e+00 4.64415100e-01 4.12041588e+00 4.10577261e-01
1.15611700e+04 1.86855890e+00 4.78603861e-01 4.12045145e+00 4.23121179e-01
1.15612700e+04 1.92403070e+00 4.93386447e-01 4.12048703e+00 4.36190081e-01
1.15613700e+04 1.98181620e+00 5.08786002e-01 4.12052260e+00 4.49804431e-01
1.15614700e+04 2.04200110e+00 5.24825380e-01 4.12055817e+00 4.63984432e-01
1.15615700e+04 2.10466860e+00 5.41526767e-01 4.12059374e+00 4.78749699e-01
1.15616700e+04 2.16989860e+00 5.58911469e-01 4.12062932e+00 4.94119066e-01
1.15617700e+04 2.23776570e+00 5.76999379e-01 4.12066489e+00 5.10110122e-01
1.15618700e+04 2.30833730e+00 5.95808470e-01 4.12070046e+00 5.26738755e-01
1.15619700e+04 2.38167180e+00 6.15354314e-01 4.12073604e+00 5.44018733e-01
1.15620700e+04 2.45781620e+00 6.35649445e-01 4.12077161e+00 5.61961136e-01
1.15621700e+04 2.53680270e+00 6.56702448e-01 4.12080718e+00 5.80573555e-01
1.15622700e+04 2.61864670e+00 6.78517432e-01 4.12084275e+00 5.99859621e-01
1.15623700e+04 2.70334240e+00 7.01092848e-01 4.12087833e+00 6.19817967e-01
1.15624700e+04 2.79086000e+00 7.24420751e-01 4.12091390e+00 6.40441567e-01
1.15625700e+04 2.88114130e+00 7.48485620e-01 4.12094947e+00 6.61716700e-01
1.15626700e+04 2.97409610e+00 7.73263404e-01 4.12098505e+00 6.83622103e-01
1.15627700e+04 3.06959800e+00 7.98720396e-01 4.12102062e+00 7.06127977e-01
1.15628700e+04 3.16748100e+00 8.24812331e-01 4.12105619e+00 7.29195188e-01
1.15629700e+04 3.26753510e+00 8.51483211e-01 4.12109176e+00 7.52774230e-01
1.15630700e+04 3.36950420e+00 8.78664744e-01 4.12112734e+00 7.76804727e-01
1.15631700e+04 3.47308290e+00 9.06275492e-01 4.12116291e+00 8.01214682e-01
1.15632700e+04 3.57791600e+00 9.34220737e-01 4.12119848e+00 8.25920359e-01
1.15633700e+04 3.68359780e+00 9.62392297e-01 4.12123406e+00 8.50826115e-01
1.15634700e+04 3.78967420e+00 9.90669080e-01 4.12126963e+00 8.75824897e-01
1.15635700e+04 3.89564540e+00 1.01891781e+00 4.12130520e+00 9.00798879e-01
1.15636700e+04 4.00097110e+00 1.04699441e+00 4.12134077e+00 9.25620687e-01
1.15637700e+04 4.10507780e+00 1.07474596e+00 4.12137635e+00 9.50155120e-01
1.15638700e+04 4.20736750e+00 1.10201298e+00 4.12141192e+00 9.74261202e-01
1.15639700e+04 4.30722880e+00 1.12863245e+00 4.12144749e+00 9.97794797e-01
1.15640700e+04 4.40404640e+00 1.15444028e+00 4.12148307e+00 1.02061085e+00
1.15641700e+04 4.49721230e+00 1.17927436e+00 4.12151864e+00 1.04256603e+00
1.15642700e+04 4.58614340e+00 1.20297919e+00 4.12155421e+00 1.06352286e+00
1.15643700e+04 4.67029620e+00 1.22540983e+00 4.12158978e+00 1.08335323e+00
1.15644700e+04 4.74917300e+00 1.24643358e+00 4.12162536e+00 1.10193980e+00
1.15645700e+04 4.82233600e+00 1.26593370e+00 4.12166093e+00 1.11917936e+00
1.15646700e+04 4.88942180e+00 1.28381326e+00 4.12169650e+00 1.13498624e+00
1.15647700e+04 4.95015150e+00 1.29999792e+00 4.12173208e+00 1.14929469e+00
1.15648700e+04 5.00433790e+00 1.31443774e+00 4.12176765e+00 1.16206057e+00
1.15649700e+04 5.05188350e+00 1.32710673e+00 4.12180322e+00 1.17326091e+00
1.15650700e+04 5.09277680e+00 1.33800182e+00 4.12183879e+00 1.18289300e+00
1.15651700e+04 5.12708780e+00 1.34714167e+00 4.12187437e+00 1.19097332e+00
1.15652700e+04 5.15496110e+00 1.35456486e+00 4.12190994e+00 1.19753598e+00
1.15653700e+04 5.17660710e+00 1.36032747e+00 4.12194551e+00 1.20263057e+00
1.15654700e+04 5.19229190e+00 1.36450047e+00 4.12198109e+00 1.20631983e+00
1.15655700e+04 5.20232690e+00 1.36716690e+00 4.12201666e+00 1.20867717e+00
1.15656700e+04 5.20705800e+00 1.36841900e+00 4.12205223e+00 1.20978413e+00
1.15657700e+04 5.20685550e+00 1.36835550e+00 4.12208780e+00 1.20972800e+00
1.15658700e+04 5.20210410e+00 1.36707900e+00 4.12212338e+00 1.20859949e+00
1.15659700e+04 5.19319450e+00 1.36469367e+00 4.12215895e+00 1.20649070e+00
1.15660700e+04 5.18051560e+00 1.36130322e+00 4.12219452e+00 1.20349330e+00
1.15661700e+04 5.16444890e+00 1.35700939e+00 4.12223010e+00 1.19969725e+00
1.15662700e+04 5.14536320e+00 1.35191051e+00 4.12226567e+00 1.19518947e+00
1.15663700e+04 5.12361110e+00 1.34610060e+00 4.12230124e+00 1.19005310e+00
1.15664700e+04 5.09952610e+00 1.33966861e+00 4.12233681e+00 1.18436675e+00
1.15665700e+04 5.07342130e+00 1.33269802e+00 4.12237239e+00 1.17820424e+00
1.15666700e+04 5.04558840e+00 1.32526661e+00 4.12240796e+00 1.17163434e+00
1.15667700e+04 5.01629720e+00 1.31744634e+00 4.12244353e+00 1.16472065e+00
1.15668700e+04 4.98579630e+00 1.30930349e+00 4.12247911e+00 1.15752177e+00
1.15669700e+04 4.95431390e+00 1.30089891e+00 4.12251468e+00 1.15009151e+00
1.15670700e+04 4.92205800e+00 1.29228807e+00 4.12255025e+00 1.14247890e+00
1.15671700e+04 4.88921820e+00 1.28352152e+00 4.12258582e+00 1.13472864e+00
1.15672700e+04 4.85596670e+00 1.27464520e+00 4.12262140e+00 1.12688131e+00
1.15673700e+04 4.82245950e+00 1.26570068e+00 4.12265697e+00 1.11897371e+00
1.15674700e+04 4.78883740e+00 1.25672553e+00 4.12269254e+00 1.11103902e+00
1.15675700e+04 4.75522780e+00 1.24775372e+00 4.12272812e+00 1.10310728e+00
1.15676700e+04 4.72174500e+00 1.23881571e+00 4.12276369e+00 1.09520543e+00
1.15677700e+04 4.68849190e+00 1.22993896e+00 4.12279926e+00 1.08735773e+00
1.15678700e+04 4.65556040e+00 1.22114796e+00 4.12283483e+00 1.07958585e+00
1.15679700e+04 4.62303280e+00 1.21246467e+00 4.12287041e+00 1.07190918e+00
1.15680700e+04 4.59098200e+00 1.20390852e+00 4.12290598e+00 1.06434492e+00
1.15681700e+04 4.55947280e+00 1.19549679e+00 4.12294155e+00 1.05690834e+00
1.15682700e+04 4.52856190e+00 1.18724461e+00 4.12297713e+00 1.04961280e+00
1.15683700e+04 4.49829890e+00 1.17916520e+00 4.12301270e+00 1.04247001e+00
1.15684700e+04 4.46872680e+00 1.17127002e+00 4.12304827e+00 1.03549009e+00
1.15685700e+04 4.43988210e+00 1.16356880e+00 4.12308384e+00 1.02868166e+00
1.15686700e+04 4.41179560e+00 1.15606977e+00 4.12311942e+00 1.02205197e+00
1.15687700e+04 4.38449270e+00 1.14877970e+00 4.12315499e+00 1.01560701e+00
1.15688700e+04 4.35799340e+00 1.14170391e+00 4.12319056e+00 1.00935150e+00
1.15689700e+04 4.33231330e+00 1.13484657e+00 4.12322614e+00 1.00328911e+00
1.15690700e+04 4.30746330e+00 1.12821058e+00 4.12326171e+00 9.97422409e-01
1.15691700e+04 4.28345030e+00 1.12179779e+00 4.12329728e+00 9.91753032e-01
1.15692700e+04 4.26027710e+00 1.11560894e+00 4.12333285e+00 9.86281636e-01
1.15693700e+04 4.23794320e+00 1.10964389e+00 4.12336843e+00 9.81008101e-01
1.15694700e+04 4.21644450e+00 1.10390156e+00 4.12340400e+00 9.75931463e-01
1.15695700e+04 4.19577380e+00 1.09838002e+00 4.12343957e+00 9.71050023e-01
1.15696700e+04 4.17592120e+00 1.09307664e+00 4.12347514e+00 9.66361447e-01
1.15697700e+04 4.15687400e+00 1.08798803e+00 4.12351072e+00 9.61862742e-01
1.15698700e+04 4.13861730e+00 1.08311021e+00 4.12354629e+00 9.57550394e-01
1.15699700e+04 4.12113380e+00 1.07843857e+00 4.12358186e+00 9.53420326e-01
1.15700700e+04 4.10440440e+00 1.07396801e+00 4.12361744e+00 9.49468035e-01
1.15701700e+04 4.08840830e+00 1.06969300e+00 4.12365301e+00 9.45688617e-01
1.15702700e+04 4.07312320e+00 1.06560759e+00 4.12368858e+00 9.42076815e-01
1.15703700e+04 4.05852540e+00 1.06170545e+00 4.12372415e+00 9.38627042e-01
1.15704700e+04 4.04459040e+00 1.05798005e+00 4.12375973e+00 9.35333521e-01
1.15705700e+04 4.03129280e+00 1.05442462e+00 4.12379530e+00 9.32190266e-01
1.15706700e+04 4.01860660e+00 1.05103223e+00 4.12383087e+00 9.29191147e-01
1.15707700e+04 4.00650550e+00 1.04779585e+00 4.12386645e+00 9.26329962e-01
1.15708700e+04 3.99496320e+00 1.04470849e+00 4.12390202e+00 9.23600514e-01
1.15709700e+04 3.98395330e+00 1.04176310e+00 4.12393759e+00 9.20996577e-01
1.15710700e+04 3.97345010e+00 1.03895282e+00 4.12397316e+00 9.18512092e-01
1.15711700e+04 3.96342820e+00 1.03627089e+00 4.12400874e+00 9.16141073e-01
1.15712700e+04 3.95386340e+00 1.03371085e+00 4.12404431e+00 9.13877814e-01
1.15713700e+04 3.94473220e+00 1.03126643e+00 4.12407988e+00 9.11716774e-01
1.15714700e+04 3.93601260e+00 1.02893177e+00 4.12411546e+00 9.09652768e-01
1.15715700e+04 3.92768380e+00 1.02670131e+00 4.12415103e+00 9.07680892e-01
1.15716700e+04 3.91972680e+00 1.02457001e+00 4.12418660e+00 9.05796666e-01
1.15717700e+04 3.91212430e+00 1.02253323e+00 4.12422217e+00 9.03996013e-01
1.15718700e+04 3.90486070e+00 1.02058682e+00 4.12425775e+00 9.02275254e-01
1.15719700e+04 3.89792240e+00 1.01872716e+00 4.12429332e+00 9.00631184e-01
1.15720700e+04 3.89129790e+00 1.01695118e+00 4.12432889e+00 8.99061091e-01
1.15721700e+04 3.88497760e+00 1.01525631e+00 4.12436447e+00 8.97562713e-01
1.15722700e+04 3.87895390e+00 1.01364054e+00 4.12440004e+00 8.96134257e-01
1.15723700e+04 3.87322110e+00 1.01210233e+00 4.12443561e+00 8.94774379e-01
1.15724700e+04 3.86777540e+00 1.01064069e+00 4.12447118e+00 8.93482185e-01
1.15725700e+04 3.86261470e+00 1.00925504e+00 4.12450676e+00 8.92257178e-01
1.15726700e+04 3.85773860e+00 1.00794528e+00 4.12454233e+00 8.91099265e-01
1.15727700e+04 3.85314820e+00 1.00671171e+00 4.12457790e+00 8.90008705e-01
1.15728700e+04 3.84884560e+00 1.00555488e+00 4.12461348e+00 8.88985993e-01
1.15729700e+04 3.84483420e+00 1.00447571e+00 4.12464905e+00 8.88031931e-01
1.15730700e+04 3.84111820e+00 1.00347530e+00 4.12468462e+00 8.87147508e-01
1.15731700e+04 3.83770220e+00 1.00255490e+00 4.12472019e+00 8.86333809e-01
1.15732700e+04 3.83459140e+00 1.00171587e+00 4.12475577e+00 8.85592060e-01
1.15733700e+04 3.83179100e+00 1.00095962e+00 4.12479134e+00 8.84923487e-01
1.15734700e+04 3.82930620e+00 1.00028753e+00 4.12482691e+00 8.84329316e-01
1.15735700e+04 3.82714180e+00 9.99700874e-01 4.12486249e+00 8.83810678e-01
1.15736700e+04 3.82530210e+00 9.99200802e-01 4.12489806e+00 8.83368587e-01
1.15737700e+04 3.82379050e+00 9.98788222e-01 4.12493363e+00 8.83003845e-01
1.15738700e+04 3.82260980e+00 9.98463879e-01 4.12496920e+00 8.82717112e-01
1.15739700e+04 3.82176140e+00 9.98228147e-01 4.12500478e+00 8.82508717e-01
1.15740700e+04 3.82124570e+00 9.98081132e-01 4.12504035e+00 8.82378755e-01
1.15741700e+04 3.82106180e+00 9.98022596e-01 4.12507592e+00 8.82327014e-01
1.15742700e+04 3.82120710e+00 9.98051843e-01 4.12511150e+00 8.82352881e-01
1.15743700e+04 3.82167780e+00 9.98167862e-01 4.12514707e+00 8.82455460e-01
1.15744700e+04 3.82246860e+00 9.98369238e-01 4.12518264e+00 8.82633502e-01
1.15745700e+04 3.82357230e+00 9.98654052e-01 4.12521821e+00 8.82885309e-01
1.15746700e+04 3.82498060e+00 9.99020091e-01 4.12525379e+00 8.83208925e-01
1.15747700e+04 3.82668340e+00 9.99464661e-01 4.12528936e+00 8.83601968e-01
1.15748700e+04 3.82866930e+00 9.99984722e-01 4.12532493e+00 8.84061751e-01
1.15749700e+04 3.83092560e+00 1.00057689e+00 4.12536051e+00 8.84585280e-01
1.15750700e+04 3.83343800e+00 1.00123735e+00 4.12539608e+00 8.85169184e-01
1.15751700e+04 3.83619130e+00 1.00196204e+00 4.12543165e+00 8.85809880e-01
1.15752700e+04 3.83916930e+00 1.00274665e+00 4.12546722e+00 8.86503548e-01
1.15753700e+04 3.84235450e+00 1.00358652e+00 4.12550280e+00 8.87246062e-01
1.15754700e+04 3.84572900e+00 1.00447687e+00 4.12553837e+00 8.88033204e-01
1.15755700e+04 3.84927410e+00 1.00541270e+00 4.12557394e+00 8.88860564e-01
1.15756700e+04 3.85297060e+00 1.00638891e+00 4.12560952e+00 8.89723616e-01
1.15757700e+04 3.85679890e+00 1.00740027e+00 4.12564509e+00 8.90617740e-01
1.15758700e+04 3.86073940e+00 1.00844154e+00 4.12568066e+00 8.91538314e-01
1.15759700e+04 3.86477220e+00 1.00950743e+00 4.12571623e+00 8.92480648e-01
1.15760700e+04 3.86887780e+00 1.01059272e+00 4.12575181e+00 8.93440145e-01
1.15761700e+04 3.87303670e+00 1.01169224e+00 4.12578738e+00 8.94412207e-01
1.15762700e+04 3.87722980e+00 1.01280087e+00 4.12582295e+00 8.95392331e-01
1.15763700e+04 3.88143850e+00 1.01391366e+00 4.12585853e+00 8.96376133e-01
1.15764700e+04 3.88564460e+00 1.01502576e+00 4.12589410e+00 8.97359322e-01
1.15765700e+04 3.88983070e+00 1.01613253e+00 4.12592967e+00 8.98337796e-01
1.15766700e+04 3.89398000e+00 1.01722948e+00 4.12596524e+00 8.99307595e-01
1.15767700e+04 3.89807650e+00 1.01831235e+00 4.12600082e+00 9.00264946e-01
1.15768700e+04 3.90210480e+00 1.01937704e+00 4.12603639e+00 9.01206220e-01
1.15769700e+04 3.90605070e+00 1.02041975e+00 4.12607196e+00 9.02128068e-01
1.15770700e+04 3.90990030e+00 1.02143678e+00 4.12610754e+00 9.03027213e-01
1.15771700e+04 3.91364080e+00 1.02242473e+00 4.12614311e+00 9.03900638e-01
1.15772700e+04 3.91726020e+00 1.02338038e+00 4.12617868e+00 9.04745515e-01
1.15773700e+04 3.92074720e+00 1.02430072e+00 4.12621425e+00 9.05559178e-01
1.15774700e+04 3.92409130e+00 1.02518296e+00 4.12624983e+00 9.06339154e-01
1.15775700e+04 3.92728270e+00 1.02602448e+00 4.12628540e+00 9.07083130e-01
1.15776700e+04 3.93031240e+00 1.02682288e+00 4.12632097e+00 9.07788987e-01
1.15777700e+04 3.93317180e+00 1.02757587e+00 4.12635655e+00 9.08454696e-01
1.15778700e+04 3.93585340e+00 1.02828144e+00 4.12639212e+00 9.09078488e-01
1.15779700e+04 3.93834980e+00 1.02893763e+00 4.12642769e+00 9.09658621e-01
1.15780700e+04 3.94065470e+00 1.02954276e+00 4.12646326e+00 9.10193608e-01
1.15781700e+04 3.94276200e+00 1.03009519e+00 4.12649884e+00 9.10682011e-01
1.15782700e+04 3.94466640e+00 1.03059352e+00 4.12653441e+00 9.11122581e-01
1.15783700e+04 3.94636300e+00 1.03103644e+00 4.12656998e+00 9.11514163e-01
1.15784700e+04 3.94784780e+00 1.03142287e+00 4.12660556e+00 9.11855814e-01
1.15785700e+04 3.94911700e+00 1.03175182e+00 4.12664113e+00 9.12146638e-01
1.15786700e+04 3.95016760e+00 1.03202248e+00 4.12667670e+00 9.12385927e-01
1.15787700e+04 3.95099720e+00 1.03223420e+00 4.12671227e+00 9.12573116e-01
1.15788700e+04 3.95160410e+00 1.03238654e+00 4.12674785e+00 9.12707805e-01
1.15789700e+04 3.95198710e+00 1.03247917e+00 4.12678342e+00 9.12789709e-01
1.15790700e+04 3.95214580e+00 1.03251199e+00 4.12681899e+00 9.12818736e-01
1.15791700e+04 3.95208040e+00 1.03248505e+00 4.12685457e+00 9.12794931e-01
1.15792700e+04 3.95179210e+00 1.03239868e+00 4.12689014e+00 9.12718578e-01
1.15793700e+04 3.95128250e+00 1.03225329e+00 4.12692571e+00 9.12590055e-01
1.15794700e+04 3.95055430e+00 1.03204961e+00 4.12696128e+00 9.12409997e-01
1.15795700e+04 3.94961080e+00 1.03178852e+00 4.12699686e+00 9.12179183e-01
1.15796700e+04 3.94845600e+00 1.03147108e+00 4.12703243e+00 9.11898556e-01
1.15797700e+04 3.94709510e+00 1.03109869e+00 4.12706800e+00 9.11569340e-01
1.15798700e+04 3.94553370e+00 1.03067283e+00 4.12710358e+00 9.11192858e-01
1.15799700e+04 3.94377830e+00 1.03019523e+00 4.12713915e+00 9.10770641e-01
1.15800700e+04 3.94183640e+00 1.02966791e+00 4.12717472e+00 9.10304457e-01
1.15801700e+04 3.93971600e+00 1.02909299e+00 4.12721029e+00 9.09796191e-01
1.15802700e+04 3.93742600e+00 1.02847284e+00 4.12724587e+00 9.09247944e-01
1.15803700e+04 3.93497580e+00 1.02780997e+00 4.12728144e+00 9.08661929e-01
1.15804700e+04 3.93237570e+00 1.02710713e+00 4.12731701e+00 9.08040576e-01
1.15805700e+04 3.92963650e+00 1.02636720e+00 4.12735259e+00 9.07386430e-01
1.15806700e+04 3.92676960e+00 1.02559322e+00 4.12738816e+00 9.06702180e-01
1.15807700e+04 3.92378680e+00 1.02478833e+00 4.12742373e+00 9.05990606e-01
1.15808700e+04 3.92070040e+00 1.02395581e+00 4.12745930e+00 9.05254609e-01
1.15809700e+04 3.91752320e+00 1.02309908e+00 4.12749488e+00 9.04497206e-01
1.15810700e+04 3.91426830e+00 1.02222163e+00 4.12753045e+00 9.03721486e-01
1.15811700e+04 3.91094880e+00 1.02132696e+00 4.12756602e+00 9.02930536e-01
1.15812700e+04 3.90757830e+00 1.02041869e+00 4.12760160e+00 9.02127563e-01
1.15813700e+04 3.90417030e+00 1.01950041e+00 4.12763717e+00 9.01315750e-01
1.15814700e+04 3.90073850e+00 1.01857579e+00 4.12767274e+00 9.00498326e-01
1.15815700e+04 3.89729630e+00 1.01764840e+00 4.12770831e+00 8.99678450e-01
1.15816700e+04 3.89385740e+00 1.01672188e+00 4.12774389e+00 8.98859352e-01
1.15817700e+04 3.89043510e+00 1.01579980e+00 4.12777946e+00 8.98044167e-01
1.15818700e+04 3.88704240e+00 1.01488560e+00 4.12781503e+00 8.97235960e-01
1.15819700e+04 3.88369230e+00 1.01398277e+00 4.12785061e+00 8.96437797e-01
1.15820700e+04 3.88039730e+00 1.01309463e+00 4.12788618e+00 8.95652623e-01
1.15821700e+04 3.87716950e+00 1.01222441e+00 4.12792175e+00 8.94883291e-01
1.15822700e+04 3.87402070e+00 1.01137525e+00 4.12795732e+00 8.94132583e-01
1.15823700e+04 3.87096230e+00 1.01055020e+00 4.12799290e+00 8.93403186e-01
1.15824700e+04 3.86800490e+00 1.00975209e+00 4.12802847e+00 8.92697600e-01
1.15825700e+04 3.86515900e+00 1.00898370e+00 4.12806404e+00 8.92018300e-01
1.15826700e+04 3.86243440e+00 1.00824766e+00 4.12809962e+00 8.91367596e-01
1.15827700e+04 3.85984010e+00 1.00754637e+00 4.12813519e+00 8.90747610e-01
1.15828700e+04 3.85738500e+00 1.00688220e+00 4.12817076e+00 8.90160440e-01
1.15829700e+04 3.85507700e+00 1.00625725e+00 4.12820633e+00 8.89607949e-01
1.15830700e+04 3.85292370e+00 1.00567355e+00 4.12824191e+00 8.89091927e-01
1.15831700e+04 3.85093200e+00 1.00513295e+00 4.12827748e+00 8.88614002e-01
1.15832700e+04 3.84910810e+00 1.00463709e+00 4.12831305e+00 8.88175636e-01
1.15833700e+04 3.84745780e+00 1.00418752e+00 4.12834863e+00 8.87778195e-01
1.15834700e+04 3.84598620e+00 1.00378561e+00 4.12838420e+00 8.87422882e-01
1.15835700e+04 3.84469790e+00 1.00343257e+00 4.12841977e+00 8.87110782e-01
1.15836700e+04 3.84359680e+00 1.00312946e+00 4.12845534e+00 8.86842814e-01
1.15837700e+04 3.84268630e+00 1.00287717e+00 4.12849092e+00 8.86619779e-01
1.15838700e+04 3.84196950e+00 1.00267653e+00 4.12852649e+00 8.86442408e-01
1.15839700e+04 3.84144870e+00 1.00252815e+00 4.12856206e+00 8.86311244e-01
1.15840700e+04 3.84112570e+00 1.00243252e+00 4.12859764e+00 8.86226711e-01
1.15841700e+04 3.84100200e+00 1.00239004e+00 4.12863321e+00 8.86189162e-01
1.15842700e+04 3.84107850e+00 1.00240094e+00 4.12866878e+00 8.86198810e-01
1.15843700e+04 3.84135580e+00 1.00246539e+00 4.12870435e+00 8.86255795e-01
1.15844700e+04 3.84183400e+00 1.00258341e+00 4.12873993e+00 8.86360143e-01
1.15845700e+04 3.84251280e+00 1.00275492e+00 4.12877550e+00 8.86511781e-01
1.15846700e+04 3.84339160e+00 1.00297976e+00 4.12881107e+00 8.86710569e-01
1.15847700e+04 3.84446940e+00 1.00325767e+00 4.12884664e+00 8.86956270e-01
1.15848700e+04 3.84574520e+00 1.00358837e+00 4.12888222e+00 8.87248650e-01
1.15849700e+04 3.84721730e+00 1.00397142e+00 4.12891779e+00 8.87587307e-01
1.15850700e+04 3.84888400e+00 1.00440637e+00 4.12895336e+00 8.87971840e-01
1.15851700e+04 3.85074350e+00 1.00489272e+00 4.12898894e+00 8.88401825e-01
1.15852700e+04 3.85279350e+00 1.00542988e+00 4.12902451e+00 8.88876720e-01
1.15853700e+04 3.85503190e+00 1.00601727e+00 4.12906008e+00 8.89396030e-01
1.15854700e+04 3.85745610e+00 1.00665421e+00 4.12909565e+00 8.89959142e-01
1.15855700e+04 3.86006370e+00 1.00734005e+00 4.12913123e+00 8.90565490e-01
1.15856700e+04 3.86285210e+00 1.00807411e+00 4.12916680e+00 8.91214461e-01
1.15857700e+04 3.86581870e+00 1.00885568e+00 4.12920237e+00 8.91905442e-01
1.15858700e+04 3.86896070e+00 1.00968403e+00 4.12923795e+00 8.92637773e-01
1.15859700e+04 3.87227550e+00 1.01055845e+00 4.12927352e+00 8.93410842e-01
1.15860700e+04 3.87576040e+00 1.01147824e+00 4.12930909e+00 8.94224011e-01
1.15861700e+04 3.87941280e+00 1.01244268e+00 4.12934466e+00 8.95076668e-01
1.15862700e+04 3.88323000e+00 1.01345108e+00 4.12938024e+00 8.95968176e-01
1.15863700e+04 3.88720960e+00 1.01450278e+00 4.12941581e+00 8.96897969e-01
1.15864700e+04 3.89134920e+00 1.01559715e+00 4.12945138e+00 8.97865482e-01
1.15865700e+04 3.89564630e+00 1.01673351e+00 4.12948696e+00 8.98870126e-01
1.15866700e+04 3.90009880e+00 1.01791131e+00 4.12952253e+00 8.99911404e-01
1.15867700e+04 3.90470450e+00 1.01912997e+00 4.12955810e+00 9.00988799e-01
1.15868700e+04 3.90946160e+00 1.02038900e+00 4.12959367e+00 9.02101886e-01
1.15869700e+04 3.91436810e+00 1.02168786e+00 4.12962925e+00 9.03250194e-01
1.15870700e+04 3.91942220e+00 1.02302609e+00 4.12966482e+00 9.04433298e-01
1.15871700e+04 3.92462260e+00 1.02440333e+00 4.12970039e+00 9.05650892e-01
1.15872700e+04 3.92996760e+00 1.02581913e+00 4.12973597e+00 9.06902575e-01
1.15873700e+04 3.93545590e+00 1.02727313e+00 4.12977154e+00 9.08188041e-01
1.15874700e+04 3.94108630e+00 1.02876504e+00 4.12980711e+00 9.09507007e-01
1.15875700e+04 3.94685750e+00 1.03029448e+00 4.12984268e+00 9.10859165e-01
1.15876700e+04 3.95276850e+00 1.03186121e+00 4.12987826e+00 9.12244282e-01
1.15877700e+04 3.95881800e+00 1.03346487e+00 4.12991383e+00 9.13662049e-01
1.15878700e+04 3.96500500e+00 1.03510519e+00 4.12994940e+00 9.15112232e-01
1.15879700e+04 3.97132830e+00 1.03678186e+00 4.12998498e+00 9.16594547e-01
1.15880700e+04 3.97778660e+00 1.03849453e+00 4.13002055e+00 9.18108688e-01
1.15881700e+04 3.98437850e+00 1.04024283e+00 4.13005612e+00 9.19654325e-01
1.15882700e+04 3.99110230e+00 1.04202629e+00 4.13009169e+00 9.21231057e-01
1.15883700e+04 3.99795630e+00 1.04384448e+00 4.13012727e+00 9.22838483e-01
1.15884700e+04 4.00493830e+00 1.04569680e+00 4.13016284e+00 9.24476085e-01
1.15885700e+04 4.01204600e+00 1.04758264e+00 4.13019841e+00 9.26143321e-01
1.15886700e+04 4.01927640e+00 1.04950119e+00 4.13023399e+00 9.27839482e-01
1.15887700e+04 4.02662640e+00 1.05145164e+00 4.13026956e+00 9.29563840e-01
1.15888700e+04 4.03409220e+00 1.05343297e+00 4.13030513e+00 9.31315497e-01
1.15889700e+04 4.04166960e+00 1.05544406e+00 4.13034070e+00 9.33093463e-01
1.15890700e+04 4.04935370e+00 1.05748360e+00 4.13037628e+00 9.34896583e-01
1.15891700e+04 4.05713930e+00 1.05955021e+00 4.13041185e+00 9.36723632e-01
1.15892700e+04 4.06502020e+00 1.06164223e+00 4.13044742e+00 9.38573148e-01
1.15893700e+04 4.07298990e+00 1.06375792e+00 4.13048300e+00 9.40443598e-01
1.15894700e+04 4.08104080e+00 1.06589528e+00 4.13051857e+00 9.42333191e-01
1.15895700e+04 4.08916500e+00 1.06805217e+00 4.13055414e+00 9.44240065e-01
1.15896700e+04 4.09735370e+00 1.07022627e+00 4.13058971e+00 9.46162144e-01
1.15897700e+04 4.10559750e+00 1.07241506e+00 4.13062529e+00 9.48097212e-01
1.15898700e+04 4.11388620e+00 1.07461582e+00 4.13066086e+00 9.50042866e-01
1.15899700e+04 4.12220890e+00 1.07682565e+00 4.13069643e+00 9.51996535e-01
1.15900700e+04 4.13055420e+00 1.07904151e+00 4.13073201e+00 9.53955533e-01
1.15901700e+04 4.13891000e+00 1.08126016e+00 4.13076758e+00 9.55917005e-01
1.15902700e+04 4.14726350e+00 1.08347820e+00 4.13080315e+00 9.57877936e-01
1.15903700e+04 4.15560140e+00 1.08569209e+00 4.13083872e+00 9.59835189e-01
1.15904700e+04 4.16391010e+00 1.08789818e+00 4.13087430e+00 9.61785558e-01
1.15905700e+04 4.17217540e+00 1.09009271e+00 4.13090987e+00 9.63725695e-01
1.15906700e+04 4.18038270e+00 1.09227176e+00 4.13094544e+00 9.65652160e-01
1.15907700e+04 4.18851730e+00 1.09443143e+00 4.13098102e+00 9.67561485e-01
1.15908700e+04 4.19656420e+00 1.09656772e+00 4.13101659e+00 9.69450136e-01
1.15909700e+04 4.20450820e+00 1.09867656e+00 4.13105216e+00 9.71314528e-01
1.15910700e+04 4.21233420e+00 1.10075394e+00 4.13108773e+00 9.73151102e-01
1.15911700e+04 4.22002730e+00 1.10279588e+00 4.13112331e+00 9.74956345e-01
1.15912700e+04 4.22757250e+00 1.10479838e+00 4.13115888e+00 9.76726721e-01
1.15913700e+04 4.23495530e+00 1.10675758e+00 4.13119445e+00 9.78458812e-01
1.15914700e+04 4.24216150e+00 1.10866968e+00 4.13123003e+00 9.80149270e-01
1.15915700e+04 4.24917740e+00 1.11053104e+00 4.13126560e+00 9.81794865e-01
1.15916700e+04 4.25598980e+00 1.11233813e+00 4.13130117e+00 9.83392486e-01
1.15917700e+04 4.26258640e+00 1.11408768e+00 4.13133674e+00 9.84939232e-01
1.15918700e+04 4.26895520e+00 1.11577649e+00 4.13137232e+00 9.86432275e-01
1.15919700e+04 4.27508560e+00 1.11740172e+00 4.13140789e+00 9.87869116e-01
1.15920700e+04 4.28096750e+00 1.11896068e+00 4.13144346e+00 9.89247373e-01
1.15921700e+04 4.28659180e+00 1.12045096e+00 4.13147904e+00 9.90564902e-01
1.15922700e+04 4.29195070e+00 1.12187046e+00 4.13151461e+00 9.91819864e-01
1.15923700e+04 4.29703720e+00 1.12321733e+00 4.13155018e+00 9.93010608e-01
1.15924700e+04 4.30184560e+00 1.12449004e+00 4.13158575e+00 9.94135791e-01
1.15925700e+04 4.30637110e+00 1.12568731e+00 4.13162133e+00 9.95194281e-01
1.15926700e+04 4.31061040e+00 1.12680826e+00 4.13165690e+00 9.96185299e-01
1.15927700e+04 4.31456090e+00 1.12785220e+00 4.13169247e+00 9.97108234e-01
1.15928700e+04 4.31822150e+00 1.12881883e+00 4.13172805e+00 9.97962826e-01
1.15929700e+04 4.32159220e+00 1.12970816e+00 4.13176362e+00 9.98749075e-01
1.15930700e+04 4.32467370e+00 1.13052038e+00 4.13179919e+00 9.99467145e-01
1.15931700e+04 4.32746830e+00 1.13125609e+00 4.13183476e+00 1.00011758e+00
1.15932700e+04 4.32997900e+00 1.13191609e+00 4.13187034e+00 1.00070109e+00
1.15933700e+04 4.33220960e+00 1.13250140e+00 4.13190591e+00 1.00121856e+00
1.15934700e+04 4.33416520e+00 1.13301338e+00 4.13194148e+00 1.00167120e+00
1.15935700e+04 4.33585140e+00 1.13345353e+00 4.13197706e+00 1.00206033e+00
1.15936700e+04 4.33727460e+00 1.13382354e+00 4.13201263e+00 1.00238746e+00
1.15937700e+04 4.33844190e+00 1.13412531e+00 4.13204820e+00 1.00265427e+00
1.15938700e+04 4.33936110e+00 1.13436093e+00 4.13208377e+00 1.00286258e+00
1.15939700e+04 4.34004030e+00 1.13453255e+00 4.13211935e+00 1.00301431e+00
1.15940700e+04 4.34046050e+00 1.13463510e+00 4.13215492e+00 1.00310499e+00
1.15941700e+04 4.34062340e+00 1.13466904e+00 4.13219049e+00 1.00313501e+00
1.15942700e+04 4.34060240e+00 1.13465394e+00 4.13222607e+00 1.00312167e+00
1.15943700e+04 4.34040210e+00 1.13459103e+00 4.13226164e+00 1.00306606e+00
1.15944700e+04 4.33997140e+00 1.13446668e+00 4.13229721e+00 1.00295614e+00
1.15945700e+04 4.33932890e+00 1.13428586e+00 4.13233278e+00 1.00279629e+00
1.15946700e+04 4.33846790e+00 1.13404676e+00 4.13236836e+00 1.00258492e+00
1.15947700e+04 4.33755280e+00 1.13379325e+00 4.13240393e+00 1.00236081e+00
1.15948700e+04 4.33659800e+00 1.13352914e+00 4.13243950e+00 1.00212733e+00
1.15949700e+04 4.33545830e+00 1.13321573e+00 4.13247508e+00 1.00185026e+00
1.15950700e+04 4.33414030e+00 1.13285478e+00 4.13251065e+00 1.00153116e+00
1.15951700e+04 4.33260800e+00 1.13243668e+00 4.13254622e+00 1.00116154e+00
1.15952700e+04 4.33101600e+00 1.13200266e+00 4.13258179e+00 1.00077784e+00
1.15953700e+04 4.32940270e+00 1.13156296e+00 4.13261737e+00 1.00038912e+00
1.15958700e+04 4.31971580e+00 1.12893236e+00 4.13279523e+00 9.98063532e-01
1.15963700e+04 4.30852610e+00 1.12590103e+00 4.13297310e+00 9.95383658e-01
1.15968700e+04 4.29665590e+00 1.12268824e+00 4.13315096e+00 9.92543358e-01
1.15973700e+04 4.28476430e+00 1.11946974e+00 4.13332882e+00 9.89698012e-01
1.15978700e+04 4.27335390e+00 1.11637956e+00 4.13350669e+00 9.86966107e-01
1.15983700e+04 4.26276960e+00 1.11350967e+00 4.13368455e+00 9.84428953e-01
1.15988700e+04 4.25319390e+00 1.11090872e+00 4.13386242e+00 9.82129575e-01
1.15993700e+04 4.24464900e+00 1.10858266e+00 4.13404028e+00 9.80073204e-01
1.15998700e+04 4.23701380e+00 1.10649917e+00 4.13421814e+00 9.78231294e-01
1.16003700e+04 4.23005960e+00 1.10459727e+00 4.13439601e+00 9.76549927e-01
1.16008700e+04 4.22349980e+00 1.10280055e+00 4.13457387e+00 9.74961539e-01
1.16013700e+04 4.21704570e+00 1.10103201e+00 4.13475174e+00 9.73398069e-01
1.16018700e+04 4.21046100e+00 1.09922865e+00 4.13492960e+00 9.71803811e-01
1.16023700e+04 4.20360750e+00 1.09735361e+00 4.13510747e+00 9.70146183e-01
1.16028700e+04 4.19647880e+00 1.09540518e+00 4.13528533e+00 9.68423677e-01
1.16033700e+04 4.18921450e+00 1.09342060e+00 4.13546319e+00 9.66669204e-01
1.16038700e+04 4.18209180e+00 1.09147377e+00 4.13564106e+00 9.64948112e-01
1.16043700e+04 4.17549510e+00 1.08966721e+00 4.13581892e+00 9.63351024e-01
1.16048700e+04 4.16986680e+00 1.08811888e+00 4.13599679e+00 9.61982233e-01
1.16053700e+04 4.16565330e+00 1.08694782e+00 4.13617465e+00 9.60946979e-01
1.16058700e+04 4.16325600e+00 1.08626107e+00 4.13635252e+00 9.60339890e-01
1.16063700e+04 4.16299980e+00 1.08614526e+00 4.13653038e+00 9.60237561e-01
1.16068700e+04 4.16512100e+00 1.08666341e+00 4.13670824e+00 9.60695698e-01
1.16073700e+04 4.16977120e+00 1.08785594e+00 4.13688611e+00 9.61750043e-01
1.16078700e+04 4.17703090e+00 1.08974432e+00 4.13706397e+00 9.63419571e-01
1.16083700e+04 4.18692180e+00 1.09233433e+00 4.13724184e+00 9.65709400e-01
1.16088700e+04 4.19941330e+00 1.09561782e+00 4.13741970e+00 9.68612316e-01
1.16093700e+04 4.21442380e+00 1.09957302e+00 4.13759757e+00 9.72109081e-01
1.16098700e+04 4.23181840e+00 1.10416396e+00 4.13777543e+00 9.76167893e-01
1.16103700e+04 4.25140900e+00 1.10934049e+00 4.13795329e+00 9.80744408e-01
1.16108700e+04 4.27295990e+00 1.11503976e+00 4.13813116e+00 9.85783061e-01
1.16113700e+04 4.29619480e+00 1.12118807e+00 4.13830902e+00 9.91218714e-01
1.16118700e+04 4.32080340e+00 1.12770270e+00 4.13848689e+00 9.96978215e-01
1.16123700e+04 4.34644270e+00 1.13449217e+00 4.13866475e+00 1.00298070e+00
1.16128700e+04 4.37273190e+00 1.14145495e+00 4.13884262e+00 1.00913640e+00
1.16133700e+04 4.39924610e+00 1.14847772e+00 4.13902048e+00 1.01534515e+00
1.16138700e+04 4.42551470e+00 1.15543501e+00 4.13919834e+00 1.02149599e+00
1.16143700e+04 4.45102950e+00 1.16219128e+00 4.13937621e+00 1.02746913e+00
1.16148700e+04 4.47526500e+00 1.16860642e+00 4.13955407e+00 1.03314068e+00
1.16153700e+04 4.49770710e+00 1.17454333e+00 4.13973194e+00 1.03838943e+00
1.16158700e+04 4.51788570e+00 1.17987665e+00 4.13990980e+00 1.04310458e+00
1.16163700e+04 4.53540490e+00 1.18450082e+00 4.14008766e+00 1.04719277e+00
1.16168700e+04 4.54996750e+00 1.18833659e+00 4.14026553e+00 1.05058395e+00
1.16173700e+04 4.56139050e+00 1.19133515e+00 4.14044339e+00 1.05323498e+00
1.16178700e+04 4.56961120e+00 1.19347979e+00 4.14062126e+00 1.05513107e+00
1.16183700e+04 4.57468270e+00 1.19478466e+00 4.14079912e+00 1.05628474e+00
1.16188700e+04 4.57676070e+00 1.19529129e+00 4.14097699e+00 1.05673270e+00
1.16193700e+04 4.57608160e+00 1.19506271e+00 4.14115485e+00 1.05653068e+00
1.16198700e+04 4.57293560e+00 1.19417631e+00 4.14133271e+00 1.05574709e+00
1.16203700e+04 4.56763960e+00 1.19271659e+00 4.14151058e+00 1.05445664e+00
1.16208700e+04 4.56051180e+00 1.19076841e+00 4.14168844e+00 1.05273434e+00
1.16213700e+04 4.55185290e+00 1.18841194e+00 4.14186631e+00 1.05065110e+00
1.16218700e+04 4.54193490e+00 1.18571972e+00 4.14204417e+00 1.04827102e+00
1.16223700e+04 4.53099650e+00 1.18275540e+00 4.14222204e+00 1.04565038e+00
1.16228700e+04 4.51924440e+00 1.17957410e+00 4.14239990e+00 1.04283792e+00
1.16233700e+04 4.50685800e+00 1.17622366e+00 4.14257776e+00 1.03987592e+00
1.16238700e+04 4.49399590e+00 1.17274637e+00 4.14275563e+00 1.03680178e+00
1.16243700e+04 4.48076300e+00 1.16917020e+00 4.14293349e+00 1.03364021e+00
1.16248700e+04 4.46741020e+00 1.16556206e+00 4.14311136e+00 1.03045039e+00
1.16253700e+04 4.45390470e+00 1.16191320e+00 4.14328922e+00 1.02722456e+00
1.16263700e+04 4.42720010e+00 1.15469718e+00 4.14364495e+00 1.02084514e+00
1.16273700e+04 4.40140020e+00 1.14772241e+00 4.14400068e+00 1.01467899e+00
1.16283700e+04 4.37703170e+00 1.14112934e+00 4.14435641e+00 1.00885030e+00
1.16293700e+04 4.35434640e+00 1.13498511e+00 4.14471214e+00 1.00341842e+00
1.16303700e+04 4.33336010e+00 1.12929393e+00 4.14506786e+00 9.98387072e-01
1.16313700e+04 4.31395460e+00 1.12402429e+00 4.14542359e+00 9.93728396e-01
1.16323700e+04 4.29598380e+00 1.11913723e+00 4.14577932e+00 9.89407947e-01
1.16333700e+04 4.27931500e+00 1.11459735e+00 4.14613505e+00 9.85394441e-01
1.16343700e+04 4.26379480e+00 1.11036376e+00 4.14649078e+00 9.81651716e-01
1.16353700e+04 4.24919980e+00 1.10637689e+00 4.14684651e+00 9.78127105e-01
1.16363700e+04 4.23523630e+00 1.10255841e+00 4.14720223e+00 9.74751368e-01
1.16373700e+04 4.22160520e+00 1.09882857e+00 4.14755796e+00 9.71453993e-01
1.16383700e+04 4.20810920e+00 1.09513475e+00 4.14791369e+00 9.68188467e-01
1.16393700e+04 4.19474970e+00 1.09147733e+00 4.14826942e+00 9.64955120e-01
1.16403700e+04 4.18176820e+00 1.08792071e+00 4.14862515e+00 9.61810885e-01
1.16413700e+04 4.16961080e+00 1.08458384e+00 4.14898088e+00 9.58860931e-01
1.16423700e+04 4.15884110e+00 1.08161702e+00 4.14933661e+00 9.56238124e-01
1.16433700e+04 4.15004130e+00 1.07917549e+00 4.14969233e+00 9.54079718e-01
1.16443700e+04 4.14373590e+00 1.07739912e+00 4.15004806e+00 9.52509364e-01
1.16453700e+04 4.14034260e+00 1.07639928e+00 4.15040379e+00 9.51625535e-01
1.16463700e+04 4.14014360e+00 1.07625124e+00 4.15075952e+00 9.51494758e-01
1.16473700e+04 4.14327030e+00 1.07699002e+00 4.15111525e+00 9.52148011e-01
1.16483700e+04 4.14969830e+00 1.07860913e+00 4.15147098e+00 9.53579543e-01
1.16493700e+04 4.15924910e+00 1.08106096e+00 4.15182670e+00 9.55747273e-01
1.16503700e+04 4.17160080e+00 1.08425968e+00 4.15218243e+00 9.58575312e-01
1.16513700e+04 4.18630800e+00 1.08808651e+00 4.15253816e+00 9.61958659e-01
1.16523700e+04 4.20283190e+00 1.09239779e+00 4.15289389e+00 9.65770293e-01
1.16533700e+04 4.22057710e+00 1.09703473e+00 4.15324962e+00 9.69869847e-01
1.16543700e+04 4.23892440e+00 1.10183224e+00 4.15360535e+00 9.74111348e-01
1.16553700e+04 4.25725550e+00 1.10662542e+00 4.15396108e+00 9.78349030e-01
1.16563700e+04 4.27497010e+00 1.11125420e+00 4.15431680e+00 9.82441373e-01
1.16573700e+04 4.29150130e+00 1.11556743e+00 4.15467253e+00 9.86254732e-01
1.16583700e+04 4.30633490e+00 1.11942797e+00 4.15502826e+00 9.89667884e-01
1.16593700e+04 4.31903680e+00 1.12272007e+00 4.15538399e+00 9.92578489e-01
1.16603700e+04 4.32928710e+00 1.12535843e+00 4.15573972e+00 9.94911133e-01
1.16613700e+04 4.33691600e+00 1.12729777e+00 4.15609545e+00 9.96625783e-01
1.16623700e+04 4.34193090e+00 1.12854006e+00 4.15645117e+00 9.97724185e-01
1.16633700e+04 4.34452230e+00 1.12913610e+00 4.15680690e+00 9.98251248e-01
1.16643700e+04 4.34503930e+00 1.12917898e+00 4.15716263e+00 9.98289273e-01
1.16653700e+04 4.34393500e+00 1.12878953e+00 4.15751836e+00 9.97945077e-01
1.16663700e+04 4.34169620e+00 1.12809755e+00 4.15787409e+00 9.97333423e-01
1.16673700e+04 4.33877600e+00 1.12722387e+00 4.15822982e+00 9.96561129e-01
1.16683700e+04 4.33554700e+00 1.12626785e+00 4.15858555e+00 9.95716036e-01
1.16693700e+04 4.33228100e+00 1.12530196e+00 4.15894127e+00 9.94862219e-01
1.16703700e+04 4.32915170e+00 1.12437252e+00 4.15929700e+00 9.94040630e-01
1.16713700e+04 4.32625060e+00 1.12350394e+00 4.15965273e+00 9.93272838e-01
1.16723700e+04 4.32360850e+00 1.12270442e+00 4.16000846e+00 9.92566105e-01
1.16733700e+04 4.32121590e+00 1.12197143e+00 4.16036419e+00 9.91918192e-01
1.16743700e+04 4.31904240e+00 1.12129686e+00 4.16071992e+00 9.91321932e-01
1.16753700e+04 4.31705420e+00 1.12067171e+00 4.16107564e+00 9.90769355e-01
1.16763700e+04 4.31523070e+00 1.12009048e+00 4.16143137e+00 9.90255607e-01
1.16773700e+04 4.31357750e+00 1.11955465e+00 4.16178710e+00 9.89782006e-01
1.16783700e+04 4.31213040e+00 1.11907379e+00 4.16214283e+00 9.89356994e-01
1.16793700e+04 4.31094960e+00 1.11866394e+00 4.16249856e+00 9.88994761e-01
1.16803700e+04 4.31010150e+00 1.11834281e+00 4.16285429e+00 9.88710963e-01
1.16813700e+04 4.30963460e+00 1.11812332e+00 4.16321002e+00 9.88517032e-01
1.16823700e+04 4.30955520e+00 1.11800717e+00 4.16356574e+00 9.88414455e-01
1.16833700e+04 4.30980940e+00 1.11797997e+00 4.16392147e+00 9.88390523e-01
1.16843700e+04 4.31027500e+00 1.11800915e+00 4.16427720e+00 9.88416429e-01
1.16853700e+04 4.31076420e+00 1.11804462e+00 4.16463293e+00 9.88447899e-01
1.16863700e+04 4.31103470e+00 1.11802177e+00 4.16498866e+00 9.88427810e-01
1.16873700e+04 4.31080830e+00 1.11786642e+00 4.16534439e+00 9.88290577e-01
1.16883700e+04 4.30979230e+00 1.11750051e+00 4.16570012e+00 9.87967196e-01
1.16893700e+04 4.30770470e+00 1.11684886e+00 4.16605584e+00 9.87391185e-01
1.16903700e+04 4.30429780e+00 1.11584539e+00 4.16641157e+00 9.86504149e-01
1.16913700e+04 4.29937920e+00 1.11443882e+00 4.16676730e+00 9.85260728e-01
1.16923700e+04 4.29282610e+00 1.11259640e+00 4.16712303e+00 9.83631974e-01
1.16933700e+04 4.28459280e+00 1.11030593e+00 4.16747876e+00 9.81607112e-01
1.16943700e+04 4.27471110e+00 1.10757590e+00 4.16783449e+00 9.79193639e-01
1.16953700e+04 4.26328590e+00 1.10443428e+00 4.16819021e+00 9.76416285e-01
1.16963700e+04 4.25048860e+00 1.10092678e+00 4.16854594e+00 9.73315457e-01
1.16973700e+04 4.23654970e+00 1.09711486e+00 4.16890167e+00 9.69945495e-01
1.16983700e+04 4.22175020e+00 1.09307345e+00 4.16925740e+00 9.66372646e-01
1.16993700e+04 4.20641150e+00 1.08888826e+00 4.16961313e+00 9.62672680e-01
1.17003700e+04 4.19088300e+00 1.08465246e+00 4.16996886e+00 9.58927968e-01
1.17013700e+04 4.17552760e+00 1.08046281e+00 4.17032459e+00 9.55224063e-01
1.17023700e+04 4.16070790e+00 1.07641602e+00 4.17068031e+00 9.51646449e-01
1.17033700e+04 4.14677180e+00 1.07260485e+00 4.17103604e+00 9.48277143e-01
1.17043700e+04 4.13404100e+00 1.06911508e+00 4.17139177e+00 9.45191986e-01
1.17053700e+04 4.12279880e+00 1.06602226e+00 4.17174750e+00 9.42457767e-01
1.17063700e+04 4.11328040e+00 1.06338911e+00 4.17210323e+00 9.40129935e-01
1.17073700e+04 4.10566330e+00 1.06126295e+00 4.17245896e+00 9.38250334e-01
1.17083700e+04 4.10006010e+00 1.05967383e+00 4.17281468e+00 9.36845511e-01
1.17093700e+04 4.09651440e+00 1.05863335e+00 4.17317041e+00 9.35925745e-01
1.17103700e+04 4.09500090e+00 1.05813478e+00 4.17352614e+00 9.35485071e-01
1.17113700e+04 4.09542880e+00 1.05815391e+00 4.17388187e+00 9.35502083e-01
1.17123700e+04 4.09765100e+00 1.05865150e+00 4.17423760e+00 9.35942103e-01
1.17133700e+04 4.10147410e+00 1.05957598e+00 4.17459333e+00 9.36759537e-01
1.17143700e+04 4.10667160e+00 1.06086697e+00 4.17494906e+00 9.37900986e-01
1.17153700e+04 4.11299520e+00 1.06245823e+00 4.17530478e+00 9.39307915e-01
1.17163700e+04 4.12018640e+00 1.06428086e+00 4.17566051e+00 9.40919381e-01
1.17173700e+04 4.12798580e+00 1.06626566e+00 4.17601624e+00 9.42674232e-01
1.17183700e+04 4.13614300e+00 1.06834588e+00 4.17637197e+00 9.44513434e-01
1.17193700e+04 4.14442700e+00 1.07045990e+00 4.17672770e+00 9.46382531e-01
1.17203700e+04 4.15263830e+00 1.07255454e+00 4.17708343e+00 9.48234488e-01
1.17213700e+04 4.16061930e+00 1.07458777e+00 4.17743915e+00 9.50032153e-01
1.17223700e+04 4.16826190e+00 1.07653077e+00 4.17779488e+00 9.51750040e-01
1.17233700e+04 4.17550860e+00 1.07836819e+00 4.17815061e+00 9.53374593e-01
1.17243700e+04 4.18234690e+00 1.08009670e+00 4.17850634e+00 9.54902866e-01
1.17253700e+04 4.18879660e+00 1.08172160e+00 4.17886207e+00 9.56339526e-01
1.17263700e+04 4.19489460e+00 1.08325271e+00 4.17921780e+00 9.57693274e-01
1.17273700e+04 4.20067810e+00 1.08469995e+00 4.17957353e+00 9.58972877e-01
1.17283700e+04 4.20617090e+00 1.08606968e+00 4.17992925e+00 9.60183948e-01
1.17293700e+04 4.21137230e+00 1.08736170e+00 4.18028498e+00 9.61326322e-01
1.17303700e+04 4.21625030e+00 1.08856749e+00 4.18064071e+00 9.62392454e-01
1.17313700e+04 4.22073910e+00 1.08966949e+00 4.18099644e+00 9.63366831e-01
1.17323700e+04 4.22473990e+00 1.09064136e+00 4.18135217e+00 9.64226163e-01
1.17333700e+04 4.22812720e+00 1.09144964e+00 4.18170790e+00 9.64940861e-01
1.17343700e+04 4.23076100e+00 1.09205698e+00 4.18206363e+00 9.65477920e-01
1.17353700e+04 4.23250420e+00 1.09242685e+00 4.18241935e+00 9.65805020e-01
1.17363700e+04 4.23324460e+00 1.09252930e+00 4.18277508e+00 9.65895708e-01
1.17373700e+04 4.23291820e+00 1.09234728e+00 4.18313081e+00 9.65734897e-01
1.17383700e+04 4.23152940e+00 1.09188197e+00 4.18348654e+00 9.65323623e-01
1.17393700e+04 4.22916330e+00 1.09115604e+00 4.18384227e+00 9.64681949e-01
1.17403700e+04 4.22598800e+00 1.09021434e+00 4.18419800e+00 9.63849505e-01
1.17413700e+04 4.22224390e+00 1.08912096e+00 4.18455372e+00 9.62882966e-01
1.17423700e+04 4.21822200e+00 1.08795350e+00 4.18490945e+00 9.61850934e-01
1.17433700e+04 4.21423480e+00 1.08679530e+00 4.18526518e+00 9.60827083e-01
1.17443700e+04 4.21058440e+00 1.08572690e+00 4.18562091e+00 9.59882632e-01
1.17453700e+04 4.20753140e+00 1.08481781e+00 4.18597664e+00 9.59079020e-01
1.17463700e+04 4.20527070e+00 1.08411999e+00 4.18633237e+00 9.58462193e-01
1.17473700e+04 4.20391370e+00 1.08366316e+00 4.18668810e+00 9.58058415e-01
1.17483700e+04 4.20347970e+00 1.08345245e+00 4.18704382e+00 9.57872236e-01
1.17493700e+04 4.20389570e+00 1.08346840e+00 4.18739955e+00 9.57886445e-01
1.17503700e+04 4.20500250e+00 1.08366856e+00 4.18775528e+00 9.58063512e-01
1.17513700e+04 4.20656720e+00 1.08399082e+00 4.18811101e+00 9.58348530e-01
1.17523700e+04 4.20830040e+00 1.08435801e+00 4.18846674e+00 9.58673271e-01
1.17533700e+04 4.20987830e+00 1.08468379e+00 4.18882247e+00 9.58961401e-01
1.17543700e+04 4.21096630e+00 1.08487894e+00 4.18917819e+00 9.59134036e-01
1.17553700e+04 4.21124410e+00 1.08485804e+00 4.18953392e+00 9.59115665e-01
1.17563700e+04 4.21042800e+00 1.08454544e+00 4.18988965e+00 9.58839405e-01
1.17573700e+04 4.20828870e+00 1.08387999e+00 4.19024538e+00 9.58251197e-01
1.17583700e+04 4.20466330e+00 1.08281826e+00 4.19060111e+00 9.57312639e-01
1.17593700e+04 4.19946140e+00 1.08133615e+00 4.19095684e+00 9.56002418e-01
1.17603700e+04 4.19266480e+00 1.07942879e+00 4.19131257e+00 9.54316242e-01
1.17613700e+04 4.18432430e+00 1.07710974e+00 4.19166829e+00 9.52266088e-01
1.17623700e+04 4.17455150e+00 1.07440875e+00 4.19202402e+00 9.49878267e-01
1.17633700e+04 4.16351010e+00 1.07136947e+00 4.19237975e+00 9.47191369e-01
1.17643700e+04 4.15140550e+00 1.06804669e+00 4.19273548e+00 9.44253820e-01
1.17653700e+04 4.13847410e+00 1.06450342e+00 4.19309121e+00 9.41121350e-01
1.17663700e+04 4.12497400e+00 1.06080851e+00 4.19344694e+00 9.37854807e-01
1.17673700e+04 4.11117640e+00 1.05703427e+00 4.19380266e+00 9.34518127e-01
1.17683700e+04 4.09735810e+00 1.05325451e+00 4.19415839e+00 9.31176566e-01
1.17693700e+04 4.08379440e+00 1.04954264e+00 4.19451412e+00 9.27895027e-01
1.17703700e+04 4.07075170e+00 1.04596970e+00 4.19486985e+00 9.24736314e-01
1.17713700e+04 4.05848080e+00 1.04260257e+00 4.19522558e+00 9.21759554e-01
1.17723700e+04 4.04720860e+00 1.03950175e+00 4.19558131e+00 9.19018239e-01
1.17733700e+04 4.03713180e+00 1.03671970e+00 4.19593704e+00 9.16558742e-01
1.17743700e+04 4.02840970e+00 1.03429888e+00 4.19629276e+00 9.14418618e-01
1.17753700e+04 4.02115990e+00 1.03227068e+00 4.19664849e+00 9.12625592e-01
1.17763700e+04 4.01545450e+00 1.03065430e+00 4.19700422e+00 9.11196661e-01
1.17773700e+04 4.01131890e+00 1.02945652e+00 4.19735995e+00 9.10137815e-01
1.17783700e+04 4.00873310e+00 1.02867201e+00 4.19771568e+00 9.09444337e-01
1.17793700e+04 4.00763540e+00 1.02828432e+00 4.19807141e+00 9.09101683e-01
1.17803700e+04 4.00792850e+00 1.02826750e+00 4.19842713e+00 9.09086913e-01
1.17813700e+04 4.00948690e+00 1.02858808e+00 4.19878286e+00 9.09370441e-01
1.17823700e+04 4.01216550e+00 1.02920737e+00 4.19913859e+00 9.09918059e-01
1.17833700e+04 4.01580670e+00 1.03008335e+00 4.19949432e+00 9.10692612e-01
1.17843700e+04 4.02024770e+00 1.03117261e+00 4.19985005e+00 9.11655721e-01
1.17853700e+04 4.02532580e+00 1.03243175e+00 4.20020578e+00 9.12769028e-01
1.17863700e+04 4.03088350e+00 1.03381879e+00 4.20056151e+00 9.13995402e-01
1.17873700e+04 4.03677310e+00 1.03529432e+00 4.20091723e+00 9.15300023e-01
1.17883700e+04 4.04286170e+00 1.03682293e+00 4.20127296e+00 9.16651559e-01
1.17893700e+04 4.04903620e+00 1.03837444e+00 4.20162869e+00 9.18023346e-01
1.17903700e+04 4.05520840e+00 1.03992533e+00 4.20198442e+00 9.19394591e-01
1.17913700e+04 4.06131720e+00 1.04145932e+00 4.20234015e+00 9.20750890e-01
1.17923700e+04 4.06732900e+00 1.04296745e+00 4.20269588e+00 9.22084322e-01
1.17933700e+04 4.07323540e+00 1.04444746e+00 4.20305161e+00 9.23392905e-01
1.17943700e+04 4.07904700e+00 1.04590220e+00 4.20340733e+00 9.24679139e-01
1.17953700e+04 4.08478640e+00 1.04733769e+00 4.20376306e+00 9.25948352e-01
1.17963700e+04 4.09048010e+00 1.04876099e+00 4.20411879e+00 9.27206792e-01
1.17973700e+04 4.09615050e+00 1.05017807e+00 4.20447452e+00 9.28459738e-01
1.17983700e+04 4.10181000e+00 1.05159225e+00 4.20483025e+00 9.29710116e-01
1.17993700e+04 4.10745670e+00 1.05300302e+00 4.20518598e+00 9.30957476e-01
1.18003700e+04 4.11307230e+00 1.05440549e+00 4.20554170e+00 9.32197504e-01
1.18013700e+04 4.11862330e+00 1.05579074e+00 4.20589743e+00 9.33422303e-01
1.18023700e+04 4.12406410e+00 1.05714660e+00 4.20625316e+00 9.34621122e-01
1.18033700e+04 4.12934220e+00 1.05845908e+00 4.20660889e+00 9.35781584e-01
1.18043700e+04 4.13440480e+00 1.05971409e+00 4.20696462e+00 9.36891242e-01
1.18053700e+04 4.13920530e+00 1.06089920e+00 4.20732035e+00 9.37939109e-01
1.18063700e+04 4.14370990e+00 1.06200542e+00 4.20767608e+00 9.38917217e-01
1.18073700e+04 4.14790060e+00 1.06302793e+00 4.20803180e+00 9.39821323e-01
1.18083700e+04 4.15177660e+00 1.06396652e+00 4.20838753e+00 9.40651237e-01
1.18093700e+04 4.15535090e+00 1.06482466e+00 4.20874326e+00 9.41410024e-01
1.18103700e+04 4.15864480e+00 1.06560803e+00 4.20909899e+00 9.42102706e-01
1.18113700e+04 4.16167940e+00 1.06632226e+00 4.20945472e+00 9.42734258e-01
1.18123700e+04 4.16446700e+00 1.06697062e+00 4.20981045e+00 9.43307579e-01
1.18133700e+04 4.16700770e+00 1.06755314e+00 4.21016617e+00 9.43822692e-01
