# # source: .\convoluted\116_02.txt
# # site: 02
# # columns: Energy(eV) Abs_raw Preedge_normalized PredictedPost_raw Final_normalized
# 
1.13640000e+04 1.47331800e-02 2.48866177e-03 4.07007584e+00 2.19199232e-03
1.13640700e+04 1.47352530e-02 2.48293648e-03 4.07009959e+00 2.18694941e-03
1.13640700e+04 1.47354180e-02 2.48298057e-03 4.07009959e+00 2.18698824e-03
1.13641100e+04 1.47369000e-02 2.47978844e-03 4.07011316e+00 2.18417656e-03
1.13641200e+04 1.47373530e-02 2.47901245e-03 4.07011655e+00 2.18349306e-03
1.13641300e+04 1.47375160e-02 2.47815898e-03 4.07011994e+00 2.18274131e-03
1.13641300e+04 1.47376930e-02 2.47820627e-03 4.07011994e+00 2.18278296e-03
1.13641300e+04 1.47377400e-02 2.47821883e-03 4.07011994e+00 2.18279402e-03
1.13641300e+04 1.47377900e-02 2.47823218e-03 4.07011994e+00 2.18280579e-03
1.13641400e+04 1.47378940e-02 2.47736295e-03 4.07012333e+00 2.18204016e-03
1.13641400e+04 1.47380540e-02 2.47740570e-03 4.07012333e+00 2.18207781e-03
1.13641400e+04 1.47381680e-02 2.47743616e-03 4.07012333e+00 2.18210463e-03
1.13641400e+04 1.47383420e-02 2.47748264e-03 4.07012333e+00 2.18214558e-03
1.13641500e+04 1.47386490e-02 2.47666765e-03 4.07012673e+00 2.18142772e-03
1.13641500e+04 1.47389640e-02 2.47675181e-03 4.07012673e+00 2.18150184e-03
1.13641800e+04 1.47404500e-02 2.47445777e-03 4.07013690e+00 2.17948122e-03
1.13641800e+04 1.47405190e-02 2.47447620e-03 4.07013690e+00 2.17949746e-03
1.13641800e+04 1.47405920e-02 2.47449570e-03 4.07013690e+00 2.17951463e-03
1.13641900e+04 1.47414060e-02 2.47381616e-03 4.07014030e+00 2.17891608e-03
1.13641900e+04 1.47415570e-02 2.47385651e-03 4.07014030e+00 2.17895161e-03
1.13641900e+04 1.47417880e-02 2.47391822e-03 4.07014030e+00 2.17900597e-03
1.13642100e+04 1.47427520e-02 2.47238174e-03 4.07014708e+00 2.17765261e-03
1.13642200e+04 1.47434880e-02 2.47168136e-03 4.07015047e+00 2.17703571e-03
1.13642300e+04 1.47448480e-02 2.47114769e-03 4.07015386e+00 2.17656564e-03
1.13642500e+04 1.47460820e-02 2.46968334e-03 4.07016065e+00 2.17527582e-03
1.13642500e+04 1.47462620e-02 2.46973143e-03 4.07016065e+00 2.17531817e-03
1.13642500e+04 1.47464440e-02 2.46978006e-03 4.07016065e+00 2.17536100e-03
1.13642900e+04 1.47497310e-02 2.46707018e-03 4.07017422e+00 2.17297409e-03
1.13642900e+04 1.47500050e-02 2.46714338e-03 4.07017422e+00 2.17303857e-03
1.13643200e+04 1.47530190e-02 2.46525758e-03 4.07018440e+00 2.17137751e-03
1.13643300e+04 1.47539320e-02 2.46460449e-03 4.07018779e+00 2.17080226e-03
1.13643300e+04 1.47542060e-02 2.46467769e-03 4.07018779e+00 2.17086673e-03
1.13643400e+04 1.47543890e-02 2.46382957e-03 4.07019118e+00 2.17011969e-03
1.13643400e+04 1.47546630e-02 2.46390277e-03 4.07019118e+00 2.17018417e-03
1.13643500e+04 1.47555770e-02 2.46324995e-03 4.07019457e+00 2.16960915e-03
1.13643500e+04 1.47557600e-02 2.46329884e-03 4.07019457e+00 2.16965222e-03
1.13644000e+04 1.47599650e-02 2.45993720e-03 4.07021154e+00 2.16669122e-03
1.13644200e+04 1.47620680e-02 2.45870503e-03 4.07021832e+00 2.16560589e-03
1.13646800e+04 1.47853960e-02 2.44161511e-03 4.07030652e+00 2.15055277e-03
1.13651800e+04 1.48313430e-02 2.40903990e-03 4.07047614e+00 2.12185990e-03
1.13656800e+04 1.48775340e-02 2.37652988e-03 4.07064576e+00 2.09322447e-03
1.13661800e+04 1.49239730e-02 2.34408611e-03 4.07081539e+00 2.06464743e-03
1.13666800e+04 1.49706620e-02 2.31170914e-03 4.07098501e+00 2.03612925e-03
1.13671800e+04 1.50176010e-02 2.27939896e-03 4.07115463e+00 2.00766992e-03
1.13676800e+04 1.50647930e-02 2.24715638e-03 4.07132425e+00 1.97927015e-03
1.13681800e+04 1.51122410e-02 2.21498219e-03 4.07149387e+00 1.95093064e-03
1.13686800e+04 1.51599450e-02 2.18287640e-03 4.07166349e+00 1.92265141e-03
1.13691800e+04 1.52079090e-02 2.15084007e-03 4.07183311e+00 1.89443338e-03
1.13696800e+04 1.52561330e-02 2.11887321e-03 4.07200273e+00 1.86627656e-03
1.13701800e+04 1.53046210e-02 2.08697688e-03 4.07217235e+00 1.83818189e-03
1.13706800e+04 1.53533750e-02 2.05515162e-03 4.07234197e+00 1.81014984e-03
1.13711800e+04 1.54023960e-02 2.02339770e-03 4.07251159e+00 1.78218064e-03
1.13716800e+04 1.54516860e-02 1.99171564e-03 4.07268121e+00 1.75427477e-03
1.13721800e+04 1.55012480e-02 1.96010625e-03 4.07285083e+00 1.72643293e-03
1.13726800e+04 1.55510840e-02 1.92857007e-03 4.07302045e+00 1.69865559e-03
1.13731800e+04 1.56011970e-02 1.89710790e-03 4.07319008e+00 1.67094346e-03
1.13736800e+04 1.56515880e-02 1.86571999e-03 4.07335970e+00 1.64329678e-03
1.13741800e+04 1.57022590e-02 1.83440690e-03 4.07352932e+00 1.61571600e-03
1.13746800e+04 1.57532140e-02 1.80316969e-03 4.07369894e+00 1.58820208e-03
1.13751800e+04 1.58044540e-02 1.77200861e-03 4.07386856e+00 1.56075526e-03
1.13756800e+04 1.58559810e-02 1.74092422e-03 4.07403818e+00 1.53337599e-03
1.13761800e+04 1.59077980e-02 1.70991731e-03 4.07420780e+00 1.50606499e-03
1.13766800e+04 1.59599080e-02 1.67898867e-03 4.07437742e+00 1.47882296e-03
1.13771800e+04 1.60123130e-02 1.64813886e-03 4.07454704e+00 1.45165037e-03
1.13776800e+04 1.60650150e-02 1.61736839e-03 4.07471666e+00 1.42454770e-03
1.13781800e+04 1.61180160e-02 1.58667781e-03 4.07488628e+00 1.39751541e-03
1.13786800e+04 1.61713200e-02 1.55606818e-03 4.07505590e+00 1.37055444e-03
1.13791800e+04 1.62249280e-02 1.52553977e-03 4.07522552e+00 1.34366504e-03
1.13796800e+04 1.62788440e-02 1.49509365e-03 4.07539514e+00 1.31684814e-03
1.13801800e+04 1.63330690e-02 1.46473009e-03 4.07556476e+00 1.29010397e-03
1.13806800e+04 1.63876070e-02 1.43445015e-03 4.07573439e+00 1.26343348e-03
1.13811800e+04 1.64424600e-02 1.40425437e-03 4.07590401e+00 1.23683715e-03
1.13816800e+04 1.64976310e-02 1.37414355e-03 4.07607363e+00 1.21031566e-03
1.13821800e+04 1.65531220e-02 1.34411822e-03 4.07624325e+00 1.18386950e-03
1.13826800e+04 1.66089370e-02 1.31417946e-03 4.07641287e+00 1.15749961e-03
1.13831800e+04 1.66650770e-02 1.28432753e-03 4.07658249e+00 1.13120622e-03
1.13836800e+04 1.67215460e-02 1.25456350e-03 4.07675211e+00 1.10499027e-03
1.13841800e+04 1.67783470e-02 1.22488817e-03 4.07692173e+00 1.07885246e-03
1.13846800e+04 1.68354820e-02 1.19530208e-03 4.07709135e+00 1.05279328e-03
1.13851800e+04 1.68929540e-02 1.16580602e-03 4.07726097e+00 1.02681342e-03
1.13856800e+04 1.69507670e-02 1.13640107e-03 4.07743059e+00 1.00091383e-03
1.13861800e+04 1.70089220e-02 1.10708749e-03 4.07760021e+00 9.75094741e-04
1.13866800e+04 1.70674240e-02 1.07786662e-03 4.07776983e+00 9.49357327e-04
1.13871800e+04 1.71262750e-02 1.04873900e-03 4.07793945e+00 9.23702062e-04
1.13876800e+04 1.71854780e-02 1.01970541e-03 4.07810907e+00 8.98129651e-04
1.13881800e+04 1.72450370e-02 9.90766946e-04 4.07827870e+00 8.72641035e-04
1.13886800e+04 1.73049540e-02 9.61924124e-04 4.07844832e+00 8.47236685e-04
1.13891800e+04 1.73652320e-02 9.33177752e-04 4.07861794e+00 8.21917306e-04
1.13896800e+04 1.74258750e-02 9.04528897e-04 4.07878756e+00 7.96683840e-04
1.13901800e+04 1.74868870e-02 8.75978628e-04 4.07895718e+00 7.71537227e-04
1.13906800e+04 1.75482690e-02 8.47527213e-04 4.07912680e+00 7.46477704e-04
1.13911800e+04 1.76100260e-02 8.19175988e-04 4.07929642e+00 7.21506446e-04
1.13916800e+04 1.76721610e-02 7.90925754e-04 4.07946604e+00 6.96624160e-04
1.13921800e+04 1.77346780e-02 7.62777579e-04 4.07963566e+00 6.71831786e-04
1.13926800e+04 1.77975790e-02 7.34731998e-04 4.07980528e+00 6.47129795e-04
1.13931800e+04 1.78608690e-02 7.06790347e-04 4.07997490e+00 6.22519364e-04
1.13936800e+04 1.79245500e-02 6.78953161e-04 4.08014452e+00 5.98000962e-04
1.13941800e+04 1.79886270e-02 6.51221774e-04 4.08031414e+00 5.73575767e-04
1.13946800e+04 1.80531030e-02 6.23596989e-04 4.08048376e+00 5.49244485e-04
1.13951800e+04 1.81179810e-02 5.96079607e-04 4.08065339e+00 5.25007820e-04
1.13956800e+04 1.81832660e-02 5.68670964e-04 4.08082301e+00 5.00866950e-04
1.13961800e+04 1.82489600e-02 5.41371594e-04 4.08099263e+00 4.76822345e-04
1.13966800e+04 1.83150690e-02 5.14183101e-04 4.08116225e+00 4.52875417e-04
1.13971800e+04 1.83815950e-02 4.87106018e-04 4.08133187e+00 4.29026637e-04
1.13976800e+04 1.84485430e-02 4.60141682e-04 4.08150149e+00 4.05277180e-04
1.13981800e+04 1.85159160e-02 4.33290894e-04 4.08167111e+00 3.81627753e-04
1.13986800e+04 1.85837180e-02 4.06554723e-04 4.08184073e+00 3.58079296e-04
1.13991800e+04 1.86519540e-02 3.79934504e-04 4.08201035e+00 3.34632987e-04
1.13996800e+04 1.87206280e-02 3.53431306e-04 4.08217997e+00 3.11289767e-04
1.14001800e+04 1.87897430e-02 3.27045932e-04 4.08234959e+00 2.88050340e-04
1.14006800e+04 1.88593040e-02 3.00779716e-04 4.08251921e+00 2.64915884e-04
1.14011800e+04 1.89293140e-02 2.74633460e-04 4.08268883e+00 2.41887104e-04
1.14016800e+04 1.89997800e-02 2.48609034e-04 4.08285845e+00 2.18965648e-04
1.14021800e+04 1.90707030e-02 2.22706706e-04 4.08302807e+00 1.96151751e-04
1.14026800e+04 1.91420900e-02 1.96928346e-04 4.08319770e+00 1.73447059e-04
1.14031800e+04 1.92139450e-02 1.71275022e-04 4.08336732e+00 1.50852515e-04
1.14036800e+04 1.92862710e-02 1.45747537e-04 4.08353694e+00 1.28368822e-04
1.14041800e+04 1.93590740e-02 1.20347492e-04 4.08370656e+00 1.05997395e-04
1.14046800e+04 1.94323580e-02 9.50759566e-05 4.08387618e+00 8.37391724e-05
1.14051800e+04 1.95061280e-02 6.99342670e-05 4.08404580e+00 6.15953321e-05
1.14056800e+04 1.95803880e-02 4.49234915e-05 4.08421542e+00 3.95668148e-05
1.14061800e+04 1.96551440e-02 2.00452334e-05 4.08438504e+00 1.76550323e-05
1.14066800e+04 1.97304000e-02 -4.69943885e-06 4.08455466e+00 -4.13907424e-06
1.14071800e+04 1.98061610e-02 -2.93091893e-05 4.08472428e+00 -2.58143285e-05
1.14076800e+04 1.98824330e-02 -5.37824149e-05 4.08489390e+00 -4.73693187e-05
1.14081800e+04 1.99592190e-02 -7.81183141e-05 4.08506352e+00 -6.88033391e-05
1.14086800e+04 2.00365260e-02 -1.02315017e-04 4.08523314e+00 -9.01147427e-05
1.14091800e+04 2.01143590e-02 -1.26371187e-04 4.08540276e+00 -1.11302353e-04
1.14096800e+04 2.01927220e-02 -1.50285756e-04 4.08557238e+00 -1.32365229e-04
1.14101800e+04 2.02716210e-02 -1.74057121e-04 4.08574201e+00 -1.53301959e-04
1.14106800e+04 2.03510620e-02 -1.97683679e-04 4.08591163e+00 -1.74111131e-04
1.14111800e+04 2.04310500e-02 -2.21164094e-04 4.08608125e+00 -1.94791568e-04
1.14116800e+04 2.05115900e-02 -2.44497030e-04 4.08625087e+00 -2.15342096e-04
1.14121800e+04 2.05926880e-02 -2.67680884e-04 4.08642049e+00 -2.35761300e-04
1.14126800e+04 2.06743510e-02 -2.90713786e-04 4.08659011e+00 -2.56047536e-04
1.14131800e+04 2.07565820e-02 -3.13594935e-04 4.08675973e+00 -2.76200096e-04
1.14136800e+04 2.08393900e-02 -3.36321925e-04 4.08692935e+00 -2.96216864e-04
1.14141800e+04 2.09227790e-02 -3.58893688e-04 4.08709897e+00 -3.16096898e-04
1.14146800e+04 2.10067550e-02 -3.81308622e-04 4.08726859e+00 -3.35838786e-04
1.14151800e+04 2.10913250e-02 -4.03564855e-04 4.08743821e+00 -3.55440882e-04
1.14156800e+04 2.11764940e-02 -4.25661053e-04 4.08760783e+00 -3.74902009e-04
1.14161800e+04 2.12622690e-02 -4.47595344e-04 4.08777745e+00 -3.94220520e-04
1.14166800e+04 2.13486570e-02 -4.69365859e-04 4.08794707e+00 -4.13394768e-04
1.14171800e+04 2.14356640e-02 -4.90970995e-04 4.08811670e+00 -4.32423341e-04
1.14176800e+04 2.15232950e-02 -5.12409415e-04 4.08828632e+00 -4.51305064e-04
1.14181800e+04 2.16115590e-02 -5.33678715e-04 4.08845594e+00 -4.70037818e-04
1.14186800e+04 2.17004620e-02 -5.54777293e-04 4.08862556e+00 -4.88620191e-04
1.14191800e+04 2.17900090e-02 -5.75703812e-04 4.08879518e+00 -5.07051008e-04
1.14196800e+04 2.18802100e-02 -5.96455600e-04 4.08896480e+00 -5.25327916e-04
1.14201800e+04 2.19710690e-02 -6.17031590e-04 4.08913442e+00 -5.43449973e-04
1.14206800e+04 2.20625950e-02 -6.37429376e-04 4.08930404e+00 -5.61415061e-04
1.14211800e+04 2.21547950e-02 -6.57647088e-04 4.08947366e+00 -5.79221535e-04
1.14216800e+04 2.22476760e-02 -6.77682856e-04 4.08964328e+00 -5.96867746e-04
1.14221800e+04 2.23412460e-02 -6.97534542e-04 4.08981290e+00 -6.14351813e-04
1.14226800e+04 2.24355110e-02 -7.17200544e-04 4.08998252e+00 -6.31672324e-04
1.14231800e+04 2.25304800e-02 -7.36678457e-04 4.09015214e+00 -6.48827161e-04
1.14236800e+04 2.26261600e-02 -7.55966411e-04 4.09032176e+00 -6.65814677e-04
1.14241800e+04 2.27225600e-02 -7.75062001e-04 4.09049138e+00 -6.82632756e-04
1.14246800e+04 2.28196870e-02 -7.93963357e-04 4.09066101e+00 -6.99279749e-04
1.14251800e+04 2.29175490e-02 -8.12668342e-04 4.09083063e+00 -7.15753775e-04
1.14256800e+04 2.30161550e-02 -8.31174551e-04 4.09100025e+00 -7.32052715e-04
1.14261800e+04 2.31155120e-02 -8.49480114e-04 4.09116987e+00 -7.48174924e-04
1.14266800e+04 2.32156310e-02 -8.67582092e-04 4.09133949e+00 -7.64117813e-04
1.14271800e+04 2.33165180e-02 -8.85478882e-04 4.09150911e+00 -7.79879970e-04
1.14276800e+04 2.34181820e-02 -9.03168079e-04 4.09167873e+00 -7.95459277e-04
1.14281800e+04 2.35206330e-02 -9.20647012e-04 4.09184835e+00 -8.10853383e-04
1.14286800e+04 2.36238800e-02 -9.37913277e-04 4.09201797e+00 -8.26060168e-04
1.14291800e+04 2.37279320e-02 -9.54964468e-04 4.09218759e+00 -8.41077517e-04
1.14296800e+04 2.38327970e-02 -9.71798448e-04 4.09235721e+00 -8.55903546e-04
1.14301800e+04 2.39384860e-02 -9.88412278e-04 4.09252683e+00 -8.70535667e-04
1.14306800e+04 2.40450080e-02 -1.00480355e-03 4.09269645e+00 -8.84971763e-04
1.14311800e+04 2.41523720e-02 -1.02096987e-03 4.09286607e+00 -8.99209717e-04
1.14316800e+04 2.42605880e-02 -1.03690856e-03 4.09303570e+00 -9.13247175e-04
1.14321800e+04 2.43696680e-02 -1.05261641e-03 4.09320532e+00 -9.27081313e-04
1.14326800e+04 2.44796190e-02 -1.06809155e-03 4.09337494e+00 -9.40710486e-04
1.14331800e+04 2.45904540e-02 -1.08333052e-03 4.09354456e+00 -9.54131635e-04
1.14336800e+04 2.47021820e-02 -1.09833090e-03 4.09371418e+00 -9.67342641e-04
1.14341800e+04 2.48148150e-02 -1.11308949e-03 4.09388380e+00 -9.80340682e-04
1.14346800e+04 2.49283620e-02 -1.12760388e-03 4.09405342e+00 -9.93123639e-04
1.14351800e+04 2.50428350e-02 -1.14187087e-03 4.09422304e+00 -1.00568869e-03
1.14356800e+04 2.51582450e-02 -1.15588753e-03 4.09439266e+00 -1.01803325e-03
1.14361800e+04 2.52746040e-02 -1.16965063e-03 4.09456228e+00 -1.03015448e-03
1.14366800e+04 2.53919230e-02 -1.18315726e-03 4.09473190e+00 -1.04204982e-03
1.14371800e+04 2.55102130e-02 -1.19640445e-03 4.09490152e+00 -1.05371666e-03
1.14376800e+04 2.56294870e-02 -1.20938875e-03 4.09507114e+00 -1.06515194e-03
1.14381800e+04 2.57497570e-02 -1.22210695e-03 4.09524076e+00 -1.07635285e-03
1.14386800e+04 2.58710350e-02 -1.23455584e-03 4.09541038e+00 -1.08731656e-03
1.14391800e+04 2.59933330e-02 -1.24673221e-03 4.09558001e+00 -1.09804024e-03
1.14396800e+04 2.61166640e-02 -1.25863260e-03 4.09574963e+00 -1.10852085e-03
1.14401800e+04 2.62410420e-02 -1.27025325e-03 4.09591925e+00 -1.11875508e-03
1.14406800e+04 2.63664790e-02 -1.28159097e-03 4.09608887e+00 -1.12874011e-03
1.14411800e+04 2.64929890e-02 -1.29264202e-03 4.09625849e+00 -1.13847264e-03
1.14416800e+04 2.66205850e-02 -1.30340291e-03 4.09642811e+00 -1.14794963e-03
1.14421800e+04 2.67492810e-02 -1.31386992e-03 4.09659773e+00 -1.15716776e-03
1.14426800e+04 2.68790910e-02 -1.32403930e-03 4.09676735e+00 -1.16612376e-03
1.14431800e+04 2.70100300e-02 -1.33390704e-03 4.09693697e+00 -1.17481409e-03
1.14436800e+04 2.71421110e-02 -1.34346967e-03 4.09710659e+00 -1.18323570e-03
1.14441800e+04 2.72753510e-02 -1.35272265e-03 4.09727621e+00 -1.19138457e-03
1.14446800e+04 2.74097630e-02 -1.36166250e-03 4.09744583e+00 -1.19925766e-03
1.14451800e+04 2.75453630e-02 -1.37028495e-03 4.09761545e+00 -1.20685120e-03
1.14456800e+04 2.76821680e-02 -1.37858546e-03 4.09778507e+00 -1.21416118e-03
1.14461800e+04 2.78201910e-02 -1.38656056e-03 4.09795469e+00 -1.22118456e-03
1.14466800e+04 2.79594500e-02 -1.39420543e-03 4.09812432e+00 -1.22791710e-03
1.14471800e+04 2.80999620e-02 -1.40151553e-03 4.09829394e+00 -1.23435479e-03
1.14476800e+04 2.82417420e-02 -1.40848686e-03 4.09846356e+00 -1.24049410e-03
1.14481800e+04 2.83848070e-02 -1.41511488e-03 4.09863318e+00 -1.24633105e-03
1.14486800e+04 2.85291760e-02 -1.42139450e-03 4.09880280e+00 -1.25186115e-03
1.14491800e+04 2.86748660e-02 -1.42732119e-03 4.09897242e+00 -1.25708040e-03
1.14496800e+04 2.88218940e-02 -1.43289040e-03 4.09914204e+00 -1.26198482e-03
1.14501800e+04 2.89702790e-02 -1.43809706e-03 4.09931166e+00 -1.26656992e-03
1.14506800e+04 2.91200390e-02 -1.44293636e-03 4.09948128e+00 -1.27083147e-03
1.14511800e+04 2.92711940e-02 -1.44740296e-03 4.09965090e+00 -1.27476477e-03
1.14516800e+04 2.94237620e-02 -1.45149204e-03 4.09982052e+00 -1.27836557e-03
1.14521800e+04 2.95777630e-02 -1.45519826e-03 4.09999014e+00 -1.28162919e-03
1.14526800e+04 2.97332180e-02 -1.45851601e-03 4.10015976e+00 -1.28455066e-03
1.14531800e+04 2.98901460e-02 -1.46144023e-03 4.10032938e+00 -1.28712553e-03
1.14536800e+04 3.00485690e-02 -1.46396501e-03 4.10049901e+00 -1.28934862e-03
1.14541800e+04 3.02085070e-02 -1.46608504e-03 4.10066863e+00 -1.29121522e-03
1.14546800e+04 3.03699820e-02 -1.46779442e-03 4.10083825e+00 -1.29272016e-03
1.14551800e+04 3.05330160e-02 -1.46908728e-03 4.10100787e+00 -1.29385825e-03
1.14556800e+04 3.06976310e-02 -1.46995774e-03 4.10117749e+00 -1.29462433e-03
1.14561800e+04 3.08638500e-02 -1.47039966e-03 4.10134711e+00 -1.29501298e-03
1.14566800e+04 3.10316970e-02 -1.47040662e-03 4.10151673e+00 -1.29501855e-03
1.14571800e+04 3.12011940e-02 -1.46997274e-03 4.10168635e+00 -1.29463588e-03
1.14576800e+04 3.13723670e-02 -1.46909109e-03 4.10185597e+00 -1.29385883e-03
1.14581800e+04 3.15452390e-02 -1.46775551e-03 4.10202559e+00 -1.29268200e-03
1.14586800e+04 3.17198360e-02 -1.46595907e-03 4.10219521e+00 -1.29109928e-03
1.14591800e+04 3.18961840e-02 -1.46369480e-03 4.10236483e+00 -1.28910454e-03
1.14596800e+04 3.20743080e-02 -1.46095603e-03 4.10253445e+00 -1.28669190e-03
1.14601800e+04 3.22542350e-02 -1.45773556e-03 4.10270407e+00 -1.28385502e-03
1.14606800e+04 3.24359920e-02 -1.45402616e-03 4.10287369e+00 -1.28058753e-03
1.14611800e+04 3.26196070e-02 -1.44982035e-03 4.10304332e+00 -1.27688285e-03
1.14616800e+04 3.28051080e-02 -1.44511066e-03 4.10321294e+00 -1.27273439e-03
1.14621800e+04 3.29925250e-02 -1.43988907e-03 4.10338256e+00 -1.26813510e-03
1.14626800e+04 3.31818850e-02 -1.43414836e-03 4.10355218e+00 -1.26307862e-03
1.14631800e+04 3.33732200e-02 -1.42787999e-03 4.10372180e+00 -1.25755742e-03
1.14636800e+04 3.35665600e-02 -1.42107594e-03 4.10389142e+00 -1.25156444e-03
1.14641800e+04 3.37619370e-02 -1.41372766e-03 4.10406104e+00 -1.24509215e-03
1.14646800e+04 3.39593810e-02 -1.40582714e-03 4.10423066e+00 -1.23813351e-03
1.14651800e+04 3.41589270e-02 -1.39736502e-03 4.10440028e+00 -1.23068026e-03
1.14656800e+04 3.43606060e-02 -1.38833302e-03 4.10456990e+00 -1.22272512e-03
1.14661800e+04 3.45644540e-02 -1.37872152e-03 4.10473952e+00 -1.21425961e-03
1.14666800e+04 3.47705040e-02 -1.36852172e-03 4.10490914e+00 -1.20527598e-03
1.14671800e+04 3.49787930e-02 -1.35772371e-03 4.10507876e+00 -1.19576552e-03
1.14676800e+04 3.51893550e-02 -1.34631843e-03 4.10524838e+00 -1.18572022e-03
1.14681800e+04 3.54022300e-02 -1.33429518e-03 4.10541801e+00 -1.17513068e-03
1.14686800e+04 3.56174530e-02 -1.32164460e-03 4.10558763e+00 -1.16398865e-03
1.14691800e+04 3.58350640e-02 -1.30835602e-03 4.10575725e+00 -1.15228474e-03
1.14696800e+04 3.60551030e-02 -1.29441875e-03 4.10592687e+00 -1.14000953e-03
1.14701800e+04 3.62776090e-02 -1.27982236e-03 4.10609649e+00 -1.12715384e-03
1.14706800e+04 3.65026240e-02 -1.26455564e-03 4.10626611e+00 -1.11370779e-03
1.14711800e+04 3.67301900e-02 -1.24860737e-03 4.10643573e+00 -1.09966150e-03
1.14716800e+04 3.69603500e-02 -1.23196605e-03 4.10660535e+00 -1.08500485e-03
1.14721800e+04 3.71931480e-02 -1.21461993e-03 4.10677497e+00 -1.06972749e-03
1.14726800e+04 3.74286300e-02 -1.19655672e-03 4.10694459e+00 -1.05381859e-03
1.14731800e+04 3.76668400e-02 -1.17776466e-03 4.10711421e+00 -1.03726781e-03
1.14736800e+04 3.79078280e-02 -1.15823041e-03 4.10728383e+00 -1.02006338e-03
1.14741800e+04 3.81516400e-02 -1.13794166e-03 4.10745345e+00 -1.00219447e-03
1.14746800e+04 3.83983260e-02 -1.11688506e-03 4.10762307e+00 -9.83649329e-04
1.14751800e+04 3.86479370e-02 -1.09504698e-03 4.10779269e+00 -9.64415948e-04
1.14756800e+04 3.89005250e-02 -1.07241352e-03 4.10796232e+00 -9.44482095e-04
1.14761800e+04 3.91561420e-02 -1.04897081e-03 4.10813194e+00 -9.23835536e-04
1.14766800e+04 3.94148420e-02 -1.02470441e-03 4.10830156e+00 -9.02463564e-04
1.14771800e+04 3.96766810e-02 -9.99599348e-04 4.10847118e+00 -8.80353005e-04
1.14776800e+04 3.99417170e-02 -9.73640142e-04 4.10864080e+00 -8.57490211e-04
1.14781800e+04 4.02100060e-02 -9.46811825e-04 4.10881042e+00 -8.33862007e-04
1.14786800e+04 4.04816100e-02 -9.19097834e-04 4.10898004e+00 -8.09453806e-04
1.14791800e+04 4.07565880e-02 -8.90482405e-04 4.10914966e+00 -7.84251725e-04
1.14796800e+04 4.10350030e-02 -8.60948707e-04 4.10931928e+00 -7.58240943e-04
1.14801800e+04 4.13169200e-02 -8.30479372e-04 4.10948890e+00 -7.31406164e-04
1.14806800e+04 4.16024050e-02 -7.99056769e-04 4.10965852e+00 -7.03731862e-04
1.14811800e+04 4.18915240e-02 -7.66663262e-04 4.10982814e+00 -6.75202507e-04
1.14816800e+04 4.21843480e-02 -7.33279884e-04 4.10999776e+00 -6.45801393e-04
1.14821800e+04 4.24809460e-02 -6.98888199e-04 4.11016738e+00 -6.15512287e-04
1.14826800e+04 4.27813910e-02 -6.63468704e-04 4.11033700e+00 -5.84318013e-04
1.14831800e+04 4.30857580e-02 -6.27001361e-04 4.11050663e+00 -5.52200925e-04
1.14836800e+04 4.33941240e-02 -5.89465598e-04 4.11067625e+00 -5.19142906e-04
1.14841800e+04 4.37065670e-02 -5.50840575e-04 4.11084587e+00 -4.85125603e-04
1.14846800e+04 4.40231680e-02 -5.11104651e-04 4.11101549e+00 -4.50129959e-04
1.14851800e+04 4.43440080e-02 -4.70236185e-04 4.11118511e+00 -4.14136916e-04
1.14856800e+04 4.46691740e-02 -4.28211934e-04 4.11135473e+00 -3.77126004e-04
1.14861800e+04 4.49987520e-02 -3.85008921e-04 4.11152435e+00 -3.39076990e-04
1.14866800e+04 4.53328320e-02 -3.40603100e-04 4.11169397e+00 -2.99968696e-04
1.14871800e+04 4.56715050e-02 -2.94970159e-04 4.11186359e+00 -2.59779714e-04
1.14876800e+04 4.60148670e-02 -2.48084448e-04 4.11203321e+00 -2.18487455e-04
1.14881800e+04 4.63630140e-02 -1.99920321e-04 4.11220283e+00 -1.76069333e-04
1.14886800e+04 4.67160450e-02 -1.50451325e-04 4.11237245e+00 -1.32502054e-04
1.14891800e+04 4.70740640e-02 -9.96496769e-05 4.11254207e+00 -8.77611490e-05
1.14896800e+04 4.74371760e-02 -4.74873220e-05 4.11271169e+00 -4.18219133e-05
1.14901800e+04 4.78054890e-02 6.06459379e-06 4.11288132e+00 5.34106360e-06
1.14906800e+04 4.81791150e-02 6.10359938e-05 4.11305094e+00 5.37541335e-05
1.14911800e+04 4.85581680e-02 1.17457335e-04 4.11322056e+00 1.03444119e-04
1.14916800e+04 4.89427670e-02 1.75360412e-04 4.11339018e+00 1.54439018e-04
1.14921800e+04 4.93330320e-02 2.34777285e-04 4.11355980e+00 2.06767064e-04
1.14926800e+04 4.97290880e-02 2.95741350e-04 4.11372942e+00 2.60457669e-04
1.14931800e+04 5.01310660e-02 3.58287607e-04 4.11389904e+00 3.15541655e-04
1.14936800e+04 5.05390950e-02 4.22450521e-04 4.11406866e+00 3.72049372e-04
1.14941800e+04 5.09533150e-02 4.88267496e-04 4.11423828e+00 4.30013760e-04
1.14946800e+04 5.13738640e-02 5.55775402e-04 4.11440790e+00 4.89467289e-04
1.14951800e+04 5.18008880e-02 6.25013246e-04 4.11457752e+00 5.50444310e-04
1.14956800e+04 5.22345350e-02 6.96020569e-04 4.11474714e+00 6.12979644e-04
1.14961800e+04 5.26749610e-02 7.68839050e-04 4.11491676e+00 6.77109996e-04
1.14966800e+04 5.31223230e-02 8.43510635e-04 4.11508638e+00 7.42872305e-04
1.14971800e+04 5.35767860e-02 9.20079408e-04 4.11525600e+00 8.10305393e-04
1.14976800e+04 5.40385170e-02 9.98589986e-04 4.11542563e+00 8.79448552e-04
1.14981800e+04 5.45076920e-02 1.07908939e-03 4.11559525e+00 9.50343192e-04
1.14986800e+04 5.49844900e-02 1.16162545e-03 4.11576487e+00 1.02303143e-03
1.14991800e+04 5.54690970e-02 1.24624785e-03 4.11593449e+00 1.09755702e-03
1.14996800e+04 5.59617030e-02 1.33300736e-03 4.11610411e+00 1.17396468e-03
1.15001800e+04 5.64625090e-02 1.42195768e-03 4.11627373e+00 1.25230170e-03
1.15006800e+04 5.69717170e-02 1.51315278e-03 4.11644335e+00 1.33261559e-03
1.15011800e+04 5.74895390e-02 1.60664929e-03 4.11661297e+00 1.41495625e-03
1.15016800e+04 5.80161950e-02 1.70250600e-03 4.11678259e+00 1.49937543e-03
1.15021800e+04 5.85519080e-02 1.80078249e-03 4.11695221e+00 1.58592560e-03
1.15026800e+04 5.90969150e-02 1.90154207e-03 4.11712183e+00 1.67466253e-03
1.15031800e+04 5.96514550e-02 2.00484861e-03 4.11729145e+00 1.76564245e-03
1.15036800e+04 6.02157790e-02 2.11076915e-03 4.11746107e+00 1.85892440e-03
1.15041800e+04 6.07901470e-02 2.21937316e-03 4.11763069e+00 1.95456958e-03
1.15046800e+04 6.13748260e-02 2.33073199e-03 4.11780031e+00 2.05264079e-03
1.15051800e+04 6.19700930e-02 2.44491963e-03 4.11796994e+00 2.15320321e-03
1.15056800e+04 6.25762380e-02 2.56201357e-03 4.11813956e+00 2.25632507e-03
1.15061800e+04 6.31935580e-02 2.68209315e-03 4.11830918e+00 2.36207626e-03
1.15066800e+04 6.38223620e-02 2.80524094e-03 4.11847880e+00 2.47052947e-03
1.15071800e+04 6.44629700e-02 2.93154242e-03 4.11864842e+00 2.58175999e-03
1.15076800e+04 6.51157160e-02 3.06108683e-03 4.11881804e+00 2.69584642e-03
1.15081800e+04 6.57809450e-02 3.19396635e-03 4.11898766e+00 2.81286991e-03
1.15086800e+04 6.64590150e-02 3.33027662e-03 4.11915728e+00 2.93291471e-03
1.15091800e+04 6.71502970e-02 3.47011677e-03 4.11932690e+00 3.05606810e-03
1.15096800e+04 6.78551800e-02 3.61359073e-03 4.11949652e+00 3.18242160e-03
1.15101800e+04 6.85740640e-02 3.76080535e-03 4.11966614e+00 3.31206934e-03
1.15106800e+04 6.93073670e-02 3.91187233e-03 4.11983576e+00 3.44510966e-03
1.15111800e+04 7.00555240e-02 4.06690788e-03 4.12000538e+00 3.58164490e-03
1.15116800e+04 7.08189860e-02 4.22603250e-03 4.12017500e+00 3.72178119e-03
1.15121800e+04 7.15982240e-02 4.38937201e-03 4.12034463e+00 3.86562933e-03
1.15126800e+04 7.23937270e-02 4.55705708e-03 4.12051425e+00 4.01330438e-03
1.15131800e+04 7.32060050e-02 4.72922396e-03 4.12068387e+00 4.16492634e-03
1.15136800e+04 7.40355900e-02 4.90601478e-03 4.12085349e+00 4.32062038e-03
1.15141800e+04 7.48830370e-02 5.08757783e-03 4.12102311e+00 4.48051707e-03
1.15146800e+04 7.57489220e-02 5.27406699e-03 4.12119273e+00 4.64475194e-03
1.15151800e+04 7.66338490e-02 5.46564363e-03 4.12136235e+00 4.81346711e-03
1.15156800e+04 7.75384460e-02 5.66247555e-03 4.12153197e+00 4.98681033e-03
1.15161800e+04 7.84633720e-02 5.86473880e-03 4.12170159e+00 5.16493664e-03
1.15166800e+04 7.94093130e-02 6.07261668e-03 4.12187121e+00 5.34800746e-03
1.15171800e+04 8.03769860e-02 6.28630073e-03 4.12204083e+00 5.53619149e-03
1.15176800e+04 8.13671420e-02 6.50599160e-03 4.12221045e+00 5.72966541e-03
1.15181800e+04 8.23805670e-02 6.73189930e-03 4.12238007e+00 5.92861417e-03
1.15186800e+04 8.34180810e-02 6.96424290e-03 4.12254969e+00 6.13323069e-03
1.15191800e+04 8.44805480e-02 7.20325324e-03 4.12271931e+00 6.34371826e-03
1.15196800e+04 8.55688680e-02 7.44917078e-03 4.12288894e+00 6.56028864e-03
1.15201800e+04 8.66839870e-02 7.70224825e-03 4.12305856e+00 6.78316439e-03
1.15206800e+04 8.78268980e-02 7.96275097e-03 4.12322818e+00 7.01257916e-03
1.15211800e+04 8.89986430e-02 8.23095732e-03 4.12339780e+00 7.24877811e-03
1.15216800e+04 9.02003160e-02 8.50715959e-03 4.12356742e+00 7.49201865e-03
1.15221800e+04 9.14330660e-02 8.79166476e-03 4.12373704e+00 7.74257110e-03
1.15226800e+04 9.26981010e-02 9.08479557e-03 4.12390666e+00 8.00071970e-03
1.15231800e+04 9.39966950e-02 9.38689240e-03 4.12407628e+00 8.26676419e-03
1.15236800e+04 9.53301850e-02 9.69831247e-03 4.12424590e+00 8.54101915e-03
1.15241800e+04 9.66999820e-02 1.00194327e-02 4.12441552e+00 8.82381655e-03
1.15246800e+04 9.81075740e-02 1.03506508e-02 4.12458514e+00 9.11550651e-03
1.15251800e+04 9.95545280e-02 1.06923852e-02 4.12475476e+00 9.41645771e-03
1.15256800e+04 1.01042500e-01 1.10450785e-02 4.12492438e+00 9.72705977e-03
1.15261800e+04 1.02573240e-01 1.14091983e-02 4.12509400e+00 1.00477244e-02
1.15266800e+04 1.04148600e-01 1.17852392e-02 4.12526363e+00 1.03788875e-02
1.15271800e+04 1.05770530e-01 1.21737223e-02 4.12543325e+00 1.07210077e-02
1.15276800e+04 1.07441110e-01 1.25752033e-02 4.12560287e+00 1.10745744e-02
1.15281800e+04 1.09162530e-01 1.29902674e-02 4.12577249e+00 1.14401030e-02
1.15286800e+04 1.10937120e-01 1.34195370e-02 4.12594211e+00 1.18181415e-02
1.15291800e+04 1.12767340e-01 1.38636693e-02 4.12611173e+00 1.22092689e-02
1.15296800e+04 1.14655830e-01 1.43233698e-02 4.12628135e+00 1.26141063e-02
1.15301800e+04 1.16605360e-01 1.47993784e-02 4.12645097e+00 1.30333053e-02
1.15306800e+04 1.18618930e-01 1.52924967e-02 4.12662059e+00 1.34675720e-02
1.15311800e+04 1.20699670e-01 1.58035609e-02 4.12679021e+00 1.39176425e-02
1.15316800e+04 1.22850970e-01 1.63334768e-02 4.12695983e+00 1.43843147e-02
1.15321800e+04 1.25076430e-01 1.68832062e-02 4.12712945e+00 1.48684355e-02
1.15326800e+04 1.27379890e-01 1.74537750e-02 4.12729907e+00 1.53709084e-02
1.15331800e+04 1.29765460e-01 1.80462812e-02 4.12746869e+00 1.58927004e-02
1.15336800e+04 1.32237540e-01 1.86619005e-02 4.12763831e+00 1.64348468e-02
1.15341800e+04 1.34800860e-01 1.93018966e-02 4.12780794e+00 1.69984603e-02
1.15346800e+04 1.37460470e-01 1.99676186e-02 4.12797756e+00 1.75847293e-02
1.15351800e+04 1.40221820e-01 2.06605227e-02 4.12814718e+00 1.81949360e-02
1.15356800e+04 1.43090760e-01 2.13821718e-02 4.12831680e+00 1.88304569e-02
1.15361800e+04 1.46073590e-01 2.21342491e-02 4.12848642e+00 1.94927741e-02
1.15366800e+04 1.49177100e-01 2.29185688e-02 4.12865604e+00 2.01834852e-02
1.15371800e+04 1.52408640e-01 2.37370944e-02 4.12882566e+00 2.09043197e-02
1.15376800e+04 1.55776140e-01 2.45919447e-02 4.12899528e+00 2.16571433e-02
1.15381800e+04 1.59288210e-01 2.54854201e-02 4.12916490e+00 2.24439817e-02
1.15386800e+04 1.62954150e-01 2.64200052e-02 4.12933452e+00 2.32670231e-02
1.15391800e+04 1.66784110e-01 2.73984118e-02 4.12950414e+00 2.41286556e-02
1.15396800e+04 1.70789110e-01 2.84235842e-02 4.12967376e+00 2.50314721e-02
1.15401800e+04 1.74981160e-01 2.94987311e-02 4.12984338e+00 2.59782982e-02
1.15406800e+04 1.79373370e-01 3.06273551e-02 4.13001300e+00 2.69722185e-02
1.15411800e+04 1.83980100e-01 3.18132929e-02 4.13018262e+00 2.80166118e-02
1.15416800e+04 1.88817070e-01 3.30607443e-02 4.13035225e+00 2.91151765e-02
1.15421800e+04 1.93901540e-01 3.43743207e-02 4.13052187e+00 3.02719738e-02
1.15426800e+04 1.99252520e-01 3.57591011e-02 4.13069149e+00 3.14914763e-02
1.15431800e+04 2.04890950e-01 3.72206800e-02 4.13086111e+00 3.27786109e-02
1.15436800e+04 2.10840000e-01 3.87652479e-02 4.13103073e+00 3.41388290e-02
1.15441800e+04 2.17125300e-01 4.03996523e-02 4.13120035e+00 3.55781610e-02
1.15446800e+04 2.23775340e-01 4.21315050e-02 4.13136997e+00 3.71033100e-02
1.15451800e+04 2.30821810e-01 4.39692727e-02 4.13153959e+00 3.87217322e-02
1.15456800e+04 2.38300110e-01 4.59224131e-02 4.13170921e+00 4.04417565e-02
1.15461800e+04 2.46249840e-01 4.80015064e-02 4.13187883e+00 4.22727001e-02
1.15466800e+04 2.54715470e-01 5.02184337e-02 4.13204845e+00 4.42250261e-02
1.15471800e+04 2.63747050e-01 5.25865669e-02 4.13221807e+00 4.63105104e-02
1.15476800e+04 2.73401140e-01 5.51210173e-02 4.13238769e+00 4.85424605e-02
1.15481800e+04 2.83741830e-01 5.78389079e-02 4.13255731e+00 5.09359556e-02
1.15486800e+04 2.94842020e-01 6.07597155e-02 4.13272694e+00 5.35081480e-02
1.15491800e+04 3.06784960e-01 6.39056822e-02 4.13289656e+00 5.62786248e-02
1.15496800e+04 3.19666020e-01 6.73022882e-02 4.13306618e+00 5.92698249e-02
1.15501800e+04 3.33595020e-01 7.09788742e-02 4.13323580e+00 6.25075871e-02
1.15506800e+04 3.48698860e-01 7.49693445e-02 4.13340542e+00 6.60217687e-02
1.15511800e+04 3.65124930e-01 7.93130775e-02 4.13357504e+00 6.98470480e-02
1.15516800e+04 3.83045230e-01 8.40560267e-02 4.13374466e+00 7.40238936e-02
1.15521800e+04 4.02661520e-01 8.92520967e-02 4.13391428e+00 7.85997760e-02
1.15526800e+04 4.24211750e-01 9.49648611e-02 4.13408390e+00 8.36306807e-02
1.15531800e+04 4.47978200e-01 1.01269737e-01 4.13425352e+00 8.91830232e-02
1.15536800e+04 4.74297750e-01 1.08256730e-01 4.13442314e+00 9.53360654e-02
1.15541800e+04 5.03513770e-01 1.16017578e-01 4.13459276e+00 1.02170596e-01
1.15546800e+04 5.36081160e-01 1.24673817e-01 4.13476238e+00 1.09793645e-01
1.15547800e+04 5.43082800e-01 1.26535488e-01 4.13479631e+00 1.11433111e-01
1.15548800e+04 5.50250810e-01 1.28441609e-01 4.13483023e+00 1.13111721e-01
1.15549800e+04 5.57590740e-01 1.30393661e-01 4.13486416e+00 1.14830780e-01
1.15550800e+04 5.65108400e-01 1.32393199e-01 4.13489808e+00 1.16591657e-01
1.15551800e+04 5.72809830e-01 1.34441834e-01 4.13493200e+00 1.18395771e-01
1.15552800e+04 5.80701360e-01 1.36541259e-01 4.13496593e+00 1.20244612e-01
1.15553800e+04 5.88789550e-01 1.38693225e-01 4.13499985e+00 1.22139724e-01
1.15554800e+04 5.97081280e-01 1.40899572e-01 4.13503378e+00 1.24082725e-01
1.15555800e+04 6.05583720e-01 1.43162215e-01 4.13506770e+00 1.26075303e-01
1.15556800e+04 6.14304360e-01 1.45483154e-01 4.13510162e+00 1.28119219e-01
1.15557800e+04 6.23251030e-01 1.47864483e-01 4.13513555e+00 1.30216316e-01
1.15558800e+04 6.32431900e-01 1.50308383e-01 4.13516947e+00 1.32368516e-01
1.15559800e+04 6.41855510e-01 1.52817136e-01 4.13520340e+00 1.34577829e-01
1.15560800e+04 6.51530810e-01 1.55393134e-01 4.13523732e+00 1.36846360e-01
1.15561800e+04 6.61467150e-01 1.58038874e-01 4.13527125e+00 1.39176309e-01
1.15562800e+04 6.71674300e-01 1.60756967e-01 4.13530517e+00 1.41569975e-01
1.15563800e+04 6.82162500e-01 1.63550149e-01 4.13533909e+00 1.44029767e-01
1.15564800e+04 6.92942480e-01 1.66421287e-01 4.13537302e+00 1.46558210e-01
1.15565800e+04 7.04025470e-01 1.69373380e-01 4.13540694e+00 1.49157945e-01
1.15566800e+04 7.15423220e-01 1.72409568e-01 4.13544087e+00 1.51831738e-01
1.15567800e+04 7.27148080e-01 1.75533150e-01 4.13547479e+00 1.54582494e-01
1.15568800e+04 7.39212960e-01 1.78747577e-01 4.13550871e+00 1.57413251e-01
1.15569800e+04 7.51631430e-01 1.82056472e-01 4.13554264e+00 1.60327202e-01
1.15570800e+04 7.64417710e-01 1.85463637e-01 4.13557656e+00 1.63327691e-01
1.15571800e+04 7.77586730e-01 1.88973058e-01 4.13561049e+00 1.66418233e-01
1.15572800e+04 7.91154160e-01 1.92588924e-01 4.13564441e+00 1.69602513e-01
1.15573800e+04 8.05136440e-01 1.96315626e-01 4.13567834e+00 1.72884400e-01
1.15574800e+04 8.19550870e-01 2.00157786e-01 4.13571226e+00 1.76267965e-01
1.15575800e+04 8.34415600e-01 2.04120253e-01 4.13574618e+00 1.79757477e-01
1.15576800e+04 8.49749710e-01 2.08208126e-01 4.13578011e+00 1.83357426e-01
1.15577800e+04 8.65573270e-01 2.12426766e-01 4.13581403e+00 1.87072533e-01
1.15578800e+04 8.81907370e-01 2.16781808e-01 4.13584796e+00 1.90907762e-01
1.15579800e+04 8.98774190e-01 2.21279178e-01 4.13588188e+00 1.94868330e-01
1.15580800e+04 9.16197090e-01 2.25925116e-01 4.13591580e+00 1.98959734e-01
1.15581800e+04 9.34200620e-01 2.30726183e-01 4.13594973e+00 2.03187750e-01
1.15582800e+04 9.52810620e-01 2.35689281e-01 4.13598365e+00 2.07558458e-01
1.15583800e+04 9.72054300e-01 2.40821681e-01 4.13601758e+00 2.12078259e-01
1.15584800e+04 9.91960310e-01 2.46131037e-01 4.13605150e+00 2.16753895e-01
1.15585800e+04 1.01255880e+00 2.51625404e-01 4.13608542e+00 2.21592459e-01
1.15586800e+04 1.03388150e+00 2.57313259e-01 4.13611935e+00 2.26601416e-01
1.15587800e+04 1.05596190e+00 2.63203551e-01 4.13615327e+00 2.31788647e-01
1.15588800e+04 1.07883520e+00 2.69305683e-01 4.13618720e+00 2.37162434e-01
1.15589800e+04 1.10253840e+00 2.75629542e-01 4.13622112e+00 2.42731481e-01
1.15590800e+04 1.12711050e+00 2.82185545e-01 4.13625505e+00 2.48504964e-01
1.15591800e+04 1.15259270e+00 2.88984702e-01 4.13628897e+00 2.54492578e-01
1.15592800e+04 1.17902810e+00 2.96038528e-01 4.13632289e+00 2.60704463e-01
1.15593800e+04 1.20646240e+00 3.03359231e-01 4.13635682e+00 2.67151371e-01
1.15594800e+04 1.23494310e+00 3.10959502e-01 4.13639074e+00 2.73844478e-01
1.15595800e+04 1.26452080e+00 3.18852862e-01 4.13642467e+00 2.80795690e-01
1.15596800e+04 1.29524810e+00 3.27053362e-01 4.13645859e+00 2.88017382e-01
1.15597800e+04 1.32718050e+00 3.35575831e-01 4.13649251e+00 2.95522613e-01
1.15598800e+04 1.36037620e+00 3.44435818e-01 4.13652644e+00 3.03325075e-01
1.15599800e+04 1.39489610e+00 3.53649594e-01 4.13656036e+00 3.11439098e-01
1.15600800e+04 1.43080400e+00 3.63234205e-01 4.13659429e+00 3.19879692e-01
1.15601800e+04 1.46816640e+00 3.73207417e-01 4.13662821e+00 3.28662505e-01
1.15602800e+04 1.50705300e+00 3.83587853e-01 4.13666214e+00 3.37803934e-01
1.15603800e+04 1.54753600e+00 3.94394802e-01 4.13669606e+00 3.47320967e-01
1.15604800e+04 1.58969070e+00 4.05648382e-01 4.13672998e+00 3.57231321e-01
1.15605800e+04 1.63359500e+00 4.17369406e-01 4.13676391e+00 3.67553325e-01
1.15606800e+04 1.67932920e+00 4.29579328e-01 4.13679783e+00 3.78305871e-01
1.15607800e+04 1.72697630e+00 4.42300322e-01 4.13683176e+00 3.89508488e-01
1.15608800e+04 1.77662090e+00 4.55554993e-01 4.13686568e+00 4.01181080e-01
1.15609800e+04 1.82834950e+00 4.69366450e-01 4.13689960e+00 4.13344000e-01
1.15610800e+04 1.88224960e+00 4.83758070e-01 4.13693353e+00 4.26017835e-01
1.15611800e+04 1.93840930e+00 4.98753393e-01 4.13696745e+00 4.39223313e-01
1.15612800e+04 1.99691610e+00 5.14375794e-01 4.13700138e+00 4.52981021e-01
1.15613800e+04 2.05785640e+00 5.30648358e-01 4.13703530e+00 4.67311287e-01
1.15614800e+04 2.12131400e+00 5.47593473e-01 4.13706922e+00 4.82233828e-01
1.15615800e+04 2.18736900e+00 5.65232541e-01 4.13710315e+00 4.97767489e-01
1.15616800e+04 2.25609570e+00 5.83585413e-01 4.13713707e+00 5.13929754e-01
1.15617800e+04 2.32756090e+00 6.02669934e-01 4.13717100e+00 5.30736337e-01
1.15618800e+04 2.40182190e+00 6.22501414e-01 4.13720492e+00 5.48200720e-01
1.15619800e+04 2.47892360e+00 6.43091850e-01 4.13723885e+00 5.66333468e-01
1.15620800e+04 2.55889560e+00 6.64449149e-01 4.13727277e+00 5.85141545e-01
1.15621800e+04 2.64174920e+00 6.86576330e-01 4.13730669e+00 6.04627609e-01
1.15622800e+04 2.72747370e+00 7.09470535e-01 4.13734062e+00 6.24789142e-01
1.15623800e+04 2.81603260e+00 7.33122012e-01 4.13737454e+00 6.45617557e-01
1.15624800e+04 2.90735960e+00 7.57513048e-01 4.13740847e+00 6.67097254e-01
1.15625800e+04 3.00135440e+00 7.82616845e-01 4.13744239e+00 6.89204634e-01
1.15626800e+04 3.09787830e+00 8.08396346e-01 4.13747631e+00 7.11907064e-01
1.15627800e+04 3.19675040e+00 8.34803220e-01 4.13751024e+00 7.35161980e-01
1.15628800e+04 3.29774360e+00 8.61776792e-01 4.13754416e+00 7.58915949e-01
1.15629800e+04 3.40058150e+00 8.89243217e-01 4.13757809e+00 7.83103941e-01
1.15630800e+04 3.50493630e+00 9.17114914e-01 4.13761201e+00 8.07648828e-01
1.15631800e+04 3.61042690e+00 9.45290065e-01 4.13764594e+00 8.32460944e-01
1.15632800e+04 3.71662000e+00 9.73652904e-01 4.13767986e+00 8.57438342e-01
1.15633800e+04 3.82303130e+00 1.00207404e+00 4.13771378e+00 8.82467075e-01
1.15634800e+04 3.92912970e+00 1.03041158e+00 4.13774771e+00 9.07422183e-01
1.15635800e+04 4.03434310e+00 1.05851267e+00 4.13778163e+00 9.32169063e-01
1.15636800e+04 4.13806680e+00 1.08621576e+00 4.13781556e+00 9.56565437e-01
1.15637800e+04 4.23967360e+00 1.11335326e+00 4.13784948e+00 9.80463739e-01
1.15638800e+04 4.33852610e+00 1.13975490e+00 4.13788340e+00 1.00371400e+00
1.15639800e+04 4.43399030e+00 1.16525128e+00 4.13791733e+00 1.02616705e+00
1.15640800e+04 4.52544970e+00 1.18967769e+00 4.13795125e+00 1.04767783e+00
1.15641800e+04 4.61231460e+00 1.21287658e+00 4.13798518e+00 1.06810761e+00
1.15642800e+04 4.69402850e+00 1.23469926e+00 4.13801910e+00 1.08732545e+00
1.15643800e+04 4.77009250e+00 1.25501245e+00 4.13805302e+00 1.10521396e+00
1.15644800e+04 4.84008800e+00 1.27370431e+00 4.13808695e+00 1.12167466e+00
1.15645800e+04 4.90368620e+00 1.29068699e+00 4.13812087e+00 1.13663018e+00
1.15646800e+04 4.96065400e+00 1.30589822e+00 4.13815480e+00 1.15002569e+00
1.15647800e+04 5.01085230e+00 1.31930082e+00 4.13818872e+00 1.16182846e+00
1.15648800e+04 5.05423530e+00 1.33088257e+00 4.13822265e+00 1.17202770e+00
1.15649800e+04 5.09084700e+00 1.34065521e+00 4.13825657e+00 1.18063378e+00
1.15650800e+04 5.12081420e+00 1.34865264e+00 4.13829049e+00 1.18767652e+00
1.15651800e+04 5.14433790e+00 1.35492854e+00 4.13832442e+00 1.19320322e+00
1.15652800e+04 5.16168220e+00 1.35955348e+00 4.13835834e+00 1.19727602e+00
1.15653800e+04 5.17316320e+00 1.36261191e+00 4.13839227e+00 1.19996929e+00
1.15654800e+04 5.17913700e+00 1.36419897e+00 4.13842619e+00 1.20136682e+00
1.15655800e+04 5.17998820e+00 1.36441742e+00 4.13846011e+00 1.20155909e+00
1.15656800e+04 5.17611870e+00 1.36337462e+00 4.13849404e+00 1.20064066e+00
1.15657800e+04 5.16793830e+00 1.36118008e+00 4.13852796e+00 1.19870796e+00
1.15658800e+04 5.15585620e+00 1.35794311e+00 4.13856189e+00 1.19585725e+00
1.15659800e+04 5.14027350e+00 1.35377088e+00 4.13859581e+00 1.19218293e+00
1.15660800e+04 5.12157780e+00 1.34876695e+00 4.13862973e+00 1.18777616e+00
1.15661800e+04 5.10013920e+00 1.34303019e+00 4.13866366e+00 1.18272405e+00
1.15662800e+04 5.07630660e+00 1.33665382e+00 4.13869758e+00 1.17710867e+00
1.15663800e+04 5.05040670e+00 1.32972512e+00 4.13873151e+00 1.17100690e+00
1.15664800e+04 5.02274210e+00 1.32232495e+00 4.13876543e+00 1.16448992e+00
1.15665800e+04 4.99359190e+00 1.31452786e+00 4.13879936e+00 1.15762341e+00
1.15666800e+04 4.96321160e+00 1.30640213e+00 4.13883328e+00 1.15046748e+00
1.15667800e+04 4.93183430e+00 1.29801003e+00 4.13886720e+00 1.14307698e+00
1.15668800e+04 4.89967160e+00 1.28940809e+00 4.13890113e+00 1.13550169e+00
1.15669800e+04 4.86691490e+00 1.28064745e+00 4.13893505e+00 1.12778664e+00
1.15670800e+04 4.83373720e+00 1.27177433e+00 4.13896898e+00 1.11997254e+00
1.15671800e+04 4.80029440e+00 1.26283039e+00 4.13900290e+00 1.11209607e+00
1.15672800e+04 4.76672660e+00 1.25385305e+00 4.13903682e+00 1.10419018e+00
1.15673800e+04 4.73315970e+00 1.24487594e+00 4.13907075e+00 1.09628452e+00
1.15674800e+04 4.69970680e+00 1.23592930e+00 4.13910467e+00 1.08840567e+00
1.15675800e+04 4.66646910e+00 1.22704015e+00 4.13913860e+00 1.08057746e+00
1.15676800e+04 4.63353700e+00 1.21823265e+00 4.13917252e+00 1.07282115e+00
1.15677800e+04 4.60099140e+00 1.20952841e+00 4.13920645e+00 1.06515578e+00
1.15678800e+04 4.56890430e+00 1.20094667e+00 4.13924037e+00 1.05759829e+00
1.15679800e+04 4.53733940e+00 1.19250445e+00 4.13927429e+00 1.05016367e+00
1.15680800e+04 4.50635330e+00 1.18421686e+00 4.13930822e+00 1.04286522e+00
1.15681800e+04 4.47599540e+00 1.17609711e+00 4.13934214e+00 1.03571458e+00
1.15682800e+04 4.44630880e+00 1.16815672e+00 4.13937607e+00 1.02872189e+00
1.15683800e+04 4.41733100e+00 1.16040570e+00 4.13940999e+00 1.02189596e+00
1.15684800e+04 4.38909370e+00 1.15285251e+00 4.13944391e+00 1.01524427e+00
1.15685800e+04 4.36162350e+00 1.14550428e+00 4.13947784e+00 1.00877305e+00
1.15686800e+04 4.33494220e+00 1.13836682e+00 4.13951176e+00 1.00248746e+00
1.15687800e+04 4.30906700e+00 1.13144472e+00 4.13954569e+00 9.96391520e-01
1.15688800e+04 4.28401100e+00 1.12474149e+00 4.13957961e+00 9.90488327e-01
1.15689800e+04 4.25978310e+00 1.11825951e+00 4.13961353e+00 9.84779971e-01
1.15690800e+04 4.23638850e+00 1.11200016e+00 4.13964746e+00 9.79267677e-01
1.15691800e+04 4.21382900e+00 1.10596392e+00 4.13968138e+00 9.73951866e-01
1.15692800e+04 4.19210280e+00 1.10015032e+00 4.13971531e+00 9.68832116e-01
1.15693800e+04 4.17120530e+00 1.09455813e+00 4.13974923e+00 9.63907345e-01
1.15694800e+04 4.15112870e+00 1.08918526e+00 4.13978316e+00 9.59175717e-01
1.15695800e+04 4.13186290e+00 1.08402901e+00 4.13981708e+00 9.54634856e-01
1.15696800e+04 4.11339500e+00 1.07908593e+00 4.13985100e+00 9.50281726e-01
1.15697800e+04 4.09571000e+00 1.07435203e+00 4.13988493e+00 9.46112798e-01
1.15698800e+04 4.07879090e+00 1.06982275e+00 4.13991885e+00 9.42124073e-01
1.15699800e+04 4.06261870e+00 1.06549302e+00 4.13995278e+00 9.38311080e-01
1.15700800e+04 4.04717290e+00 1.06135737e+00 4.13998670e+00 9.34668996e-01
1.15701800e+04 4.03243170e+00 1.05740997e+00 4.14002062e+00 9.31192692e-01
1.15702800e+04 4.01837190e+00 1.05364461e+00 4.14005455e+00 9.27876709e-01
1.15703800e+04 4.00496950e+00 1.05005490e+00 4.14008847e+00 9.24715400e-01
1.15704800e+04 3.99219970e+00 1.04663420e+00 4.14012240e+00 9.21702930e-01
1.15705800e+04 3.98003720e+00 1.04337575e+00 4.14015632e+00 9.18833347e-01
1.15706800e+04 3.96845640e+00 1.04027271e+00 4.14019025e+00 9.16100627e-01
1.15707800e+04 3.95743180e+00 1.03731828e+00 4.14022417e+00 9.13498771e-01
1.15708800e+04 3.94693790e+00 1.03450563e+00 4.14025809e+00 9.11021779e-01
1.15709800e+04 3.93694980e+00 1.03182813e+00 4.14029202e+00 9.08663792e-01
1.15710800e+04 3.92744310e+00 1.02927923e+00 4.14032594e+00 9.06419070e-01
1.15711800e+04 3.91839440e+00 1.02685270e+00 4.14035987e+00 9.04282107e-01
1.15712800e+04 3.90978110e+00 1.02454250e+00 4.14039379e+00 9.02247586e-01
1.15713800e+04 3.90158220e+00 1.02234302e+00 4.14042771e+00 9.00310565e-01
1.15714800e+04 3.89377780e+00 1.02024893e+00 4.14046164e+00 8.98466363e-01
1.15715800e+04 3.88634980e+00 1.01825541e+00 4.14049556e+00 8.96710721e-01
1.15716800e+04 3.87928180e+00 1.01635807e+00 4.14052949e+00 8.95039781e-01
1.15717800e+04 3.87255890e+00 1.01455293e+00 4.14056341e+00 8.93450036e-01
1.15718800e+04 3.86616840e+00 1.01283659e+00 4.14059733e+00 8.91938498e-01
1.15719800e+04 3.86009950e+00 1.01120618e+00 4.14063126e+00 8.90502627e-01
1.15720800e+04 3.85434300e+00 1.00965924e+00 4.14066518e+00 8.89140258e-01
1.15721800e+04 3.84889190e+00 1.00819389e+00 4.14069911e+00 8.87849744e-01
1.15722800e+04 3.84374110e+00 1.00680877e+00 4.14073303e+00 8.86629885e-01
1.15723800e+04 3.83888680e+00 1.00550287e+00 4.14076696e+00 8.85479787e-01
1.15724800e+04 3.83432740e+00 1.00427575e+00 4.14080088e+00 8.84399073e-01
1.15725800e+04 3.83006230e+00 1.00312727e+00 4.14083480e+00 8.83387603e-01
1.15726800e+04 3.82609260e+00 1.00205771e+00 4.14086873e+00 8.82445634e-01
1.15727800e+04 3.82242020e+00 1.00106757e+00 4.14090265e+00 8.81573615e-01
1.15728800e+04 3.81904830e+00 1.00015773e+00 4.14093658e+00 8.80772297e-01
1.15729800e+04 3.81598050e+00 9.99329127e-01 4.14097050e+00 8.80042529e-01
1.15730800e+04 3.81322100e+00 9.98582896e-01 4.14100442e+00 8.79385297e-01
1.15731800e+04 3.81077420e+00 9.97920210e-01 4.14103835e+00 8.78801638e-01
1.15732800e+04 3.80864470e+00 9.97342297e-01 4.14107227e+00 8.78292634e-01
1.15733800e+04 3.80683670e+00 9.96850280e-01 4.14110620e+00 8.77859272e-01
1.15734800e+04 3.80535400e+00 9.96445174e-01 4.14114012e+00 8.77502447e-01
1.15735800e+04 3.80420010e+00 9.96127914e-01 4.14117405e+00 8.77222982e-01
1.15736800e+04 3.80337720e+00 9.95899088e-01 4.14120797e+00 8.77021395e-01
1.15737800e+04 3.80288700e+00 9.95759150e-01 4.14124189e+00 8.76898085e-01
1.15738800e+04 3.80272980e+00 9.95708181e-01 4.14127582e+00 8.76853125e-01
1.15739800e+04 3.80290470e+00 9.95745939e-01 4.14130974e+00 8.76886300e-01
1.15740800e+04 3.80340960e+00 9.95871864e-01 4.14134367e+00 8.76997118e-01
1.15741800e+04 3.80424070e+00 9.96084940e-01 4.14137759e+00 8.77184685e-01
1.15742800e+04 3.80539310e+00 9.96383859e-01 4.14141151e+00 8.77447847e-01
1.15743800e+04 3.80686000e+00 9.96766803e-01 4.14144544e+00 8.77785005e-01
1.15744800e+04 3.80863330e+00 9.97231609e-01 4.14147936e+00 8.78194252e-01
1.15745800e+04 3.81070330e+00 9.97775684e-01 4.14151329e+00 8.78673307e-01
1.15746800e+04 3.81305890e+00 9.98396064e-01 4.14154721e+00 8.79219558e-01
1.15747800e+04 3.81568750e+00 9.99089382e-01 4.14158113e+00 8.79830040e-01
1.15748800e+04 3.81857530e+00 9.99851951e-01 4.14161506e+00 8.80501507e-01
1.15749800e+04 3.82170710e+00 1.00067971e+00 4.14164898e+00 8.81230382e-01
1.15750800e+04 3.82506680e+00 1.00156836e+00 4.14168291e+00 8.82012877e-01
1.15751800e+04 3.82863690e+00 1.00251322e+00 4.14171683e+00 8.82844875e-01
1.15752800e+04 3.83239950e+00 1.00350951e+00 4.14175076e+00 8.83722164e-01
1.15753800e+04 3.83633570e+00 1.00455218e+00 4.14178468e+00 8.84640297e-01
1.15754800e+04 3.84042610e+00 1.00563605e+00 4.14181860e+00 8.85594711e-01
1.15755800e+04 3.84465100e+00 1.00675585e+00 4.14185253e+00 8.86580770e-01
1.15756800e+04 3.84899020e+00 1.00790620e+00 4.14188645e+00 8.87593720e-01
1.15757800e+04 3.85342360e+00 1.00908170e+00 4.14192038e+00 8.88628835e-01
1.15758800e+04 3.85793110e+00 1.01027701e+00 4.14195430e+00 8.89681383e-01
1.15759800e+04 3.86249280e+00 1.01148680e+00 4.14198822e+00 8.90746683e-01
1.15760800e+04 3.86708900e+00 1.01270580e+00 4.14202215e+00 8.91820100e-01
1.15761800e+04 3.87170050e+00 1.01392890e+00 4.14205607e+00 8.92897117e-01
1.15762800e+04 3.87630870e+00 1.01515111e+00 4.14209000e+00 8.93973357e-01
1.15763800e+04 3.88089560e+00 1.01636763e+00 4.14212392e+00 8.95044585e-01
1.15764800e+04 3.88544380e+00 1.01757381e+00 4.14215785e+00 8.96106708e-01
1.15765800e+04 3.88993680e+00 1.01876524e+00 4.14219177e+00 8.97155844e-01
1.15766800e+04 3.89435880e+00 1.01993771e+00 4.14222569e+00 8.98188274e-01
1.15767800e+04 3.89869500e+00 1.02108725e+00 4.14225962e+00 8.99200517e-01
1.15768800e+04 3.90293130e+00 1.02221010e+00 4.14229354e+00 9.00189256e-01
1.15769800e+04 3.90705450e+00 1.02330273e+00 4.14232747e+00 9.01151384e-01
1.15770800e+04 3.91105220e+00 1.02436183e+00 4.14236139e+00 9.02083984e-01
1.15771800e+04 3.91491290e+00 1.02538433e+00 4.14239531e+00 9.02984351e-01
1.15772800e+04 3.91862590e+00 1.02636737e+00 4.14242924e+00 9.03849967e-01
1.15773800e+04 3.92218120e+00 1.02730828e+00 4.14246316e+00 9.04678480e-01
1.15774800e+04 3.92556950e+00 1.02820457e+00 4.14249709e+00 9.05467700e-01
1.15775800e+04 3.92878240e+00 1.02905399e+00 4.14253101e+00 9.06215652e-01
1.15776800e+04 3.93181200e+00 1.02985445e+00 4.14256493e+00 9.06920478e-01
1.15777800e+04 3.93465090e+00 1.03060395e+00 4.14259886e+00 9.07580435e-01
1.15778800e+04 3.93729260e+00 1.03130077e+00 4.14263278e+00 9.08193996e-01
1.15779800e+04 3.93973100e+00 1.03194327e+00 4.14266671e+00 9.08759724e-01
1.15780800e+04 3.94196050e+00 1.03252996e+00 4.14270063e+00 9.09276302e-01
1.15781800e+04 3.94397610e+00 1.03305950e+00 4.14273456e+00 9.09742553e-01
1.15782800e+04 3.94577330e+00 1.03353069e+00 4.14276848e+00 9.10157420e-01
1.15783800e+04 3.94734830e+00 1.03394252e+00 4.14280240e+00 9.10520007e-01
1.15784800e+04 3.94869770e+00 1.03429407e+00 4.14283633e+00 9.10829515e-01
1.15785800e+04 3.94981860e+00 1.03458457e+00 4.14287025e+00 9.11085262e-01
1.15786800e+04 3.95070880e+00 1.03481344e+00 4.14290418e+00 9.11286730e-01
1.15787800e+04 3.95136670e+00 1.03498024e+00 4.14293810e+00 9.11433543e-01
1.15788800e+04 3.95179140e+00 1.03508474e+00 4.14297202e+00 9.11525488e-01
1.15789800e+04 3.95198260e+00 1.03512685e+00 4.14300595e+00 9.11562495e-01
1.15790800e+04 3.95194050e+00 1.03510663e+00 4.14303987e+00 9.11544612e-01
1.15791800e+04 3.95166650e+00 1.03502446e+00 4.14307380e+00 9.11472168e-01
1.15792800e+04 3.95116250e+00 1.03488083e+00 4.14310772e+00 9.11345610e-01
1.15793800e+04 3.95043110e+00 1.03467645e+00 4.14314165e+00 9.11165549e-01
1.15794800e+04 3.94947600e+00 1.03441231e+00 4.14317557e+00 9.10932856e-01
1.15795800e+04 3.94830160e+00 1.03408957e+00 4.14320949e+00 9.10648566e-01
1.15796800e+04 3.94691310e+00 1.03370963e+00 4.14324342e+00 9.10313904e-01
1.15797800e+04 3.94531660e+00 1.03327412e+00 4.14327734e+00 9.09930303e-01
1.15798800e+04 3.94351930e+00 1.03278496e+00 4.14331127e+00 9.09499458e-01
1.15799800e+04 3.94152880e+00 1.03224419e+00 4.14334519e+00 9.09023158e-01
1.15800800e+04 3.93935410e+00 1.03165420e+00 4.14337911e+00 9.08503519e-01
1.15801800e+04 3.93700450e+00 1.03101748e+00 4.14341304e+00 9.07942730e-01
1.15802800e+04 3.93449040e+00 1.03033681e+00 4.14344696e+00 9.07343237e-01
1.15803800e+04 3.93182280e+00 1.02961514e+00 4.14348089e+00 9.06707630e-01
1.15804800e+04 3.92901350e+00 1.02885560e+00 4.14351481e+00 9.06038683e-01
1.15805800e+04 3.92607480e+00 1.02806149e+00 4.14354873e+00 9.05339292e-01
1.15806800e+04 3.92301970e+00 1.02723629e+00 4.14358266e+00 9.04612514e-01
1.15807800e+04 3.91986160e+00 1.02638356e+00 4.14361658e+00 9.03861503e-01
1.15808800e+04 3.91661440e+00 1.02550703e+00 4.14365051e+00 9.03089528e-01
1.15809800e+04 3.91329230e+00 1.02461049e+00 4.14368443e+00 9.02299931e-01
1.15810800e+04 3.90990970e+00 1.02369778e+00 4.14371836e+00 9.01496100e-01
1.15811800e+04 3.90648140e+00 1.02277287e+00 4.14375228e+00 9.00681517e-01
1.15812800e+04 3.90302210e+00 1.02183967e+00 4.14378620e+00 8.99859640e-01
1.15813800e+04 3.89954640e+00 1.02090209e+00 4.14382013e+00 8.99033905e-01
1.15814800e+04 3.89606930e+00 1.01996414e+00 4.14385405e+00 8.98207841e-01
1.15815800e+04 3.89260500e+00 1.01902960e+00 4.14388798e+00 8.97384788e-01
1.15816800e+04 3.88916810e+00 1.01810239e+00 4.14392190e+00 8.96568182e-01
1.15817800e+04 3.88577250e+00 1.01718621e+00 4.14395582e+00 8.95761294e-01
1.15818800e+04 3.88243170e+00 1.01628467e+00 4.14398975e+00 8.94967298e-01
1.15819800e+04 3.87915920e+00 1.01540138e+00 4.14402367e+00 8.94189373e-01
1.15820800e+04 3.87596760e+00 1.01453971e+00 4.14405760e+00 8.93430481e-01
1.15821800e+04 3.87286910e+00 1.01370290e+00 4.14409152e+00 8.92693494e-01
1.15822800e+04 3.86987540e+00 1.01289410e+00 4.14412545e+00 8.91981164e-01
1.15823800e+04 3.86699750e+00 1.01211624e+00 4.14415937e+00 8.91296080e-01
1.15824800e+04 3.86424600e+00 1.01137214e+00 4.14419329e+00 8.90640735e-01
1.15825800e+04 3.86163050e+00 1.01066438e+00 4.14422722e+00 8.90017388e-01
1.15826800e+04 3.85916010e+00 1.00999539e+00 4.14426114e+00 8.89428181e-01
1.15827800e+04 3.85684330e+00 1.00936744e+00 4.14429507e+00 8.88875112e-01
1.15828800e+04 3.85468780e+00 1.00878258e+00 4.14432899e+00 8.88359993e-01
1.15829800e+04 3.85270070e+00 1.00824271e+00 4.14436291e+00 8.87884496e-01
1.15830800e+04 3.85088840e+00 1.00774955e+00 4.14439684e+00 8.87450125e-01
1.15831800e+04 3.84925640e+00 1.00730455e+00 4.14443076e+00 8.87058175e-01
1.15832800e+04 3.84781000e+00 1.00690914e+00 4.14446469e+00 8.86709892e-01
1.15833800e+04 3.84655340e+00 1.00656445e+00 4.14449861e+00 8.86406266e-01
1.15834800e+04 3.84549030e+00 1.00627145e+00 4.14453253e+00 8.86148166e-01
1.15835800e+04 3.84462410e+00 1.00603105e+00 4.14456646e+00 8.85936392e-01
1.15836800e+04 3.84395700e+00 1.00584385e+00 4.14460038e+00 8.85771463e-01
1.15837800e+04 3.84349130e+00 1.00571046e+00 4.14463431e+00 8.85653918e-01
1.15838800e+04 3.84322820e+00 1.00563120e+00 4.14466823e+00 8.85584041e-01
1.15839800e+04 3.84316880e+00 1.00560635e+00 4.14470216e+00 8.85562090e-01
1.15840800e+04 3.84331340e+00 1.00563602e+00 4.14473608e+00 8.85588136e-01
1.15841800e+04 3.84366220e+00 1.00572024e+00 4.14477000e+00 8.85662225e-01
1.15842800e+04 3.84421470e+00 1.00585888e+00 4.14480393e+00 8.85784241e-01
1.15843800e+04 3.84497010e+00 1.00605173e+00 4.14483785e+00 8.85953994e-01
1.15844800e+04 3.84592730e+00 1.00629850e+00 4.14487178e+00 8.86171227e-01
1.15845800e+04 3.84708480e+00 1.00659878e+00 4.14490570e+00 8.86435586e-01
1.15846800e+04 3.84844100e+00 1.00695215e+00 4.14493962e+00 8.86746694e-01
1.15847800e+04 3.84999380e+00 1.00735804e+00 4.14497355e+00 8.87104059e-01
1.15848800e+04 3.85174110e+00 1.00781590e+00 4.14500747e+00 8.87507184e-01
1.15849800e+04 3.85368040e+00 1.00832506e+00 4.14504140e+00 8.87955483e-01
1.15850800e+04 3.85580930e+00 1.00888487e+00 4.14507532e+00 8.88448391e-01
1.15851800e+04 3.85812520e+00 1.00949464e+00 4.14510925e+00 8.88985295e-01
1.15852800e+04 3.86062530e+00 1.01015363e+00 4.14514317e+00 8.89565538e-01
1.15853800e+04 3.86330670e+00 1.01086105e+00 4.14517709e+00 8.90188437e-01
1.15854800e+04 3.86616670e+00 1.01161619e+00 4.14521102e+00 8.90853356e-01
1.15855800e+04 3.86920240e+00 1.01241828e+00 4.14524494e+00 8.91559613e-01
1.15856800e+04 3.87241090e+00 1.01326653e+00 4.14527887e+00 8.92306526e-01
1.15857800e+04 3.87578940e+00 1.01416020e+00 4.14531279e+00 8.93093436e-01
1.15858800e+04 3.87933530e+00 1.01509859e+00 4.14534671e+00 8.93919732e-01
1.15859800e+04 3.88304560e+00 1.01608091e+00 4.14538064e+00 8.94784707e-01
1.15860800e+04 3.88691790e+00 1.01710651e+00 4.14541456e+00 8.95687797e-01
1.15861800e+04 3.89094970e+00 1.01817472e+00 4.14544849e+00 8.96628413e-01
1.15862800e+04 3.89513850e+00 1.01928488e+00 4.14548241e+00 8.97605968e-01
1.15863800e+04 3.89948200e+00 1.02043637e+00 4.14551633e+00 8.98619921e-01
1.15864800e+04 3.90397820e+00 1.02162866e+00 4.14555026e+00 8.99669800e-01
1.15865800e+04 3.90862490e+00 1.02286116e+00 4.14558418e+00 9.00755088e-01
1.15866800e+04 3.91342050e+00 1.02413344e+00 4.14561811e+00 9.01875409e-01
1.15867800e+04 3.91836320e+00 1.02544502e+00 4.14565203e+00 9.03030339e-01
1.15868800e+04 3.92345140e+00 1.02679547e+00 4.14568596e+00 9.04219502e-01
1.15869800e+04 3.92868370e+00 1.02818443e+00 4.14571988e+00 9.05442568e-01
1.15870800e+04 3.93405880e+00 1.02961153e+00 4.14575380e+00 9.06699231e-01
1.15871800e+04 3.93957560e+00 1.03107649e+00 4.14578773e+00 9.07989233e-01
1.15872800e+04 3.94523290e+00 1.03257900e+00 4.14582165e+00 9.09312291e-01
1.15873800e+04 3.95102980e+00 1.03411879e+00 4.14585558e+00 9.10668194e-01
1.15874800e+04 3.95696540e+00 1.03569565e+00 4.14588950e+00 9.12056730e-01
1.15875800e+04 3.96303870e+00 1.03730929e+00 4.14592342e+00 9.13477663e-01
1.15876800e+04 3.96924880e+00 1.03895949e+00 4.14595735e+00 9.14930782e-01
1.15877800e+04 3.97559460e+00 1.04064594e+00 4.14599127e+00 9.16415827e-01
1.15878800e+04 3.98207520e+00 1.04236840e+00 4.14602520e+00 9.17932588e-01
1.15879800e+04 3.98868930e+00 1.04412653e+00 4.14605912e+00 9.19480758e-01
1.15880800e+04 3.99543540e+00 1.04591993e+00 4.14609305e+00 9.21059985e-01
1.15881800e+04 4.00231200e+00 1.04774819e+00 4.14612697e+00 9.22669915e-01
1.15882800e+04 4.00931710e+00 1.04961079e+00 4.14616089e+00 9.24310078e-01
1.15883800e+04 4.01644860e+00 1.05150716e+00 4.14619482e+00 9.25979979e-01
1.15884800e+04 4.02370360e+00 1.05343652e+00 4.14622874e+00 9.27678937e-01
1.15885800e+04 4.03107930e+00 1.05539813e+00 4.14626267e+00 9.29406293e-01
1.15886800e+04 4.03857200e+00 1.05739100e+00 4.14629659e+00 9.31161176e-01
1.15887800e+04 4.04617770e+00 1.05941405e+00 4.14633051e+00 9.32942644e-01
1.15888800e+04 4.05389180e+00 1.06146607e+00 4.14636444e+00 9.34749617e-01
1.15889800e+04 4.06170890e+00 1.06354561e+00 4.14639836e+00 9.36580823e-01
1.15890800e+04 4.06962340e+00 1.06565117e+00 4.14643229e+00 9.38434944e-01
1.15891800e+04 4.07762860e+00 1.06778097e+00 4.14646621e+00 9.40310405e-01
1.15892800e+04 4.08571730e+00 1.06993307e+00 4.14650013e+00 9.42205511e-01
1.15893800e+04 4.09388160e+00 1.07210537e+00 4.14653406e+00 9.44118404e-01
1.15894800e+04 4.10211300e+00 1.07429560e+00 4.14656798e+00 9.46047084e-01
1.15895800e+04 4.11040200e+00 1.07650122e+00 4.14660191e+00 9.47989315e-01
1.15896800e+04 4.11873870e+00 1.07871958e+00 4.14663583e+00 9.49942769e-01
1.15897800e+04 4.12711230e+00 1.08094780e+00 4.14666976e+00 9.51904904e-01
1.15898800e+04 4.13551140e+00 1.08318283e+00 4.14670368e+00 9.53873038e-01
1.15899800e+04 4.14392400e+00 1.08542147e+00 4.14673760e+00 9.55844348e-01
1.15900800e+04 4.15233750e+00 1.08766035e+00 4.14677153e+00 9.57815869e-01
1.15901800e+04 4.16073850e+00 1.08989589e+00 4.14680545e+00 9.59784449e-01
1.15902800e+04 4.16911360e+00 1.09212452e+00 4.14683938e+00 9.61746936e-01
1.15903800e+04 4.17744840e+00 1.09434237e+00 4.14687330e+00 9.63699940e-01
1.15904800e+04 4.18572840e+00 1.09654558e+00 4.14690722e+00 9.65640051e-01
1.15905800e+04 4.19393880e+00 1.09873020e+00 4.14694115e+00 9.67563786e-01
1.15906800e+04 4.20206450e+00 1.10089219e+00 4.14697507e+00 9.69467592e-01
1.15907800e+04 4.21009020e+00 1.10302746e+00 4.14700900e+00 9.71347871e-01
1.15908800e+04 4.21800080e+00 1.10513198e+00 4.14704292e+00 9.73201069e-01
1.15909800e+04 4.22578110e+00 1.10720169e+00 4.14707685e+00 9.75023610e-01
1.15910800e+04 4.23341580e+00 1.10923249e+00 4.14711077e+00 9.76811895e-01
1.15911800e+04 4.24089020e+00 1.11122047e+00 4.14714469e+00 9.78562464e-01
1.15912800e+04 4.24818990e+00 1.11316178e+00 4.14717862e+00 9.80271931e-01
1.15913800e+04 4.25530060e+00 1.11505259e+00 4.14721254e+00 9.81936929e-01
1.15914800e+04 4.26220900e+00 1.11688935e+00 4.14724647e+00 9.83554331e-01
1.15915800e+04 4.26890210e+00 1.11866858e+00 4.14728039e+00 9.85121078e-01
1.15916800e+04 4.27536770e+00 1.12038704e+00 4.14731431e+00 9.86634299e-01
1.15917800e+04 4.28159440e+00 1.12204167e+00 4.14734824e+00 9.88091312e-01
1.15918800e+04 4.28757180e+00 1.12362969e+00 4.14738216e+00 9.89489670e-01
1.15919800e+04 4.29329030e+00 1.12514854e+00 4.14741609e+00 9.90827115e-01
1.15920800e+04 4.29874130e+00 1.12659593e+00 4.14745001e+00 9.92101623e-01
1.15921800e+04 4.30391750e+00 1.12796989e+00 4.14748393e+00 9.93311477e-01
1.15922800e+04 4.30881220e+00 1.12926865e+00 4.14751786e+00 9.94455100e-01
1.15923800e+04 4.31342040e+00 1.13049086e+00 4.14755178e+00 9.95531317e-01
1.15924800e+04 4.31773800e+00 1.13163543e+00 4.14758571e+00 9.96539162e-01
1.15925800e+04 4.32176190e+00 1.13270153e+00 4.14761963e+00 9.97477906e-01
1.15926800e+04 4.32549030e+00 1.13368869e+00 4.14765356e+00 9.98347126e-01
1.15927800e+04 4.32892270e+00 1.13459676e+00 4.14768748e+00 9.99146703e-01
1.15928800e+04 4.33205950e+00 1.13542585e+00 4.14772140e+00 9.99876733e-01
1.15929800e+04 4.33490220e+00 1.13617637e+00 4.14775533e+00 1.00053757e+00
1.15930800e+04 4.33745360e+00 1.13684906e+00 4.14778925e+00 1.00112987e+00
1.15931800e+04 4.33971710e+00 1.13744484e+00 4.14782318e+00 1.00165443e+00
1.15932800e+04 4.34169730e+00 1.13796492e+00 4.14785710e+00 1.00211234e+00
1.15933800e+04 4.34339960e+00 1.13841076e+00 4.14789102e+00 1.00250486e+00
1.15934800e+04 4.34483030e+00 1.13878403e+00 4.14792495e+00 1.00283349e+00
1.15935800e+04 4.34599630e+00 1.13908658e+00 4.14795887e+00 1.00309983e+00
1.15936800e+04 4.34690520e+00 1.13932044e+00 4.14799280e+00 1.00330569e+00
1.15937800e+04 4.34756530e+00 1.13948783e+00 4.14802672e+00 1.00345301e+00
1.15938800e+04 4.34798530e+00 1.13959108e+00 4.14806065e+00 1.00354384e+00
1.15939800e+04 4.34817430e+00 1.13963260e+00 4.14809457e+00 1.00358032e+00
1.15940800e+04 4.34813440e+00 1.13961297e+00 4.14812849e+00 1.00356295e+00
1.15941800e+04 4.34782290e+00 1.13952078e+00 4.14816242e+00 1.00348168e+00
1.15942800e+04 4.34721770e+00 1.13935011e+00 4.14819634e+00 1.00333130e+00
1.15943800e+04 4.34644710e+00 1.13913526e+00 4.14823027e+00 1.00314201e+00
1.15944800e+04 4.34556800e+00 1.13889142e+00 4.14826419e+00 1.00292720e+00
1.15945800e+04 4.34466130e+00 1.13864021e+00 4.14829811e+00 1.00270589e+00
1.15946800e+04 4.34362570e+00 1.13835455e+00 4.14833204e+00 1.00245425e+00
1.15951800e+04 4.33587880e+00 1.13623995e+00 4.14850166e+00 1.00059166e+00
1.15956800e+04 4.32556490e+00 1.13343951e+00 4.14867128e+00 9.98125123e-01
1.15961800e+04 4.31374100e+00 1.13023565e+00 4.14884090e+00 9.95303321e-01
1.15966800e+04 4.30128670e+00 1.12686336e+00 4.14901052e+00 9.92333203e-01
1.15971800e+04 4.28890310e+00 1.12350996e+00 4.14918014e+00 9.89379721e-01
1.15976800e+04 4.27711810e+00 1.12031649e+00 4.14934976e+00 9.86567078e-01
1.15981800e+04 4.26628840e+00 1.11737824e+00 4.14951938e+00 9.83979196e-01
1.15986800e+04 4.25659730e+00 1.11474420e+00 4.14968900e+00 9.81659201e-01
1.15991800e+04 4.24805840e+00 1.11241800e+00 4.14985862e+00 9.79610292e-01
1.15996800e+04 4.24053370e+00 1.11036276e+00 4.15002824e+00 9.77800000e-01
1.16001800e+04 4.23376990e+00 1.10851081e+00 4.15019787e+00 9.76168731e-01
1.16006800e+04 4.22745030e+00 1.10677754e+00 4.15036749e+00 9.74641972e-01
1.16011800e+04 4.22125280e+00 1.10507689e+00 4.15053711e+00 9.73143941e-01
1.16016800e+04 4.21490750e+00 1.10333676e+00 4.15070673e+00 9.71611138e-01
1.16021800e+04 4.20824550e+00 1.10151201e+00 4.15087635e+00 9.70003825e-01
1.16026800e+04 4.20123390e+00 1.09959385e+00 4.15104597e+00 9.68314262e-01
1.16031800e+04 4.19399270e+00 1.09761436e+00 4.15121559e+00 9.66570681e-01
1.16036800e+04 4.18678900e+00 1.09564488e+00 4.15138521e+00 9.64835924e-01
1.16041800e+04 4.18000720e+00 1.09378812e+00 4.15155483e+00 9.63200431e-01
1.16046800e+04 4.17410160e+00 1.09216546e+00 4.15172445e+00 9.61771086e-01
1.16051800e+04 4.16953950e+00 1.09090175e+00 4.15189407e+00 9.60657833e-01
1.16056800e+04 4.16674910e+00 1.09011138e+00 4.15206369e+00 9.59961416e-01
1.16061800e+04 4.16608270e+00 1.08988848e+00 4.15223331e+00 9.59764721e-01
1.16066800e+04 4.16780080e+00 1.09030266e+00 4.15240293e+00 9.60129036e-01
1.16071800e+04 4.17207370e+00 1.09139941e+00 4.15257256e+00 9.61094427e-01
1.16076800e+04 4.17899530e+00 1.09320381e+00 4.15274218e+00 9.62682987e-01
1.16081800e+04 4.18859710e+00 1.09572429e+00 4.15291180e+00 9.64902124e-01
1.16086800e+04 4.20085740e+00 1.09895505e+00 4.15308142e+00 9.67746734e-01
1.16091800e+04 4.21570250e+00 1.10287639e+00 4.15325104e+00 9.71199475e-01
1.16096800e+04 4.23300450e+00 1.10745415e+00 4.15342066e+00 9.75230256e-01
1.16101800e+04 4.25257930e+00 1.11263914e+00 4.15359028e+00 9.79795761e-01
1.16106800e+04 4.27418960e+00 1.11836795e+00 4.15375990e+00 9.84840160e-01
1.16111800e+04 4.29755270e+00 1.12456506e+00 4.15392952e+00 9.90296941e-01
1.16116800e+04 4.32234820e+00 1.13114487e+00 4.15409914e+00 9.96090722e-01
1.16121800e+04 4.34822100e+00 1.13801250e+00 4.15426876e+00 1.00213796e+00
1.16126800e+04 4.37477960e+00 1.14506336e+00 4.15443838e+00 1.00834654e+00
1.16131800e+04 4.40159010e+00 1.15218152e+00 4.15460800e+00 1.01461438e+00
1.16136800e+04 4.42817400e+00 1.15923914e+00 4.15477762e+00 1.02082890e+00
1.16141800e+04 4.45401550e+00 1.16609841e+00 4.15494724e+00 1.02686875e+00
1.16146800e+04 4.47858010e+00 1.17261653e+00 4.15511687e+00 1.03260817e+00
1.16151800e+04 4.50134390e+00 1.17865353e+00 4.15528649e+00 1.03792392e+00
1.16156800e+04 4.52182670e+00 1.18408111e+00 4.15545611e+00 1.04270300e+00
1.16161800e+04 4.53962430e+00 1.18879127e+00 4.15562573e+00 1.04685033e+00
1.16166800e+04 4.55443350e+00 1.19270303e+00 4.15579535e+00 1.05029457e+00
1.16171800e+04 4.56606780e+00 1.19576653e+00 4.15596497e+00 1.05299184e+00
1.16176800e+04 4.57446370e+00 1.19796483e+00 4.15613459e+00 1.05492721e+00
1.16181800e+04 4.57967550e+00 1.19931242e+00 4.15630421e+00 1.05611344e+00
1.16186800e+04 4.58186140e+00 1.19985158e+00 4.15647383e+00 1.05658777e+00
1.16191800e+04 4.58126110e+00 1.19964635e+00 4.15664345e+00 1.05640659e+00
1.16196800e+04 4.57816960e+00 1.19877554e+00 4.15681307e+00 1.05563930e+00
1.16201800e+04 4.57290890e+00 1.19732518e+00 4.15698269e+00 1.05436166e+00
1.16206800e+04 4.56580350e+00 1.19538196e+00 4.15715231e+00 1.05265002e+00
1.16211800e+04 4.55716180e+00 1.19302829e+00 4.15732193e+00 1.05057693e+00
1.16216800e+04 4.54726390e+00 1.19033900e+00 4.15749156e+00 1.04820830e+00
1.16221800e+04 4.53635740e+00 1.18738024e+00 4.15766118e+00 1.04560238e+00
1.16226800e+04 4.52465700e+00 1.18420937e+00 4.15783080e+00 1.04280967e+00
1.16231800e+04 4.51234890e+00 1.18087614e+00 4.15800042e+00 1.03987400e+00
1.16236800e+04 4.49959560e+00 1.17742397e+00 4.15817004e+00 1.03683358e+00
1.16241800e+04 4.48653220e+00 1.17388894e+00 4.15833966e+00 1.03372022e+00
1.16246800e+04 4.47330360e+00 1.17030978e+00 4.15850928e+00 1.03056798e+00
1.16256800e+04 4.44690320e+00 1.16316664e+00 4.15884852e+00 1.02427689e+00
1.16266800e+04 4.42109780e+00 1.15618246e+00 4.15918776e+00 1.01812579e+00
1.16276800e+04 4.39650290e+00 1.14952169e+00 4.15952700e+00 1.01225950e+00
1.16286800e+04 4.37347800e+00 1.14328038e+00 4.15986624e+00 1.00676259e+00
1.16296800e+04 4.35212040e+00 1.13748453e+00 4.16020549e+00 1.00165795e+00
1.16306800e+04 4.33233010e+00 1.13210742e+00 4.16054473e+00 9.96922060e-01
1.16316800e+04 4.31392290e+00 1.12709983e+00 4.16088397e+00 9.92511576e-01
1.16326800e+04 4.29672720e+00 1.12241592e+00 4.16122321e+00 9.88386128e-01
1.16336800e+04 4.28060690e+00 1.11801933e+00 4.16156245e+00 9.84513694e-01
1.16346800e+04 4.26541830e+00 1.11387166e+00 4.16190169e+00 9.80860467e-01
1.16356800e+04 4.25096010e+00 1.10991913e+00 4.16224093e+00 9.77379085e-01
1.16366800e+04 4.23697640e+00 1.10609338e+00 4.16258018e+00 9.74009343e-01
1.16376800e+04 4.22322710e+00 1.10233025e+00 4.16291942e+00 9.70694754e-01
1.16386800e+04 4.20959790e+00 1.09859921e+00 4.16325866e+00 9.67408426e-01
1.16396800e+04 4.19619040e+00 1.09492740e+00 4.16359790e+00 9.64174263e-01
1.16406800e+04 4.18334590e+00 1.09140601e+00 4.16393714e+00 9.61072560e-01
1.16416800e+04 4.17158980e+00 1.08817541e+00 4.16427638e+00 9.58226927e-01
1.16426800e+04 4.16153220e+00 1.08539860e+00 4.16461562e+00 9.55780898e-01
1.16436800e+04 4.15376700e+00 1.08323425e+00 4.16495487e+00 9.53874198e-01
1.16446800e+04 4.14879740e+00 1.08181681e+00 4.16529411e+00 9.52625211e-01
1.16456800e+04 4.14699090e+00 1.08124447e+00 4.16563335e+00 9.52120395e-01
1.16466800e+04 4.14855520e+00 1.08157270e+00 4.16597259e+00 9.52408612e-01
1.16476800e+04 4.15353050e+00 1.08281226e+00 4.16631183e+00 9.53499320e-01
1.16486800e+04 4.16179280e+00 1.08493001e+00 4.16665107e+00 9.55363342e-01
1.16496800e+04 4.17306640e+00 1.08785230e+00 4.16699031e+00 9.57935814e-01
1.16506800e+04 4.18694370e+00 1.09147022e+00 4.16732955e+00 9.61120841e-01
1.16516800e+04 4.20291380e+00 1.09564728e+00 4.16766880e+00 9.64798224e-01
1.16526800e+04 4.22039860e+00 1.10022903e+00 4.16800804e+00 9.68831955e-01
1.16536800e+04 4.23878790e+00 1.10505243e+00 4.16834728e+00 9.73078476e-01
1.16546800e+04 4.25746670e+00 1.10995318e+00 4.16868652e+00 9.77393098e-01
1.16556800e+04 4.27583180e+00 1.11477011e+00 4.16902576e+00 9.81633911e-01
1.16566800e+04 4.29330110e+00 1.11934772e+00 4.16936500e+00 9.85663967e-01
1.16576800e+04 4.30932620e+00 1.12353947e+00 4.16970424e+00 9.89354249e-01
1.16586800e+04 4.32341440e+00 1.12721374e+00 4.17004349e+00 9.92588844e-01
1.16596800e+04 4.33516320e+00 1.13026299e+00 4.17038273e+00 9.95273059e-01
1.16606800e+04 4.34430160e+00 1.13261481e+00 4.17072197e+00 9.97343140e-01
1.16616800e+04 4.35072920e+00 1.13424238e+00 4.17106121e+00 9.98775467e-01
1.16626800e+04 4.35453690e+00 1.13516999e+00 4.17140045e+00 9.99591428e-01
1.16636800e+04 4.35599900e+00 1.13547092e+00 4.17173969e+00 9.99855557e-01
1.16646800e+04 4.35553080e+00 1.13525613e+00 4.17207893e+00 9.99665560e-01
1.16656800e+04 4.35362120e+00 1.13465623e+00 4.17241818e+00 9.99136457e-01
1.16666800e+04 4.35075910e+00 1.13380186e+00 4.17275742e+00 9.98383268e-01
1.16676800e+04 4.34737240e+00 1.13280733e+00 4.17309666e+00 9.97506662e-01
1.16686800e+04 4.34379380e+00 1.13176152e+00 4.17343590e+00 9.96584911e-01
1.16696800e+04 4.34025170e+00 1.13072547e+00 4.17377514e+00 9.95671749e-01
1.16706800e+04 4.33688070e+00 1.12973513e+00 4.17411438e+00 9.94798841e-01
1.16716800e+04 4.33374170e+00 1.12880678e+00 4.17445362e+00 9.93980515e-01
1.16726800e+04 4.33084480e+00 1.12794311e+00 4.17479286e+00 9.93219147e-01
1.16736800e+04 4.32817000e+00 1.12713877e+00 4.17513211e+00 9.92510032e-01
1.16746800e+04 4.32568780e+00 1.12638590e+00 4.17547135e+00 9.91846229e-01
1.16756800e+04 4.32337630e+00 1.12567863e+00 4.17581059e+00 9.91222586e-01
1.16766800e+04 4.32123660e+00 1.12501726e+00 4.17614983e+00 9.90639362e-01
1.16776800e+04 4.31930130e+00 1.12441050e+00 4.17648907e+00 9.90104226e-01
1.16786800e+04 4.31763330e+00 1.12387515e+00 4.17682831e+00 9.89631975e-01
1.16796800e+04 4.31631230e+00 1.12343252e+00 4.17716755e+00 9.89241360e-01
1.16806800e+04 4.31541170e+00 1.12310220e+00 4.17750680e+00 9.88949649e-01
1.16816800e+04 4.31497220e+00 1.12289508e+00 4.17784604e+00 9.88766415e-01
1.16826800e+04 4.31497760e+00 1.12280682e+00 4.17818528e+00 9.88687849e-01
1.16836800e+04 4.31534010e+00 1.12281396e+00 4.17852452e+00 9.88693293e-01
1.16846800e+04 4.31589580e+00 1.12287273e+00 4.17886376e+00 9.88744189e-01
1.16856800e+04 4.31641160e+00 1.12292084e+00 4.17920300e+00 9.88785698e-01
1.16866800e+04 4.31660100e+00 1.12288174e+00 4.17954224e+00 9.88750419e-01
1.16876800e+04 4.31614660e+00 1.12267063e+00 4.17988149e+00 9.88563681e-01
1.16886800e+04 4.31472670e+00 1.12220157e+00 4.18022073e+00 9.88149803e-01
1.16896800e+04 4.31204390e+00 1.12139510e+00 4.18055997e+00 9.87438820e-01
1.16906800e+04 4.30785190e+00 1.12018542e+00 4.18089921e+00 9.86372789e-01
1.16916800e+04 4.30197700e+00 1.11852611e+00 4.18123845e+00 9.84910846e-01
1.16926800e+04 4.29433280e+00 1.11639409e+00 4.18157769e+00 9.83032667e-01
1.16936800e+04 4.28492420e+00 1.11379067e+00 4.18191693e+00 9.80739406e-01
1.16946800e+04 4.27384430e+00 1.11074073e+00 4.18225617e+00 9.78052965e-01
1.16956800e+04 4.26126480e+00 1.10729014e+00 4.18259542e+00 9.75013740e-01
1.16966800e+04 4.24742330e+00 1.10350238e+00 4.18293466e+00 9.71677628e-01
1.16976800e+04 4.23261020e+00 1.09945504e+00 4.18327390e+00 9.68112947e-01
1.16986800e+04 4.21715560e+00 1.09523630e+00 4.18361314e+00 9.64397356e-01
1.16996800e+04 4.20141570e+00 1.09094134e+00 4.18395238e+00 9.60614654e-01
1.17006800e+04 4.18575960e+00 1.08666877e+00 4.18429162e+00 9.56851672e-01
1.17016800e+04 4.17055660e+00 1.08251725e+00 4.18463086e+00 9.53195291e-01
1.17026800e+04 4.15616390e+00 1.07858222e+00 4.18497011e+00 9.49729543e-01
1.17036800e+04 4.14291500e+00 1.07495279e+00 4.18530935e+00 9.46532883e-01
1.17046800e+04 4.13110990e+00 1.07170910e+00 4.18564859e+00 9.43675889e-01
1.17056800e+04 4.12100400e+00 1.06891938e+00 4.18598783e+00 9.41218643e-01
1.17066800e+04 4.11279920e+00 1.06663759e+00 4.18632707e+00 9.39208641e-01
1.17076800e+04 4.10663540e+00 1.06490109e+00 4.18666631e+00 9.37678795e-01
1.17086800e+04 4.10258490e+00 1.06372921e+00 4.18700555e+00 9.36646111e-01
1.17096800e+04 4.10065040e+00 1.06312267e+00 4.18734480e+00 9.36111224e-01
1.17106800e+04 4.10076680e+00 1.06306406e+00 4.18768404e+00 9.36058818e-01
1.17116800e+04 4.10280790e+00 1.06351968e+00 4.18802328e+00 9.36459202e-01
1.17126800e+04 4.10659600e+00 1.06444206e+00 4.18836252e+00 9.37270570e-01
1.17136800e+04 4.11191370e+00 1.06577309e+00 4.18870176e+00 9.38441779e-01
1.17146800e+04 4.11851570e+00 1.06744726e+00 4.18904100e+00 9.39915120e-01
1.17156800e+04 4.12614070e+00 1.06939475e+00 4.18938024e+00 9.41629121e-01
1.17166800e+04 4.13452070e+00 1.07154394e+00 4.18971949e+00 9.43520733e-01
1.17176800e+04 4.14339140e+00 1.07382424e+00 4.19005873e+00 9.45527780e-01
1.17186800e+04 4.15250170e+00 1.07616856e+00 4.19039797e+00 9.47591190e-01
1.17196800e+04 4.16162540e+00 1.07851645e+00 4.19073721e+00 9.49657748e-01
1.17206800e+04 4.17057310e+00 1.08081732e+00 4.19107645e+00 9.51682899e-01
1.17216800e+04 4.17920150e+00 1.08303289e+00 4.19141569e+00 9.53632931e-01
1.17226800e+04 4.18741780e+00 1.08513835e+00 4.19175493e+00 9.55486013e-01
1.17236800e+04 4.19517800e+00 1.08712195e+00 4.19209417e+00 9.57231794e-01
1.17246800e+04 4.20247710e+00 1.08898237e+00 4.19243342e+00 9.58869098e-01
1.17256800e+04 4.20933520e+00 1.09072496e+00 4.19277266e+00 9.60402655e-01
1.17266800e+04 4.21578160e+00 1.09235755e+00 4.19311190e+00 9.61839357e-01
1.17276800e+04 4.22184030e+00 1.09388656e+00 4.19345114e+00 9.63184850e-01
1.17286800e+04 4.22751790e+00 1.09531376e+00 4.19379038e+00 9.64440688e-01
1.17296800e+04 4.23279670e+00 1.09663440e+00 4.19412962e+00 9.65602706e-01
1.17306800e+04 4.23763070e+00 1.09783621e+00 4.19446886e+00 9.66660084e-01
1.17316800e+04 4.24194540e+00 1.09889927e+00 4.19480811e+00 9.67595295e-01
1.17326800e+04 4.24564190e+00 1.09979717e+00 4.19514735e+00 9.68385075e-01
1.17336800e+04 4.24860510e+00 1.10049915e+00 4.19548659e+00 9.69002345e-01
1.17346800e+04 4.25071770e+00 1.10097388e+00 4.19582583e+00 9.69419513e-01
1.17356800e+04 4.25187780e+00 1.10119412e+00 4.19616507e+00 9.69612607e-01
1.17366800e+04 4.25202020e+00 1.10114247e+00 4.19650431e+00 9.69566289e-01
1.17376800e+04 4.25113670e+00 1.10081672e+00 4.19684355e+00 9.69278632e-01
1.17386800e+04 4.24929140e+00 1.10023400e+00 4.19718280e+00 9.68764714e-01
1.17396800e+04 4.24662750e+00 1.09943258e+00 4.19752204e+00 9.68058224e-01
1.17406800e+04 4.24336210e+00 1.09847046e+00 4.19786128e+00 9.67210235e-01
1.17416800e+04 4.23976970e+00 1.09742097e+00 4.19820052e+00 9.66285321e-01
1.17426800e+04 4.23615570e+00 1.09636571e+00 4.19853976e+00 9.65355328e-01
1.17436800e+04 4.23282430e+00 1.09538595e+00 4.19887900e+00 9.64491817e-01
1.17446800e+04 4.23004720e+00 1.09455428e+00 4.19921824e+00 9.63758704e-01
1.17456800e+04 4.22803540e+00 1.09392709e+00 4.19955748e+00 9.63205626e-01
1.17466800e+04 4.22692000e+00 1.09353938e+00 4.19989673e+00 9.62863423e-01
1.17476800e+04 4.22674070e+00 1.09340177e+00 4.20023597e+00 9.62741433e-01
1.17486800e+04 4.22744360e+00 1.09349987e+00 4.20057521e+00 9.62826977e-01
1.17496800e+04 4.22888590e+00 1.09379551e+00 4.20091445e+00 9.63086460e-01
1.17506800e+04 4.23084670e+00 1.09422968e+00 4.20125369e+00 9.63467917e-01
1.17516800e+04 4.23304250e+00 1.09472663e+00 4.20159293e+00 9.63904656e-01
1.17526800e+04 4.23514720e+00 1.09519925e+00 4.20193217e+00 9.64319963e-01
1.17536800e+04 4.23681530e+00 1.09555521e+00 4.20227142e+00 9.64632562e-01
1.17546800e+04 4.23770690e+00 1.09570372e+00 4.20261066e+00 9.64762494e-01
1.17556800e+04 4.23751210e+00 1.09556197e+00 4.20294990e+00 9.64636857e-01
1.17566800e+04 4.23597160e+00 1.09506069e+00 4.20328914e+00 9.64194654e-01
1.17576800e+04 4.23289170e+00 1.09414813e+00 4.20362838e+00 9.63390318e-01
1.17586800e+04 4.22815330e+00 1.09279246e+00 4.20396762e+00 9.62195833e-01
1.17596800e+04 4.22171350e+00 1.09098222e+00 4.20430686e+00 9.60601108e-01
1.17606800e+04 4.21360370e+00 1.08872581e+00 4.20464611e+00 9.58613531e-01
1.17616800e+04 4.20392220e+00 1.08604949e+00 4.20498535e+00 9.56256227e-01
1.17626800e+04 4.19282600e+00 1.08299519e+00 4.20532459e+00 9.53566130e-01
1.17636800e+04 4.18052030e+00 1.07961775e+00 4.20566383e+00 9.50591513e-01
1.17646800e+04 4.16724770e+00 1.07598199e+00 4.20600307e+00 9.47389445e-01
1.17656800e+04 4.15327800e+00 1.07215997e+00 4.20634231e+00 9.44023397e-01
1.17666800e+04 4.13889810e+00 1.06822837e+00 4.20668155e+00 9.40560858e-01
1.17676800e+04 4.12440350e+00 1.06426611e+00 4.20702079e+00 9.37071343e-01
1.17686800e+04 4.11009000e+00 1.06035225e+00 4.20736004e+00 9.33624436e-01
1.17696800e+04 4.09624540e+00 1.05656366e+00 4.20769928e+00 9.30287839e-01
1.17706800e+04 4.08314150e+00 1.05297296e+00 4.20803852e+00 9.27125491e-01
1.17716800e+04 4.07102590e+00 1.04964631e+00 4.20837776e+00 9.24195636e-01
1.17726800e+04 4.06011500e+00 1.04664153e+00 4.20871700e+00 9.21549179e-01
1.17736800e+04 4.05058660e+00 1.04400610e+00 4.20905624e+00 9.19227947e-01
1.17746800e+04 4.04257550e+00 1.04177606e+00 4.20939548e+00 9.17263647e-01
1.17756800e+04 4.03616960e+00 1.03997488e+00 4.20973473e+00 9.15676958e-01
1.17766800e+04 4.03140850e+00 1.03861315e+00 4.21007397e+00 9.14477192e-01
1.17776800e+04 4.02828390e+00 1.03768864e+00 4.21041321e+00 9.13662398e-01
1.17786800e+04 4.02674260e+00 1.03718715e+00 4.21075245e+00 9.13220058e-01
1.17796800e+04 4.02669120e+00 1.03708371e+00 4.21109169e+00 9.13128201e-01
1.17806800e+04 4.02800340e+00 1.03734459e+00 4.21143093e+00 9.13357116e-01
1.17816800e+04 4.03052770e+00 1.03792931e+00 4.21177017e+00 9.13871162e-01
1.17826800e+04 4.03409670e+00 1.03879315e+00 4.21210942e+00 9.14630961e-01
1.17836800e+04 4.03853430e+00 1.03988905e+00 4.21244866e+00 9.15595086e-01
1.17846800e+04 4.04366300e+00 1.04116959e+00 4.21278790e+00 9.16721782e-01
1.17856800e+04 4.04930960e+00 1.04258850e+00 4.21312714e+00 9.17970306e-01
1.17866800e+04 4.05531070e+00 1.04410213e+00 4.21346638e+00 9.19302219e-01
1.17876800e+04 4.06151750e+00 1.04567071e+00 4.21380562e+00 9.20682518e-01
1.17886800e+04 4.06780090e+00 1.04725975e+00 4.21414486e+00 9.22080834e-01
1.17896800e+04 4.07405630e+00 1.04884132e+00 4.21448410e+00 9.23472561e-01
1.17906800e+04 4.08020730e+00 1.05039499e+00 4.21482335e+00 9.24839726e-01
1.17916800e+04 4.08620690e+00 1.05190821e+00 4.21516259e+00 9.26171275e-01
1.17926800e+04 4.09203600e+00 1.05337588e+00 4.21550183e+00 9.27462714e-01
1.17936800e+04 4.09769930e+00 1.05479925e+00 4.21584107e+00 9.28715148e-01
1.17946800e+04 4.10321840e+00 1.05618410e+00 4.21618031e+00 9.29933659e-01
1.17956800e+04 4.10862380e+00 1.05753857e+00 4.21651955e+00 9.31125422e-01
1.17966800e+04 4.11394680e+00 1.05887102e+00 4.21685879e+00 9.32297799e-01
1.17976800e+04 4.11921230e+00 1.06018811e+00 4.21719804e+00 9.33456648e-01
1.17986800e+04 4.12443380e+00 1.06149345e+00 4.21753728e+00 9.34605145e-01
1.17996800e+04 4.12961050e+00 1.06278682e+00 4.21787652e+00 9.35743102e-01
1.18006800e+04 4.13472670e+00 1.06406402e+00 4.21821576e+00 9.36866825e-01
1.18016800e+04 4.13975430e+00 1.06531755e+00 4.21855500e+00 9.37969704e-01
1.18026800e+04 4.14465590e+00 1.06653742e+00 4.21889424e+00 9.39042942e-01
1.18036800e+04 4.14939050e+00 1.06771267e+00 4.21923348e+00 9.40076894e-01
1.18046800e+04 4.15391890e+00 1.06883283e+00 4.21957273e+00 9.41062339e-01
1.18056800e+04 4.15820910e+00 1.06988935e+00 4.21991197e+00 9.41991749e-01
1.18066800e+04 4.16224020e+00 1.07087664e+00 4.22025121e+00 9.42860210e-01
1.18076800e+04 4.16600470e+00 1.07179271e+00 4.22059045e+00 9.43665955e-01
1.18086800e+04 4.16950700e+00 1.07263872e+00 4.22092969e+00 9.44410021e-01
1.18096800e+04 4.17275960e+00 1.07341802e+00 4.22126893e+00 9.45095348e-01
1.18106800e+04 4.17577660e+00 1.07413438e+00 4.22160817e+00 9.45725254e-01
1.18116800e+04 4.17856670e+00 1.07479011e+00 4.22194742e+00 9.46301784e-01
1.18126800e+04 4.18112820e+00 1.07538477e+00 4.22228666e+00 9.46824539e-01
1.18136800e+04 4.18344990e+00 1.07591536e+00 4.22262590e+00 9.47290885e-01
