# # source: .\convoluted\55_00.txt
# # site: 00
# # columns: Energy(eV) Abs_raw Preedge_normalized PredictedPost_raw Final_normalized
# 
1.13640000e+04 6.90375590e-03 3.93951352e-03 1.91157908e+00 3.19027448e-03
1.13640400e+04 6.90409260e-03 3.93533489e-03 1.91158626e+00 3.18689051e-03
1.13641000e+04 6.90503870e-03 3.92933782e-03 1.91159703e+00 3.18203391e-03
1.13642300e+04 6.90803220e-03 3.91692370e-03 1.91162035e+00 3.17198057e-03
1.13647300e+04 6.92944110e-03 3.87525431e-03 1.91171007e+00 3.13823536e-03
1.13652300e+04 6.95096400e-03 3.83365494e-03 1.91179979e+00 3.10454686e-03
1.13657300e+04 6.97260150e-03 3.79212595e-03 1.91188950e+00 3.07091538e-03
1.13661700e+04 6.99182640e-03 3.75569338e-03 1.91196845e+00 3.04141114e-03
1.13666700e+04 7.01368250e-03 3.71429865e-03 1.91205817e+00 3.00788841e-03
1.13671700e+04 7.03565600e-03 3.67297601e-03 1.91214789e+00 2.97442407e-03
1.13676700e+04 7.05774770e-03 3.63172597e-03 1.91223760e+00 2.94101854e-03
1.13681700e+04 7.07995850e-03 3.59054907e-03 1.91232732e+00 2.90767226e-03
1.13686700e+04 7.10228950e-03 3.54944599e-03 1.91241703e+00 2.87438578e-03
1.13691700e+04 7.12474150e-03 3.50841723e-03 1.91250675e+00 2.84115949e-03
1.13696700e+04 7.14731550e-03 3.46746339e-03 1.91259647e+00 2.80799389e-03
1.13701700e+04 7.17001250e-03 3.42658509e-03 1.91268618e+00 2.77488948e-03
1.13706700e+04 7.19283350e-03 3.38578294e-03 1.91277590e+00 2.74184676e-03
1.13711700e+04 7.21577940e-03 3.34505750e-03 1.91286562e+00 2.70886617e-03
1.13716700e+04 7.23885130e-03 3.30440945e-03 1.91295533e+00 2.67594826e-03
1.13721700e+04 7.26205010e-03 3.26383933e-03 1.91304505e+00 2.64309349e-03
1.13726700e+04 7.28537690e-03 3.22334782e-03 1.91313477e+00 2.61030238e-03
1.13731700e+04 7.30883270e-03 3.18293553e-03 1.91322448e+00 2.57757545e-03
1.13736700e+04 7.33241850e-03 3.14260309e-03 1.91331420e+00 2.54491320e-03
1.13741700e+04 7.35613550e-03 3.10235122e-03 1.91340392e+00 2.51231620e-03
1.13746700e+04 7.37998460e-03 3.06218048e-03 1.91349363e+00 2.47978493e-03
1.13751700e+04 7.40396700e-03 3.02209160e-03 1.91358335e+00 2.44731996e-03
1.13756700e+04 7.42808380e-03 2.98208527e-03 1.91367307e+00 2.41492185e-03
1.13761700e+04 7.45233590e-03 2.94216203e-03 1.91376278e+00 2.38259105e-03
1.13766700e+04 7.47672460e-03 2.90232269e-03 1.91385250e+00 2.35032820e-03
1.13771700e+04 7.50125100e-03 2.86256791e-03 1.91394221e+00 2.31813385e-03
1.13776700e+04 7.52591620e-03 2.82289837e-03 1.91403193e+00 2.28600855e-03
1.13781700e+04 7.55072130e-03 2.78331476e-03 1.91412165e+00 2.25395284e-03
1.13786700e+04 7.57566760e-03 2.74381786e-03 1.91421136e+00 2.22196737e-03
1.13791700e+04 7.60075620e-03 2.70440836e-03 1.91430108e+00 2.19005269e-03
1.13796700e+04 7.62598820e-03 2.66508692e-03 1.91439080e+00 2.15820934e-03
1.13801700e+04 7.65136500e-03 2.62585441e-03 1.91448051e+00 2.12643803e-03
1.13806700e+04 7.67688760e-03 2.58671145e-03 1.91457023e+00 2.09473924e-03
1.13811700e+04 7.70255730e-03 2.54765883e-03 1.91465995e+00 2.06311362e-03
1.13816700e+04 7.72837540e-03 2.50869734e-03 1.91474966e+00 2.03156183e-03
1.13821700e+04 7.75434320e-03 2.46982780e-03 1.91483938e+00 2.00008450e-03
1.13826700e+04 7.78046180e-03 2.43105086e-03 1.91492910e+00 1.96868218e-03
1.13831700e+04 7.80673260e-03 2.39236740e-03 1.91501881e+00 1.93735558e-03
1.13836700e+04 7.83315680e-03 2.35377816e-03 1.91510853e+00 1.90610528e-03
1.13841700e+04 7.85973590e-03 2.31528404e-03 1.91519825e+00 1.87493204e-03
1.13846700e+04 7.88647100e-03 2.27688573e-03 1.91528796e+00 1.84383640e-03
1.13851700e+04 7.91336360e-03 2.23858415e-03 1.91537768e+00 1.81281910e-03
1.13856700e+04 7.94041500e-03 2.20038009e-03 1.91546740e+00 1.78188079e-03
1.13861700e+04 7.96762660e-03 2.16227442e-03 1.91555711e+00 1.75102218e-03
1.13866700e+04 7.99499980e-03 2.12426800e-03 1.91564683e+00 1.72024395e-03
1.13871700e+04 8.02253590e-03 2.08636162e-03 1.91573654e+00 1.68954675e-03
1.13876700e+04 8.05023650e-03 2.04855627e-03 1.91582626e+00 1.65893138e-03
1.13881700e+04 8.07810290e-03 2.01085274e-03 1.91591598e+00 1.62839848e-03
1.13886700e+04 8.10613660e-03 1.97325197e-03 1.91600569e+00 1.59794880e-03
1.13891700e+04 8.13433900e-03 1.93575479e-03 1.91609541e+00 1.56758303e-03
1.13896700e+04 8.16271170e-03 1.89836221e-03 1.91618513e+00 1.53730198e-03
1.13901700e+04 8.19125620e-03 1.86107514e-03 1.91627484e+00 1.50710639e-03
1.13906700e+04 8.21997390e-03 1.82389444e-03 1.91636456e+00 1.47699695e-03
1.13911700e+04 8.24886650e-03 1.78682115e-03 1.91645428e+00 1.44697450e-03
1.13916700e+04 8.27793550e-03 1.74985620e-03 1.91654399e+00 1.41703981e-03
1.13921700e+04 8.30718240e-03 1.71300050e-03 1.91663371e+00 1.38719360e-03
1.13926700e+04 8.33660890e-03 1.67625511e-03 1.91672343e+00 1.35743673e-03
1.13931700e+04 8.36621660e-03 1.63962100e-03 1.91681314e+00 1.32776999e-03
1.13936700e+04 8.39600700e-03 1.60309910e-03 1.91690286e+00 1.29819413e-03
1.13941700e+04 8.42598200e-03 1.56669056e-03 1.91699258e+00 1.26871010e-03
1.13946700e+04 8.45614310e-03 1.53039632e-03 1.91708229e+00 1.23931863e-03
1.13951700e+04 8.48649210e-03 1.49421748e-03 1.91717201e+00 1.21002063e-03
1.13956700e+04 8.51703060e-03 1.45815502e-03 1.91726173e+00 1.18081688e-03
1.13961700e+04 8.54776040e-03 1.42221004e-03 1.91735144e+00 1.15170829e-03
1.13966700e+04 8.57868330e-03 1.38638366e-03 1.91744116e+00 1.12269575e-03
1.13971700e+04 8.60980100e-03 1.35067691e-03 1.91753087e+00 1.09378011e-03
1.13976700e+04 8.64111530e-03 1.31509091e-03 1.91762059e+00 1.06496225e-03
1.13981700e+04 8.67262810e-03 1.27962681e-03 1.91771031e+00 1.03624313e-03
1.13986700e+04 8.70434130e-03 1.24428579e-03 1.91780002e+00 1.00762369e-03
1.13991700e+04 8.73625660e-03 1.20906888e-03 1.91788974e+00 9.79104782e-04
1.13996700e+04 8.76837590e-03 1.17397727e-03 1.91797946e+00 9.50687339e-04
1.14001700e+04 8.80070130e-03 1.13901222e-03 1.91806917e+00 9.22372411e-04
1.14006700e+04 8.83323460e-03 1.10417486e-03 1.91815889e+00 8.94160893e-04
1.14011700e+04 8.86597780e-03 1.06946641e-03 1.91824861e+00 8.66053779e-04
1.14016700e+04 8.89893280e-03 1.03488804e-03 1.91833832e+00 8.38052015e-04
1.14021700e+04 8.93210180e-03 1.00044109e-03 1.91842804e+00 8.10156694e-04
1.14026700e+04 8.96548670e-03 9.66126742e-04 1.91851776e+00 7.82368761e-04
1.14031700e+04 8.99908960e-03 9.31946274e-04 1.91860747e+00 7.54689261e-04
1.14036700e+04 9.03291250e-03 8.97900919e-04 1.91869719e+00 7.27119189e-04
1.14041700e+04 9.06695770e-03 8.63992089e-04 1.91878691e+00 6.99659687e-04
1.14046700e+04 9.10122730e-03 8.30221073e-04 1.91887662e+00 6.72311801e-04
1.14051700e+04 9.13572340e-03 7.96589162e-04 1.91896634e+00 6.45076574e-04
1.14056700e+04 9.17044820e-03 7.63097707e-04 1.91905605e+00 6.17955101e-04
1.14061700e+04 9.20540400e-03 7.29748119e-04 1.91914577e+00 5.90948525e-04
1.14066700e+04 9.24059290e-03 6.96541689e-04 1.91923549e+00 5.64057892e-04
1.14071700e+04 9.27601740e-03 6.63479953e-04 1.91932520e+00 5.37284443e-04
1.14076700e+04 9.31167980e-03 6.30564322e-04 1.91941492e+00 5.10629323e-04
1.14081700e+04 9.34758230e-03 5.97796148e-04 1.91950464e+00 4.84093626e-04
1.14086700e+04 9.38372730e-03 5.65176905e-04 1.91959435e+00 4.57678546e-04
1.14091700e+04 9.42011730e-03 5.32708128e-04 1.91968407e+00 4.31385325e-04
1.14096700e+04 9.45675470e-03 5.00391291e-04 1.91977379e+00 4.05215158e-04
1.14101700e+04 9.49364200e-03 4.68227930e-04 1.91986350e+00 3.79169286e-04
1.14106700e+04 9.53078170e-03 4.36219579e-04 1.91995322e+00 3.53248955e-04
1.14111700e+04 9.56817630e-03 4.04367775e-04 1.92004294e+00 3.27455407e-04
1.14116700e+04 9.60582850e-03 3.72674175e-04 1.92013265e+00 3.01789984e-04
1.14121700e+04 9.64374070e-03 3.41140253e-04 1.92022237e+00 2.76253880e-04
1.14126700e+04 9.68191570e-03 3.09767730e-04 1.92031209e+00 2.50848488e-04
1.14131700e+04 9.72035610e-03 2.78558201e-04 1.92040180e+00 2.25575100e-04
1.14136700e+04 9.75906470e-03 2.47513387e-04 1.92049152e+00 2.00435110e-04
1.14141700e+04 9.79804420e-03 2.16634945e-04 1.92058124e+00 1.75429859e-04
1.14146700e+04 9.83729740e-03 1.85924595e-04 1.92067095e+00 1.50560740e-04
1.14151700e+04 9.87682720e-03 1.55384119e-04 1.92076067e+00 1.25829196e-04
1.14156700e+04 9.91663630e-03 1.25015174e-04 1.92085038e+00 1.01236569e-04
1.14161700e+04 9.95672780e-03 9.48196638e-05 1.92094010e+00 7.67844002e-05
1.14166700e+04 9.99710450e-03 6.47993089e-05 1.92102982e+00 5.24740827e-05
1.14171700e+04 1.00377690e-02 3.49557057e-05 1.92111953e+00 2.83069092e-05
1.14176700e+04 1.00787260e-02 5.29174069e-06 1.92120925e+00 4.28521708e-06
1.14181700e+04 1.01199760e-02 -2.41922791e-05 1.92129897e+00 -1.95907450e-05
1.14186700e+04 1.01615240e-02 -5.34932829e-05 1.92138868e+00 -4.33184906e-05
1.14191700e+04 1.02033730e-02 -8.26094283e-05 1.92147840e+00 -6.68965278e-05
1.14196700e+04 1.02455260e-02 -1.11538873e-04 1.92156812e+00 -9.03233647e-05
1.14201700e+04 1.02879850e-02 -1.40280388e-04 1.92165783e+00 -1.13598007e-04
1.14206700e+04 1.03307560e-02 -1.68830290e-04 1.92174755e+00 -1.36717470e-04
1.14211700e+04 1.03738390e-02 -1.97188577e-04 1.92183727e+00 -1.59681755e-04
1.14216700e+04 1.04172400e-02 -2.25351565e-04 1.92192698e+00 -1.82487877e-04
1.14221700e+04 1.04609620e-02 -2.53317412e-04 1.92201670e+00 -2.05134344e-04
1.14226700e+04 1.05050070e-02 -2.81084889e-04 1.92210642e+00 -2.27620163e-04
1.14231700e+04 1.05493810e-02 -3.08650312e-04 1.92219613e+00 -2.49942349e-04
1.14236700e+04 1.05940850e-02 -3.36013066e-04 1.92228585e+00 -2.72100405e-04
1.14241700e+04 1.06391240e-02 -3.63170081e-04 1.92237557e+00 -2.94091845e-04
1.14246700e+04 1.06845020e-02 -3.90118900e-04 1.92246528e+00 -3.15914678e-04
1.14251700e+04 1.07302220e-02 -4.16857680e-04 1.92255500e+00 -3.37567414e-04
1.14256700e+04 1.07762890e-02 -4.43383351e-04 1.92264471e+00 -3.59047566e-04
1.14261700e+04 1.08227050e-02 -4.69694684e-04 1.92273443e+00 -3.80354139e-04
1.14266700e+04 1.08694750e-02 -4.95788609e-04 1.92282415e+00 -4.01484647e-04
1.14271700e+04 1.09166030e-02 -5.21662670e-04 1.92291386e+00 -4.22437100e-04
1.14276700e+04 1.09640930e-02 -5.47314408e-04 1.92300358e+00 -4.43209510e-04
1.14281700e+04 1.10119490e-02 -5.72741369e-04 1.92309330e+00 -4.63799887e-04
1.14286700e+04 1.10601760e-02 -5.97940482e-04 1.92318301e+00 -4.84205745e-04
1.14291700e+04 1.11087760e-02 -6.22910517e-04 1.92327273e+00 -5.04426088e-04
1.14296700e+04 1.11577560e-02 -6.47647176e-04 1.92336245e+00 -5.24457437e-04
1.14301700e+04 1.12071180e-02 -6.72149230e-04 1.92345216e+00 -5.44298796e-04
1.14306700e+04 1.12568680e-02 -6.96412996e-04 1.92354188e+00 -5.63947182e-04
1.14311700e+04 1.13070100e-02 -7.20436015e-04 1.92363160e+00 -5.83400605e-04
1.14316700e+04 1.13575490e-02 -7.44215218e-04 1.92372131e+00 -6.02656579e-04
1.14321700e+04 1.14084890e-02 -7.67748148e-04 1.92381103e+00 -6.21713115e-04
1.14326700e+04 1.14598350e-02 -7.91031734e-04 1.92390075e+00 -6.40567726e-04
1.14331700e+04 1.15115910e-02 -8.14063519e-04 1.92399046e+00 -6.59218423e-04
1.14336700e+04 1.15637630e-02 -8.36839819e-04 1.92408018e+00 -6.77662223e-04
1.14341700e+04 1.16163560e-02 -8.59357563e-04 1.92416989e+00 -6.95896638e-04
1.14346700e+04 1.16693740e-02 -8.81614294e-04 1.92425961e+00 -7.13919680e-04
1.14351700e+04 1.17228230e-02 -9.03606328e-04 1.92434933e+00 -7.31728364e-04
1.14356700e+04 1.17767070e-02 -9.25331207e-04 1.92443904e+00 -7.49320702e-04
1.14361700e+04 1.18310330e-02 -9.46784633e-04 1.92452876e+00 -7.66693213e-04
1.14366700e+04 1.18858040e-02 -9.67964764e-04 1.92461848e+00 -7.83844404e-04
1.14371700e+04 1.19410280e-02 -9.88866685e-04 1.92470819e+00 -8.00770297e-04
1.14376700e+04 1.19967090e-02 -1.00948794e-03 1.92479791e+00 -8.17468903e-04
1.14381700e+04 1.20528530e-02 -1.02982485e-03 1.92488763e+00 -8.33937239e-04
1.14386700e+04 1.21094650e-02 -1.04987433e-03 1.92497734e+00 -8.50172817e-04
1.14391700e+04 1.21665520e-02 -1.06963210e-03 1.92506706e+00 -8.66172157e-04
1.14396700e+04 1.22241190e-02 -1.08909507e-03 1.92515678e+00 -8.81932772e-04
1.14401700e+04 1.22821720e-02 -1.10825957e-03 1.92524649e+00 -8.97451679e-04
1.14406700e+04 1.23407170e-02 -1.12712191e-03 1.92533621e+00 -9.12725893e-04
1.14411700e+04 1.23997610e-02 -1.14567778e-03 1.92542593e+00 -9.27751933e-04
1.14416700e+04 1.24593100e-02 -1.16392352e-03 1.92551564e+00 -9.42526816e-04
1.14421700e+04 1.25193700e-02 -1.18185542e-03 1.92560536e+00 -9.57047558e-04
1.14426700e+04 1.25799480e-02 -1.19946920e-03 1.92569508e+00 -9.71310678e-04
1.14431700e+04 1.26410500e-02 -1.21676116e-03 1.92578479e+00 -9.85313192e-04
1.14436700e+04 1.27026830e-02 -1.23372701e-03 1.92587451e+00 -9.99051618e-04
1.14441700e+04 1.27648540e-02 -1.25036245e-03 1.92596422e+00 -1.01252248e-03
1.14446700e+04 1.28275690e-02 -1.26666379e-03 1.92605394e+00 -1.02572278e-03
1.14451700e+04 1.28908370e-02 -1.28262551e-03 1.92614366e+00 -1.03864806e-03
1.14456700e+04 1.29546630e-02 -1.29824453e-03 1.92623337e+00 -1.05129583e-03
1.14461700e+04 1.30190560e-02 -1.31351533e-03 1.92632309e+00 -1.06366160e-03
1.14466700e+04 1.30840230e-02 -1.32843362e-03 1.92641281e+00 -1.07574191e-03
1.14471700e+04 1.31495710e-02 -1.34299508e-03 1.92650252e+00 -1.08753326e-03
1.14476700e+04 1.32157080e-02 -1.35719481e-03 1.92659224e+00 -1.09903168e-03
1.14481700e+04 1.32824420e-02 -1.37102789e-03 1.92668196e+00 -1.11023319e-03
1.14486700e+04 1.33497810e-02 -1.38448941e-03 1.92677167e+00 -1.12113382e-03
1.14491700e+04 1.34177330e-02 -1.39757446e-03 1.92686139e+00 -1.13172958e-03
1.14496700e+04 1.34863070e-02 -1.41027752e-03 1.92695111e+00 -1.14201600e-03
1.14501700e+04 1.35555100e-02 -1.42259427e-03 1.92704082e+00 -1.15198959e-03
1.14506700e+04 1.36253520e-02 -1.43451858e-03 1.92713054e+00 -1.16164539e-03
1.14511700e+04 1.36958410e-02 -1.44604554e-03 1.92722026e+00 -1.17097942e-03
1.14516700e+04 1.37669860e-02 -1.45716962e-03 1.92730997e+00 -1.17998720e-03
1.14521700e+04 1.38387960e-02 -1.46788529e-03 1.92739969e+00 -1.18866425e-03
1.14526700e+04 1.39112800e-02 -1.47818702e-03 1.92748941e+00 -1.19700610e-03
1.14531700e+04 1.39844480e-02 -1.48806868e-03 1.92757912e+00 -1.20500778e-03
1.14536700e+04 1.40583090e-02 -1.49752473e-03 1.92766884e+00 -1.21266481e-03
1.14541700e+04 1.41328730e-02 -1.50654904e-03 1.92775855e+00 -1.21997222e-03
1.14546700e+04 1.42081500e-02 -1.51513546e-03 1.92784827e+00 -1.22692503e-03
1.14551700e+04 1.42841500e-02 -1.52327785e-03 1.92793799e+00 -1.23351827e-03
1.14556700e+04 1.43608840e-02 -1.53096946e-03 1.92802770e+00 -1.23974648e-03
1.14561700e+04 1.44383610e-02 -1.53820476e-03 1.92811742e+00 -1.24560517e-03
1.14566700e+04 1.45165930e-02 -1.54497637e-03 1.92820714e+00 -1.25108837e-03
1.14571700e+04 1.45955910e-02 -1.55127755e-03 1.92829685e+00 -1.25619063e-03
1.14576700e+04 1.46753650e-02 -1.55710215e-03 1.92838657e+00 -1.26090696e-03
1.14581700e+04 1.47559270e-02 -1.56244280e-03 1.92847629e+00 -1.26523140e-03
1.14586700e+04 1.48372880e-02 -1.56729274e-03 1.92856600e+00 -1.26915847e-03
1.14591700e+04 1.49194610e-02 -1.57164400e-03 1.92865572e+00 -1.27268172e-03
1.14596700e+04 1.50024580e-02 -1.57548920e-03 1.92874544e+00 -1.27579517e-03
1.14601700e+04 1.50862890e-02 -1.57882220e-03 1.92883515e+00 -1.27849385e-03
1.14606700e+04 1.51709690e-02 -1.58163379e-03 1.92892487e+00 -1.28077030e-03
1.14611700e+04 1.52565100e-02 -1.58391660e-03 1.92901459e+00 -1.28261856e-03
1.14616700e+04 1.53429250e-02 -1.58566265e-03 1.92910430e+00 -1.28403216e-03
1.14621700e+04 1.54302270e-02 -1.58686394e-03 1.92919402e+00 -1.28500463e-03
1.14626700e+04 1.55184290e-02 -1.58751251e-03 1.92928374e+00 -1.28552951e-03
1.14631700e+04 1.56075470e-02 -1.58759851e-03 1.92937345e+00 -1.28559885e-03
1.14636700e+04 1.56975920e-02 -1.58711520e-03 1.92946317e+00 -1.28520717e-03
1.14641700e+04 1.57885810e-02 -1.58605213e-03 1.92955288e+00 -1.28434601e-03
1.14646700e+04 1.58805280e-02 -1.58440071e-03 1.92964260e+00 -1.28300843e-03
1.14651700e+04 1.59734470e-02 -1.58215234e-03 1.92973232e+00 -1.28118744e-03
1.14656700e+04 1.60673540e-02 -1.57929719e-03 1.92982203e+00 -1.27887511e-03
1.14661700e+04 1.61622650e-02 -1.57582544e-03 1.92991175e+00 -1.27606347e-03
1.14666700e+04 1.62581950e-02 -1.57172787e-03 1.93000147e+00 -1.27274505e-03
1.14671700e+04 1.63551610e-02 -1.56699404e-03 1.93009118e+00 -1.26891142e-03
1.14676700e+04 1.64531800e-02 -1.56161352e-03 1.93018090e+00 -1.26455410e-03
1.14681700e+04 1.65522690e-02 -1.55557586e-03 1.93027062e+00 -1.25966466e-03
1.14686700e+04 1.66524440e-02 -1.54887123e-03 1.93036033e+00 -1.25423513e-03
1.14691700e+04 1.67537240e-02 -1.54148797e-03 1.93045005e+00 -1.24825606e-03
1.14696700e+04 1.68561270e-02 -1.53341503e-03 1.93053977e+00 -1.24171850e-03
1.14701700e+04 1.69596720e-02 -1.52464072e-03 1.93062948e+00 -1.23461301e-03
1.14706700e+04 1.70643770e-02 -1.51515401e-03 1.93071920e+00 -1.22693063e-03
1.14711700e+04 1.71702610e-02 -1.50494321e-03 1.93080892e+00 -1.21866191e-03
1.14716700e+04 1.72773450e-02 -1.49399544e-03 1.93089863e+00 -1.20979642e-03
1.14721700e+04 1.73856490e-02 -1.48229841e-03 1.93098835e+00 -1.20032419e-03
1.14726700e+04 1.74951930e-02 -1.46983984e-03 1.93107806e+00 -1.19023530e-03
1.14731700e+04 1.76059990e-02 -1.45660621e-03 1.93116778e+00 -1.17951879e-03
1.14736700e+04 1.77180880e-02 -1.44258463e-03 1.93125750e+00 -1.16816423e-03
1.14741700e+04 1.78314830e-02 -1.42776097e-03 1.93134721e+00 -1.15616018e-03
1.14746700e+04 1.79462060e-02 -1.41212172e-03 1.93143693e+00 -1.14349569e-03
1.14751700e+04 1.80622800e-02 -1.39565277e-03 1.93152665e+00 -1.13015932e-03
1.14756700e+04 1.81797290e-02 -1.37833935e-03 1.93161636e+00 -1.11613916e-03
1.14761700e+04 1.82985770e-02 -1.36016675e-03 1.93170608e+00 -1.10142325e-03
1.14766700e+04 1.84188500e-02 -1.34111899e-03 1.93179580e+00 -1.08599866e-03
1.14771700e+04 1.85405720e-02 -1.32118132e-03 1.93188551e+00 -1.06985347e-03
1.14776700e+04 1.86637710e-02 -1.30033656e-03 1.93197523e+00 -1.05297375e-03
1.14781700e+04 1.87884710e-02 -1.27856997e-03 1.93206495e+00 -1.03534756e-03
1.14786700e+04 1.89147020e-02 -1.25586311e-03 1.93215466e+00 -1.01695999e-03
1.14791700e+04 1.90424900e-02 -1.23220003e-03 1.93224438e+00 -9.97798102e-04
1.14796700e+04 1.91718640e-02 -1.20756291e-03 1.93233410e+00 -9.77847477e-04
1.14801700e+04 1.93028550e-02 -1.18193271e-03 1.93242381e+00 -9.57092698e-04
1.14806700e+04 1.94354910e-02 -1.15529224e-03 1.93251353e+00 -9.35519841e-04
1.14811700e+04 1.95698050e-02 -1.12762123e-03 1.93260325e+00 -9.13112496e-04
1.14816700e+04 1.97058270e-02 -1.09890126e-03 1.93269296e+00 -8.89855743e-04
1.14821700e+04 1.98435900e-02 -1.06911205e-03 1.93278268e+00 -8.65733172e-04
1.14826700e+04 1.99831270e-02 -1.03823335e-03 1.93287239e+00 -8.40728372e-04
1.14831700e+04 2.01244730e-02 -1.00624365e-03 1.93296211e+00 -8.14823938e-04
1.14836700e+04 2.02676620e-02 -9.73122083e-04 1.93305183e+00 -7.88002960e-04
1.14841700e+04 2.04127300e-02 -9.38846530e-04 1.93314154e+00 -7.60247538e-04
1.14846700e+04 2.05597150e-02 -9.03393656e-04 1.93323126e+00 -7.31538772e-04
1.14851700e+04 2.07086530e-02 -8.66741351e-04 1.93332098e+00 -7.01858761e-04
1.14856700e+04 2.08595850e-02 -8.28864437e-04 1.93341069e+00 -6.71187115e-04
1.14861700e+04 2.10125490e-02 -7.89739574e-04 1.93350041e+00 -6.39504937e-04
1.14866700e+04 2.11675870e-02 -7.49340970e-04 1.93359013e+00 -6.06791340e-04
1.14871700e+04 2.13247400e-02 -7.07643443e-04 1.93367984e+00 -5.73025936e-04
1.14876700e+04 2.14840520e-02 -6.64619972e-04 1.93376956e+00 -5.38186842e-04
1.14881700e+04 2.16455670e-02 -6.20243534e-04 1.93385928e+00 -5.02252178e-04
1.14886700e+04 2.18093310e-02 -5.74485878e-04 1.93394899e+00 -4.65199069e-04
1.14891700e+04 2.19753910e-02 -5.27318139e-04 1.93403871e+00 -4.27004140e-04
1.14896700e+04 2.21437940e-02 -4.78711452e-04 1.93412843e+00 -3.87644019e-04
1.14901700e+04 2.23145900e-02 -4.28635110e-04 1.93421814e+00 -3.47093842e-04
1.14906700e+04 2.24878310e-02 -3.77057177e-04 1.93430786e+00 -3.05327748e-04
1.14911700e+04 2.26635680e-02 -3.23946332e-04 1.93439758e+00 -2.62320376e-04
1.14916700e+04 2.28418540e-02 -2.69270025e-04 1.93448729e+00 -2.18045368e-04
1.14921700e+04 2.30227470e-02 -2.12992635e-04 1.93457701e+00 -1.72473881e-04
1.14926700e+04 2.32063020e-02 -1.55080384e-04 1.93466672e+00 -1.25578564e-04
1.14931700e+04 2.33925780e-02 -9.54970378e-05 1.93475644e+00 -7.73300769e-05
1.14936700e+04 2.35816360e-02 -3.42051329e-05 1.93484616e+00 -2.76980834e-05
1.14941700e+04 2.37735380e-02 2.88334078e-05 1.93493587e+00 2.33482485e-05
1.14946700e+04 2.39683470e-02 9.36572754e-05 1.93502559e+00 7.58402487e-05
1.14951700e+04 2.41661310e-02 1.60308232e-04 1.93511531e+00 1.29811734e-04
1.14956700e+04 2.43669560e-02 2.28826812e-04 1.93520502e+00 1.85295525e-04
1.14961700e+04 2.45708930e-02 2.99256618e-04 1.93529474e+00 2.42326930e-04
1.14966700e+04 2.47780150e-02 3.71642485e-04 1.93538446e+00 3.00942253e-04
1.14971700e+04 2.49883950e-02 4.46029244e-04 1.93547417e+00 3.61177796e-04
1.14976700e+04 2.52021100e-02 5.22464186e-04 1.93556389e+00 4.23071850e-04
1.14981700e+04 2.54192410e-02 6.00997056e-04 1.93565361e+00 4.86664698e-04
1.14986700e+04 2.56398670e-02 6.81676372e-04 1.93574332e+00 5.51995626e-04
1.14991700e+04 2.58640750e-02 7.64555564e-04 1.93583304e+00 6.19107898e-04
1.14996700e+04 2.60919510e-02 8.49687449e-04 1.93592276e+00 6.88044283e-04
1.15001700e+04 2.63235850e-02 9.37127301e-04 1.93601247e+00 7.58849537e-04
1.15006700e+04 2.65590700e-02 1.02693224e-03 1.93610219e+00 8.31569909e-04
1.15011700e+04 2.67985020e-02 1.11916121e-03 1.93619190e+00 9.06253140e-04
1.15016700e+04 2.70419790e-02 1.21387441e-03 1.93628162e+00 9.82947964e-04
1.15021700e+04 2.72896060e-02 1.31113633e-03 1.93637134e+00 1.06170660e-03
1.15026700e+04 2.75414880e-02 1.41101144e-03 1.93646105e+00 1.14258126e-03
1.15031700e+04 2.77977340e-02 1.51356669e-03 1.93655077e+00 1.22562615e-03
1.15036700e+04 2.80584580e-02 1.61887210e-03 1.93664049e+00 1.31089797e-03
1.15041700e+04 2.83237770e-02 1.72699951e-03 1.93673020e+00 1.39845490e-03
1.15046700e+04 2.85938130e-02 1.83802386e-03 1.93681992e+00 1.48835760e-03
1.15051700e+04 2.88686920e-02 1.95202252e-03 1.93690964e+00 1.58066874e-03
1.15056700e+04 2.91485450e-02 2.06907595e-03 1.93699935e+00 1.67545347e-03
1.15061700e+04 2.94335050e-02 2.18926584e-03 1.93708907e+00 1.77277792e-03
1.15066700e+04 2.97237140e-02 2.31267939e-03 1.93717879e+00 1.87271271e-03
1.15071700e+04 3.00193160e-02 2.43940503e-03 1.93726850e+00 1.97532946e-03
1.15076700e+04 3.03204620e-02 2.56953551e-03 1.93735822e+00 2.08070324e-03
1.15081700e+04 3.06273080e-02 2.70316663e-03 1.93744794e+00 2.18891165e-03
1.15086700e+04 3.09400170e-02 2.84039849e-03 1.93753765e+00 2.30003575e-03
1.15091700e+04 3.12587550e-02 2.98133306e-03 1.93762737e+00 2.41415808e-03
1.15096700e+04 3.15836990e-02 3.12607902e-03 1.93771709e+00 2.53136666e-03
1.15101700e+04 3.19150300e-02 3.27474754e-03 1.93780680e+00 2.65175151e-03
1.15106700e+04 3.22529350e-02 3.42745347e-03 1.93789652e+00 2.77540562e-03
1.15111700e+04 3.25976120e-02 3.58431841e-03 1.93798623e+00 2.90242746e-03
1.15116700e+04 3.29492640e-02 3.74546702e-03 1.93807595e+00 3.03291797e-03
1.15121700e+04 3.33081040e-02 3.91103013e-03 1.93816567e+00 3.16698309e-03
1.15126700e+04 3.36743520e-02 4.08114285e-03 1.93825538e+00 3.30473222e-03
1.15131700e+04 3.40482380e-02 4.25594642e-03 1.93834510e+00 3.44627973e-03
1.15136700e+04 3.44300030e-02 4.43558886e-03 1.93843482e+00 3.59174549e-03
1.15141700e+04 3.48198940e-02 4.62022186e-03 1.93852453e+00 3.74125230e-03
1.15146700e+04 3.52181730e-02 4.81000634e-03 1.93861425e+00 3.89493048e-03
1.15151700e+04 3.56251110e-02 5.00510872e-03 1.93870397e+00 4.05291479e-03
1.15156700e+04 3.60409920e-02 5.20570342e-03 1.93879368e+00 4.21534646e-03
1.15161700e+04 3.64661100e-02 5.41197100e-03 1.93888340e+00 4.38237170e-03
1.15166700e+04 3.69007750e-02 5.62410185e-03 1.93897312e+00 4.55414467e-03
1.15171700e+04 3.73453080e-02 5.84229310e-03 1.93906283e+00 4.73082500e-03
1.15176700e+04 3.78000480e-02 6.06675297e-03 1.93915255e+00 4.91258127e-03
1.15181700e+04 3.82653480e-02 6.29769822e-03 1.93924227e+00 5.09958904e-03
1.15186700e+04 3.87415750e-02 6.53535427e-03 1.93933198e+00 5.29203081e-03
1.15191700e+04 3.92291160e-02 6.77995879e-03 1.93942170e+00 5.49009903e-03
1.15196700e+04 3.97283760e-02 7.03176050e-03 1.93951142e+00 5.69399512e-03
1.15201700e+04 4.02397790e-02 7.29101981e-03 1.93960113e+00 5.90392993e-03
1.15206700e+04 4.07637700e-02 7.55801000e-03 1.93969085e+00 6.12012474e-03
1.15211700e+04 4.13008160e-02 7.83301789e-03 1.93978056e+00 6.34281181e-03
1.15216700e+04 4.18514050e-02 8.11634318e-03 1.93987028e+00 6.57223382e-03
1.15221700e+04 4.24160520e-02 8.40830216e-03 1.93996000e+00 6.80864686e-03
1.15226700e+04 4.29952990e-02 8.70922769e-03 1.94004971e+00 7.05232049e-03
1.15231700e+04 4.35897130e-02 9.01946800e-03 1.94013943e+00 7.30353666e-03
1.15236700e+04 4.41998930e-02 9.33939096e-03 1.94022915e+00 7.56259326e-03
1.15241700e+04 4.48264680e-02 9.66938287e-03 1.94031886e+00 7.82980308e-03
1.15246700e+04 4.54701030e-02 1.00098521e-02 1.94040858e+00 8.10549684e-03
1.15251700e+04 4.61314980e-02 1.03612287e-02 1.94049830e+00 8.39002264e-03
1.15256700e+04 4.68113900e-02 1.07239651e-02 1.94058801e+00 8.68374699e-03
1.15261700e+04 4.75105590e-02 1.10985404e-02 1.94067773e+00 8.98705779e-03
1.15266700e+04 4.82298280e-02 1.14854601e-02 1.94076745e+00 9.30036430e-03
1.15271700e+04 4.89700700e-02 1.18852603e-02 1.94085716e+00 9.62410067e-03
1.15276700e+04 4.97322050e-02 1.22985061e-02 1.94094688e+00 9.95872442e-03
1.15281700e+04 5.05172090e-02 1.27257968e-02 1.94103660e+00 1.03047209e-02
1.15286700e+04 5.13261170e-02 1.31677681e-02 1.94112631e+00 1.06626048e-02
1.15291700e+04 5.21600250e-02 1.36250930e-02 1.94121603e+00 1.10329212e-02
1.15296700e+04 5.30200980e-02 1.40984872e-02 1.94130574e+00 1.14162495e-02
1.15301700e+04 5.39075750e-02 1.45887114e-02 1.94139546e+00 1.18132057e-02
1.15306700e+04 5.48237710e-02 1.50965734e-02 1.94148518e+00 1.22244439e-02
1.15311700e+04 5.57700880e-02 1.56229341e-02 1.94157489e+00 1.26506612e-02
1.15316700e+04 5.67480170e-02 1.61687092e-02 1.94166461e+00 1.30925991e-02
1.15321700e+04 5.77591520e-02 1.67348777e-02 1.94175433e+00 1.35510503e-02
1.15326700e+04 5.88051930e-02 1.73224836e-02 1.94184404e+00 1.40268603e-02
1.15331700e+04 5.98879550e-02 1.79326417e-02 1.94193376e+00 1.45209315e-02
1.15336700e+04 6.10093830e-02 1.85665463e-02 1.94202348e+00 1.50342314e-02
1.15341700e+04 6.21715580e-02 1.92254757e-02 1.94211319e+00 1.55677946e-02
1.15346700e+04 6.33767130e-02 1.99108011e-02 1.94220291e+00 1.61227318e-02
1.15351700e+04 6.46272430e-02 2.06239935e-02 1.94229263e+00 1.67002339e-02
1.15356700e+04 6.59257250e-02 2.13666354e-02 1.94238234e+00 1.73015824e-02
1.15361700e+04 6.72749300e-02 2.21404288e-02 1.94247206e+00 1.79281555e-02
1.15366700e+04 6.86778460e-02 2.29472086e-02 1.94256178e+00 1.85814390e-02
1.15371700e+04 7.01376960e-02 2.37889544e-02 1.94265149e+00 1.92630356e-02
1.15376700e+04 7.16579620e-02 2.46678044e-02 1.94274121e+00 1.99746771e-02
1.15381700e+04 7.32424140e-02 2.55860742e-02 1.94283093e+00 2.07182381e-02
1.15386700e+04 7.48951350e-02 2.65462712e-02 1.94292064e+00 2.14957493e-02
1.15391700e+04 7.66205590e-02 2.75511185e-02 1.94301036e+00 2.23094155e-02
1.15396700e+04 7.84235050e-02 2.86035758e-02 1.94310007e+00 2.31616334e-02
1.15401700e+04 8.03092210e-02 2.97068661e-02 1.94318979e+00 2.40550126e-02
1.15406700e+04 8.22834320e-02 3.08645054e-02 1.94327951e+00 2.49924002e-02
1.15411700e+04 8.43523930e-02 3.20803352e-02 1.94336922e+00 2.59769069e-02
1.15416700e+04 8.65229560e-02 3.33585636e-02 1.94345894e+00 2.70119401e-02
1.15421700e+04 8.88026320e-02 3.47038035e-02 1.94354866e+00 2.81012351e-02
1.15426700e+04 9.11996820e-02 3.61211283e-02 1.94363837e+00 2.92488999e-02
1.15431700e+04 9.37232030e-02 3.76161250e-02 1.94372809e+00 3.04594586e-02
1.15436700e+04 9.63832370e-02 3.91949608e-02 1.94381781e+00 3.17379049e-02
1.15441700e+04 9.91908980e-02 4.08644614e-02 1.94390752e+00 3.30897659e-02
1.15446700e+04 1.02158510e-01 4.26321955e-02 1.94399724e+00 3.45211703e-02
1.15451700e+04 1.05299780e-01 4.45065813e-02 1.94408696e+00 3.60389346e-02
1.15456700e+04 1.08629990e-01 4.64970041e-02 1.94417667e+00 3.76506583e-02
1.15461700e+04 1.12166220e-01 4.86139535e-02 1.94426639e+00 3.93648355e-02
1.15466700e+04 1.15927620e-01 5.08691906e-02 1.94435611e+00 4.11909893e-02
1.15471700e+04 1.19935720e-01 5.32759379e-02 1.94444582e+00 4.31398266e-02
1.15476700e+04 1.24214820e-01 5.58491192e-02 1.94453554e+00 4.52234317e-02
1.15481700e+04 1.28792420e-01 5.86056235e-02 1.94462526e+00 4.74554803e-02
1.15486700e+04 1.33699750e-01 6.15646307e-02 1.94471497e+00 4.98515030e-02
1.15491700e+04 1.38972420e-01 6.47480106e-02 1.94480469e+00 5.24292087e-02
1.15496700e+04 1.44651190e-01 6.81807958e-02 1.94489440e+00 5.52088672e-02
1.15501700e+04 1.50782880e-01 7.18917408e-02 1.94498412e+00 5.82137619e-02
1.15506700e+04 1.57421550e-01 7.59140462e-02 1.94507384e+00 6.14707768e-02
1.15511700e+04 1.64629870e-01 8.02862009e-02 1.94516355e+00 6.50110776e-02
1.15516700e+04 1.72480860e-01 8.50530497e-02 1.94525327e+00 6.88709770e-02
1.15521700e+04 1.81060030e-01 9.02671086e-02 1.94534299e+00 7.30929988e-02
1.15526700e+04 1.90468040e-01 9.59901975e-02 1.94543270e+00 7.77272012e-02
1.15531700e+04 2.00824110e-01 1.02295535e-01 1.94552242e+00 8.28328719e-02
1.15536700e+04 2.12270270e-01 1.09270349e-01 1.94561214e+00 8.84806423e-02
1.15541700e+04 2.24904630e-01 1.16974893e-01 1.94570185e+00 9.47193019e-02
1.15546700e+04 2.39033130e-01 1.25597059e-01 1.94579157e+00 1.01700994e-01
1.15551700e+04 2.54900590e-01 1.35287204e-01 1.94588129e+00 1.09547468e-01
1.15556700e+04 2.72785070e-01 1.46216096e-01 1.94597100e+00 1.18397002e-01
1.15561700e+04 2.93063020e-01 1.58614932e-01 1.94606072e+00 1.28436803e-01
1.15562700e+04 2.97445140e-01 1.61295237e-01 1.94607866e+00 1.30607146e-01
1.15563700e+04 3.01945620e-01 1.64048233e-01 1.94609661e+00 1.32836349e-01
1.15564700e+04 3.06568910e-01 1.66876651e-01 1.94611455e+00 1.35126625e-01
1.15565700e+04 3.11319670e-01 1.69783356e-01 1.94613249e+00 1.37480292e-01
1.15566700e+04 3.16202790e-01 1.72771348e-01 1.94615044e+00 1.39899781e-01
1.15567700e+04 3.21223400e-01 1.75843780e-01 1.94616838e+00 1.42387643e-01
1.15568700e+04 3.26386850e-01 1.79003937e-01 1.94618632e+00 1.44946540e-01
1.15569700e+04 3.31698760e-01 1.82255270e-01 1.94620427e+00 1.47579265e-01
1.15570700e+04 3.37165050e-01 1.85601415e-01 1.94622221e+00 1.50288764e-01
1.15571700e+04 3.42791880e-01 1.89046156e-01 1.94624015e+00 1.53078098e-01
1.15572700e+04 3.48585760e-01 1.92593490e-01 1.94625810e+00 1.55950506e-01
1.15573700e+04 3.54553500e-01 1.96247599e-01 1.94627604e+00 1.58909375e-01
1.15574700e+04 3.60702260e-01 2.00012882e-01 1.94629398e+00 1.61958264e-01
1.15575700e+04 3.67039540e-01 2.03893943e-01 1.94631193e+00 1.65100903e-01
1.15576700e+04 3.73573240e-01 2.07895636e-01 1.94632987e+00 1.68341222e-01
1.15577700e+04 3.80311660e-01 2.12023057e-01 1.94634781e+00 1.71683348e-01
1.15578700e+04 3.87263520e-01 2.16281561e-01 1.94636576e+00 1.75131617e-01
1.15579700e+04 3.94437980e-01 2.20676775e-01 1.94638370e+00 1.78690584e-01
1.15580700e+04 4.01844700e-01 2.25214630e-01 1.94640164e+00 1.82365054e-01
1.15581700e+04 4.09493800e-01 2.29901343e-01 1.94641958e+00 1.86160059e-01
1.15582700e+04 4.17395950e-01 2.34743466e-01 1.94643753e+00 1.90080905e-01
1.15583700e+04 4.25562400e-01 2.39747908e-01 1.94645547e+00 1.94133187e-01
1.15584700e+04 4.34004940e-01 2.44921910e-01 1.94647341e+00 1.98322767e-01
1.15585700e+04 4.42736020e-01 2.50273118e-01 1.94649136e+00 2.02655838e-01
1.15586700e+04 4.51768740e-01 2.55809577e-01 1.94650930e+00 2.07138914e-01
1.15587700e+04 4.61116860e-01 2.61539739e-01 1.94652724e+00 2.11778837e-01
1.15588700e+04 4.70794910e-01 2.67472526e-01 1.94654519e+00 2.16582834e-01
1.15589700e+04 4.80818150e-01 2.73617312e-01 1.94656313e+00 2.21558494e-01
1.15590700e+04 4.91202660e-01 2.79983970e-01 1.94658107e+00 2.26713811e-01
1.15591700e+04 5.01965360e-01 2.86582892e-01 1.94659902e+00 2.32057202e-01
1.15592700e+04 5.13124060e-01 2.93425017e-01 1.94661696e+00 2.37597523e-01
1.15593700e+04 5.24697480e-01 3.00521842e-01 1.94663490e+00 2.43344083e-01
1.15594700e+04 5.36705340e-01 3.07885476e-01 1.94665285e+00 2.49306689e-01
1.15595700e+04 5.49168330e-01 3.15528628e-01 1.94667079e+00 2.55495630e-01
1.15596700e+04 5.62108200e-01 3.23464654e-01 1.94668873e+00 2.61921722e-01
1.15597700e+04 5.75547800e-01 3.31707588e-01 1.94670668e+00 2.68596329e-01
1.15598700e+04 5.89511090e-01 3.40272145e-01 1.94672462e+00 2.75531365e-01
1.15599700e+04 6.04023180e-01 3.49173747e-01 1.94674256e+00 2.82739318e-01
1.15600700e+04 6.19110360e-01 3.58428538e-01 1.94676051e+00 2.90233263e-01
1.15601700e+04 6.34800110e-01 3.68053397e-01 1.94677845e+00 2.98026863e-01
1.15602700e+04 6.51121130e-01 3.78065948e-01 1.94679639e+00 3.06134393e-01
1.15603700e+04 6.68103320e-01 3.88484555e-01 1.94681434e+00 3.14570721e-01
1.15604700e+04 6.85777760e-01 3.99328306e-01 1.94683228e+00 3.23351303e-01
1.15605700e+04 7.04176690e-01 4.10617001e-01 1.94685022e+00 3.32492172e-01
1.15606700e+04 7.23333460e-01 4.22371121e-01 1.94686817e+00 3.42009913e-01
1.15607700e+04 7.43282440e-01 4.34611775e-01 1.94688611e+00 3.51921618e-01
1.15608700e+04 7.64058910e-01 4.47360630e-01 1.94690405e+00 3.62244832e-01
1.15609700e+04 7.85698900e-01 4.60639814e-01 1.94692200e+00 3.72997472e-01
1.15610700e+04 8.08239040e-01 4.74471823e-01 1.94693994e+00 3.84197754e-01
1.15611700e+04 8.31716260e-01 4.88879337e-01 1.94695788e+00 3.95864043e-01
1.15612700e+04 8.56167530e-01 5.03885062e-01 1.94697583e+00 4.08014725e-01
1.15613700e+04 8.81629500e-01 5.19511506e-01 1.94699377e+00 4.20668025e-01
1.15614700e+04 9.08138010e-01 5.35780679e-01 1.94701171e+00 4.33841766e-01
1.15615700e+04 9.35727590e-01 5.52713789e-01 1.94702966e+00 4.47553121e-01
1.15616700e+04 9.64430820e-01 5.70330845e-01 1.94704760e+00 4.61818291e-01
1.15617700e+04 9.94277560e-01 5.88650184e-01 1.94706554e+00 4.76652125e-01
1.15618700e+04 1.02529420e+00 6.07688015e-01 1.94708349e+00 4.92067746e-01
1.15619700e+04 1.05750240e+00 6.27457639e-01 1.94710143e+00 5.08075927e-01
1.15620700e+04 1.09091840e+00 6.47969031e-01 1.94711937e+00 5.24684744e-01
1.15621700e+04 1.12555160e+00 6.69227963e-01 1.94713732e+00 5.41898870e-01
1.15622700e+04 1.16140270e+00 6.91234866e-01 1.94715526e+00 5.59718653e-01
1.15623700e+04 1.19846330e+00 7.13984580e-01 1.94717320e+00 5.78139918e-01
1.15624700e+04 1.23671310e+00 7.37464639e-01 1.94719115e+00 5.97152567e-01
1.15625700e+04 1.27611930e+00 7.61654897e-01 1.94720909e+00 6.16740290e-01
1.15626700e+04 1.31663430e+00 7.86526123e-01 1.94722703e+00 6.36879416e-01
1.15627700e+04 1.35819420e+00 8.12039071e-01 1.94724498e+00 6.57538166e-01
1.15628700e+04 1.40071750e+00 8.38143689e-01 1.94726292e+00 6.78676012e-01
1.15629700e+04 1.44410370e+00 8.64778255e-01 1.94728086e+00 7.00242973e-01
1.15630700e+04 1.48823210e+00 8.91868641e-01 1.94729881e+00 7.22179027e-01
1.15631700e+04 1.53296140e+00 9.19328069e-01 1.94731675e+00 7.44413906e-01
1.15632700e+04 1.57812950e+00 9.47056984e-01 1.94733469e+00 7.66866997e-01
1.15633700e+04 1.62355400e+00 9.74943367e-01 1.94735264e+00 7.89447592e-01
1.15634700e+04 1.66903330e+00 1.00286341e+00 1.94737058e+00 8.12055438e-01
1.15635700e+04 1.71434900e+00 1.03068297e+00 1.94738852e+00 8.34581923e-01
1.15636700e+04 1.75926800e+00 1.05825890e+00 1.94740647e+00 8.56911128e-01
1.15637700e+04 1.80354680e+00 1.08544165e+00 1.94742441e+00 8.78921961e-01
1.15638700e+04 1.84693530e+00 1.11207763e+00 1.94744235e+00 9.00490048e-01
1.15639700e+04 1.88918180e+00 1.13801226e+00 1.94746030e+00 9.21490218e-01
1.15640700e+04 1.93003600e+00 1.16309180e+00 1.94747824e+00 9.41797999e-01
1.15641700e+04 1.96925240e+00 1.18716549e+00 1.94749618e+00 9.61291304e-01
1.15642700e+04 2.00659860e+00 1.21009061e+00 1.94751413e+00 9.79854560e-01
1.15643700e+04 2.04186190e+00 1.23173651e+00 1.94753207e+00 9.97381993e-01
1.15644700e+04 2.07485730e+00 1.25198960e+00 1.94755001e+00 1.01378160e+00
1.15645700e+04 2.10543240e+00 1.27075626e+00 1.94756796e+00 1.02897760e+00
1.15646700e+04 2.13346730e+00 1.28796286e+00 1.94758590e+00 1.04291037e+00
1.15647700e+04 2.15887680e+00 1.30355708e+00 1.94760384e+00 1.05553752e+00
1.15648700e+04 2.18161050e+00 1.31750796e+00 1.94762179e+00 1.06683401e+00
1.15649700e+04 2.20165280e+00 1.32980593e+00 1.94763973e+00 1.07679206e+00
1.15650700e+04 2.21902100e+00 1.34046160e+00 1.94765767e+00 1.08542030e+00
1.15651700e+04 2.23376240e+00 1.34950403e+00 1.94767562e+00 1.09274223e+00
1.15652700e+04 2.24595140e+00 1.35697891e+00 1.94769356e+00 1.09879486e+00
1.15653700e+04 2.25568560e+00 1.36294619e+00 1.94771150e+00 1.10362672e+00
1.15654700e+04 2.26308130e+00 1.36747727e+00 1.94772945e+00 1.10729565e+00
1.15655700e+04 2.26826960e+00 1.37065269e+00 1.94774739e+00 1.10986685e+00
1.15656700e+04 2.27139220e+00 1.37255947e+00 1.94776533e+00 1.11141078e+00
1.15657700e+04 2.27259770e+00 1.37328886e+00 1.94778328e+00 1.11200134e+00
1.15658700e+04 2.27203790e+00 1.37293409e+00 1.94780122e+00 1.11171402e+00
1.15659700e+04 2.26986470e+00 1.37158846e+00 1.94781916e+00 1.11062437e+00
1.15660700e+04 2.26622800e+00 1.36934403e+00 1.94783711e+00 1.10880692e+00
1.15661700e+04 2.26127340e+00 1.36629021e+00 1.94785505e+00 1.10633408e+00
1.15662700e+04 2.25514020e+00 1.36251256e+00 1.94787299e+00 1.10327512e+00
1.15663700e+04 2.24796110e+00 1.35809257e+00 1.94789094e+00 1.09969604e+00
1.15664700e+04 2.23986100e+00 1.35310695e+00 1.94790888e+00 1.09565896e+00
1.15665700e+04 2.23095710e+00 1.34762768e+00 1.94792682e+00 1.09122214e+00
1.15666700e+04 2.22135850e+00 1.34172176e+00 1.94794477e+00 1.08643986e+00
1.15667700e+04 2.21116610e+00 1.33545115e+00 1.94796271e+00 1.08136228e+00
1.15668700e+04 2.20047300e+00 1.32887305e+00 1.94798065e+00 1.07603570e+00
1.15669700e+04 2.18936480e+00 1.32204001e+00 1.94799860e+00 1.07050269e+00
1.15670700e+04 2.17792000e+00 1.31500025e+00 1.94801654e+00 1.06480230e+00
1.15671700e+04 2.16621040e+00 1.30779787e+00 1.94803448e+00 1.05897022e+00
1.15672700e+04 2.15430140e+00 1.30047302e+00 1.94805243e+00 1.05303898e+00
1.15673700e+04 2.14225270e+00 1.29306238e+00 1.94807037e+00 1.04703827e+00
1.15674700e+04 2.13011870e+00 1.28559934e+00 1.94808831e+00 1.04099514e+00
1.15675700e+04 2.11794860e+00 1.27811414e+00 1.94810625e+00 1.03493406e+00
1.15676700e+04 2.10578690e+00 1.27063410e+00 1.94812420e+00 1.02887716e+00
1.15677700e+04 2.09367410e+00 1.26318409e+00 1.94814214e+00 1.02284458e+00
1.15678700e+04 2.08164630e+00 1.25578628e+00 1.94816008e+00 1.01685426e+00
1.15679700e+04 2.06973630e+00 1.24846082e+00 1.94817803e+00 1.01092253e+00
1.15680700e+04 2.05797320e+00 1.24122558e+00 1.94819597e+00 1.00506385e+00
1.15681700e+04 2.04638310e+00 1.23409658e+00 1.94821391e+00 9.99291207e-01
1.15682700e+04 2.03498900e+00 1.22708796e+00 1.94823186e+00 9.93616032e-01
1.15683700e+04 2.02381110e+00 1.22021212e+00 1.94824980e+00 9.88048374e-01
1.15684700e+04 2.01286720e+00 1.21347999e+00 1.94826774e+00 9.82597083e-01
1.15685700e+04 2.00217280e+00 1.20690108e+00 1.94828569e+00 9.77269869e-01
1.15686700e+04 1.99174080e+00 1.20048333e+00 1.94830363e+00 9.72073145e-01
1.15687700e+04 1.98158250e+00 1.19423367e+00 1.94832157e+00 9.67012533e-01
1.15688700e+04 1.97170700e+00 1.18815769e+00 1.94833952e+00 9.62092556e-01
1.15689700e+04 1.96212180e+00 1.18226000e+00 1.94835746e+00 9.57316945e-01
1.15690700e+04 1.95283260e+00 1.17654410e+00 1.94837540e+00 9.52688534e-01
1.15691700e+04 1.94384400e+00 1.17101281e+00 1.94839335e+00 9.48209611e-01
1.15692700e+04 1.93515870e+00 1.16566779e+00 1.94841129e+00 9.43881518e-01
1.15693700e+04 1.92677860e+00 1.16051021e+00 1.94842923e+00 9.39705201e-01
1.15694700e+04 1.91870410e+00 1.15554031e+00 1.94844718e+00 9.35680858e-01
1.15695700e+04 1.91093480e+00 1.15075785e+00 1.94846512e+00 9.31808290e-01
1.15696700e+04 1.90346930e+00 1.14616197e+00 1.94848306e+00 9.28086802e-01
1.15697700e+04 1.89630510e+00 1.14175113e+00 1.94850101e+00 9.24515149e-01
1.15698700e+04 1.88943930e+00 1.13752355e+00 1.94851895e+00 9.21091889e-01
1.15699700e+04 1.88286790e+00 1.13347678e+00 1.94853689e+00 9.17815034e-01
1.15700700e+04 1.87658650e+00 1.12960811e+00 1.94855484e+00 9.14682395e-01
1.15701700e+04 1.87059010e+00 1.12591447e+00 1.94857278e+00 9.11691486e-01
1.15702700e+04 1.86487300e+00 1.12239236e+00 1.94859072e+00 9.08839472e-01
1.15703700e+04 1.85942930e+00 1.11903816e+00 1.94860867e+00 9.06123420e-01
1.15704700e+04 1.85425260e+00 1.11584794e+00 1.94862661e+00 9.03540145e-01
1.15705700e+04 1.84933600e+00 1.11281746e+00 1.94864455e+00 9.01086218e-01
1.15706700e+04 1.84467250e+00 1.10994242e+00 1.94866250e+00 8.98758156e-01
1.15707700e+04 1.84025480e+00 1.10721834e+00 1.94868044e+00 8.96552330e-01
1.15708700e+04 1.83607520e+00 1.10464048e+00 1.94869838e+00 8.94464911e-01
1.15709700e+04 1.83212610e+00 1.10220419e+00 1.94871633e+00 8.92492118e-01
1.15710700e+04 1.82839960e+00 1.09990460e+00 1.94873427e+00 8.90630024e-01
1.15711700e+04 1.82488790e+00 1.09773694e+00 1.94875221e+00 8.88874749e-01
1.15712700e+04 1.82158310e+00 1.09569634e+00 1.94877016e+00 8.87222365e-01
1.15713700e+04 1.81847720e+00 1.09377790e+00 1.94878810e+00 8.85668893e-01
1.15714700e+04 1.81556270e+00 1.09197700e+00 1.94880604e+00 8.84210604e-01
1.15715700e+04 1.81283170e+00 1.09028880e+00 1.94882399e+00 8.82843568e-01
1.15716700e+04 1.81027680e+00 1.08870875e+00 1.94884193e+00 8.81564107e-01
1.15717700e+04 1.80789090e+00 1.08723249e+00 1.94885987e+00 8.80368689e-01
1.15718700e+04 1.80566700e+00 1.08585573e+00 1.94887782e+00 8.79253833e-01
1.15719700e+04 1.80359840e+00 1.08457434e+00 1.94889576e+00 8.78216207e-01
1.15720700e+04 1.80167900e+00 1.08338458e+00 1.94891370e+00 8.77252777e-01
1.15721700e+04 1.79990280e+00 1.08228277e+00 1.94893165e+00 8.76360561e-01
1.15722700e+04 1.79826450e+00 1.08126564e+00 1.94894959e+00 8.75536922e-01
1.15723700e+04 1.79675910e+00 1.08033014e+00 1.94896753e+00 8.74779373e-01
1.15724700e+04 1.79538210e+00 1.07947350e+00 1.94898548e+00 8.74085677e-01
1.15725700e+04 1.79412970e+00 1.07869338e+00 1.94900342e+00 8.73453945e-01
1.15726700e+04 1.79299830e+00 1.07798757e+00 1.94902136e+00 8.72882385e-01
1.15727700e+04 1.79198490e+00 1.07735423e+00 1.94903931e+00 8.72369506e-01
1.15728700e+04 1.79108700e+00 1.07679182e+00 1.94905725e+00 8.71914065e-01
1.15729700e+04 1.79030260e+00 1.07629912e+00 1.94907519e+00 8.71515067e-01
1.15730700e+04 1.78963000e+00 1.07587508e+00 1.94909314e+00 8.71171666e-01
1.15731700e+04 1.78906810e+00 1.07551903e+00 1.94911108e+00 8.70883317e-01
1.15732700e+04 1.78861600e+00 1.07523041e+00 1.94912902e+00 8.70649570e-01
1.15733700e+04 1.78827300e+00 1.07500879e+00 1.94914697e+00 8.70470078e-01
1.15734700e+04 1.78803890e+00 1.07485405e+00 1.94916491e+00 8.70344742e-01
1.15735700e+04 1.78791350e+00 1.07476608e+00 1.94918285e+00 8.70273462e-01
1.15736700e+04 1.78789670e+00 1.07474480e+00 1.94920080e+00 8.70256188e-01
1.15737700e+04 1.78798870e+00 1.07479033e+00 1.94921874e+00 8.70293020e-01
1.15738700e+04 1.78818960e+00 1.07490275e+00 1.94923668e+00 8.70384008e-01
1.15739700e+04 1.78849920e+00 1.07508193e+00 1.94925463e+00 8.70529051e-01
1.15740700e+04 1.78891750e+00 1.07532786e+00 1.94927257e+00 8.70728150e-01
1.15741700e+04 1.78944430e+00 1.07564043e+00 1.94929051e+00 8.70981206e-01
1.15742700e+04 1.79007900e+00 1.07601927e+00 1.94930846e+00 8.71287920e-01
1.15743700e+04 1.79082090e+00 1.07646394e+00 1.94932640e+00 8.71647944e-01
1.15744700e+04 1.79166900e+00 1.07697384e+00 1.94934434e+00 8.72060781e-01
1.15745700e+04 1.79262190e+00 1.07754809e+00 1.94936229e+00 8.72525734e-01
1.15746700e+04 1.79367780e+00 1.07818561e+00 1.94938023e+00 8.73041909e-01
1.15747700e+04 1.79483460e+00 1.07888509e+00 1.94939817e+00 8.73608261e-01
1.15748700e+04 1.79608990e+00 1.07964507e+00 1.94941612e+00 8.74223596e-01
1.15749700e+04 1.79744050e+00 1.08046357e+00 1.94943406e+00 8.74886323e-01
1.15750700e+04 1.79888330e+00 1.08133870e+00 1.94945200e+00 8.75594901e-01
1.15751700e+04 1.80041440e+00 1.08226806e+00 1.94946995e+00 8.76347390e-01
1.15752700e+04 1.80202970e+00 1.08324913e+00 1.94948789e+00 8.77141752e-01
1.15753700e+04 1.80372460e+00 1.08427908e+00 1.94950583e+00 8.77975697e-01
1.15754700e+04 1.80549410e+00 1.08535485e+00 1.94952378e+00 8.78846741e-01
1.15755700e+04 1.80733300e+00 1.08647324e+00 1.94954172e+00 8.79752298e-01
1.15756700e+04 1.80923570e+00 1.08763082e+00 1.94955966e+00 8.80689581e-01
1.15757700e+04 1.81119630e+00 1.08882395e+00 1.94957761e+00 8.81655658e-01
1.15758700e+04 1.81320860e+00 1.09004884e+00 1.94959555e+00 8.82647445e-01
1.15759700e+04 1.81526630e+00 1.09130161e+00 1.94961349e+00 8.83661808e-01
1.15760700e+04 1.81736270e+00 1.09257814e+00 1.94963144e+00 8.84695418e-01
1.15761700e+04 1.81949110e+00 1.09387433e+00 1.94964938e+00 8.85744940e-01
1.15762700e+04 1.82164480e+00 1.09518606e+00 1.94966732e+00 8.86807044e-01
1.15763700e+04 1.82381690e+00 1.09650908e+00 1.94968527e+00 8.87878298e-01
1.15764700e+04 1.82600030e+00 1.09783905e+00 1.94970321e+00 8.88955171e-01
1.15765700e+04 1.82818840e+00 1.09917190e+00 1.94972115e+00 8.90034382e-01
1.15766700e+04 1.83037410e+00 1.10050328e+00 1.94973910e+00 8.91112399e-01
1.15767700e+04 1.83255090e+00 1.10182919e+00 1.94975704e+00 8.92185990e-01
1.15768700e+04 1.83471220e+00 1.10314559e+00 1.94977498e+00 8.93251873e-01
1.15769700e+04 1.83685150e+00 1.10444847e+00 1.94979292e+00 8.94306815e-01
1.15770700e+04 1.83896270e+00 1.10573410e+00 1.94981087e+00 8.95347783e-01
1.15771700e+04 1.84103980e+00 1.10699878e+00 1.94982881e+00 8.96371793e-01
1.15772700e+04 1.84307720e+00 1.10823908e+00 1.94984675e+00 8.97376061e-01
1.15773700e+04 1.84506960e+00 1.10945174e+00 1.94986470e+00 8.98357950e-01
1.15774700e+04 1.84701180e+00 1.11063358e+00 1.94988264e+00 8.99314875e-01
1.15775700e+04 1.84889920e+00 1.11178176e+00 1.94990058e+00 9.00244548e-01
1.15776700e+04 1.85072750e+00 1.11289364e+00 1.94991853e+00 9.01144831e-01
1.15777700e+04 1.85249260e+00 1.11396671e+00 1.94993647e+00 9.02013685e-01
1.15778700e+04 1.85419090e+00 1.11499875e+00 1.94995441e+00 9.02849319e-01
1.15779700e+04 1.85581910e+00 1.11598774e+00 1.94997236e+00 9.03650093e-01
1.15780700e+04 1.85737430e+00 1.11693190e+00 1.94999030e+00 9.04414564e-01
1.15781700e+04 1.85885410e+00 1.11782975e+00 1.95000824e+00 9.05141540e-01
1.15782700e+04 1.86025610e+00 1.11867982e+00 1.95002619e+00 9.05829826e-01
1.15783700e+04 1.86157860e+00 1.11948107e+00 1.95004413e+00 9.06478576e-01
1.15784700e+04 1.86281990e+00 1.12023245e+00 1.95006207e+00 9.07086947e-01
1.15785700e+04 1.86397870e+00 1.12093316e+00 1.95008002e+00 9.07654291e-01
1.15786700e+04 1.86505420e+00 1.12158271e+00 1.95009796e+00 9.08180210e-01
1.15787700e+04 1.86604560e+00 1.12218061e+00 1.95011590e+00 9.08664306e-01
1.15788700e+04 1.86695230e+00 1.12272650e+00 1.95013385e+00 9.09106282e-01
1.15789700e+04 1.86777410e+00 1.12322024e+00 1.95015179e+00 9.09506037e-01
1.15790700e+04 1.86851100e+00 1.12366184e+00 1.95016973e+00 9.09863572e-01
1.15791700e+04 1.86916310e+00 1.12405136e+00 1.95018768e+00 9.10178936e-01
1.15792700e+04 1.86973050e+00 1.12438887e+00 1.95020562e+00 9.10452180e-01
1.15793700e+04 1.87021380e+00 1.12467472e+00 1.95022356e+00 9.10683601e-01
1.15794700e+04 1.87061360e+00 1.12490929e+00 1.95024151e+00 9.10873498e-01
1.15795700e+04 1.87093050e+00 1.12509295e+00 1.95025945e+00 9.11022169e-01
1.15796700e+04 1.87116530e+00 1.12522619e+00 1.95027739e+00 9.11130013e-01
1.15797700e+04 1.87131910e+00 1.12530969e+00 1.95029534e+00 9.11197575e-01
1.15798700e+04 1.87139290e+00 1.12534405e+00 1.95031328e+00 9.11225354e-01
1.15799700e+04 1.87138790e+00 1.12533001e+00 1.95033122e+00 9.11213947e-01
1.15800700e+04 1.87130550e+00 1.12526844e+00 1.95034917e+00 9.11164048e-01
1.15801700e+04 1.87114720e+00 1.12516026e+00 1.95036711e+00 9.11076405e-01
1.15802700e+04 1.87091460e+00 1.12500644e+00 1.95038505e+00 9.10951814e-01
1.15803700e+04 1.87060940e+00 1.12480804e+00 1.95040300e+00 9.10791118e-01
1.15804700e+04 1.87023370e+00 1.12456634e+00 1.95042094e+00 9.10595364e-01
1.15805700e+04 1.86978950e+00 1.12428258e+00 1.95043888e+00 9.10365545e-01
1.15806700e+04 1.86927910e+00 1.12395815e+00 1.95045683e+00 9.10102805e-01
1.15807700e+04 1.86870490e+00 1.12359455e+00 1.95047477e+00 9.09808338e-01
1.15808700e+04 1.86806960e+00 1.12319341e+00 1.95049271e+00 9.09483486e-01
1.15809700e+04 1.86737600e+00 1.12275648e+00 1.95051066e+00 9.09129642e-01
1.15810700e+04 1.86662710e+00 1.12228558e+00 1.95052860e+00 9.08748297e-01
1.15811700e+04 1.86582620e+00 1.12178274e+00 1.95054654e+00 9.08341094e-01
1.15812700e+04 1.86497680e+00 1.12125012e+00 1.95056449e+00 9.07909771e-01
1.15813700e+04 1.86408230e+00 1.12068981e+00 1.95058243e+00 9.07456021e-01
1.15814700e+04 1.86314660e+00 1.12010418e+00 1.95060037e+00 9.06981783e-01
1.15815700e+04 1.86217380e+00 1.11949578e+00 1.95061832e+00 9.06489094e-01
1.15816700e+04 1.86116800e+00 1.11886710e+00 1.95063626e+00 9.05979996e-01
1.15817700e+04 1.86013350e+00 1.11822081e+00 1.95065420e+00 9.05456624e-01
1.15818700e+04 1.85907490e+00 1.11755971e+00 1.95067215e+00 9.04921269e-01
1.15819700e+04 1.85799680e+00 1.11688663e+00 1.95069009e+00 9.04376216e-01
1.15820700e+04 1.85690410e+00 1.11620459e+00 1.95070803e+00 9.03823902e-01
1.15821700e+04 1.85580150e+00 1.11551646e+00 1.95072598e+00 9.03266665e-01
1.15822700e+04 1.85469420e+00 1.11482546e+00 1.95074392e+00 9.02707092e-01
1.15823700e+04 1.85358710e+00 1.11413457e+00 1.95076186e+00 9.02147617e-01
1.15824700e+04 1.85248550e+00 1.11344706e+00 1.95077981e+00 9.01590878e-01
1.15825700e+04 1.85139440e+00 1.11276600e+00 1.95079775e+00 9.01039361e-01
1.15826700e+04 1.85031900e+00 1.11209458e+00 1.95081569e+00 9.00495651e-01
1.15827700e+04 1.84926440e+00 1.11143594e+00 1.95083364e+00 8.99962284e-01
1.15828700e+04 1.84823590e+00 1.11079332e+00 1.95085158e+00 8.99441898e-01
1.15829700e+04 1.84723840e+00 1.11016975e+00 1.95086952e+00 8.98936927e-01
1.15830700e+04 1.84627680e+00 1.10956822e+00 1.95088747e+00 8.98449809e-01
1.15831700e+04 1.84535620e+00 1.10899187e+00 1.95090541e+00 8.97983080e-01
1.15832700e+04 1.84448110e+00 1.10844347e+00 1.95092335e+00 8.97538979e-01
1.15833700e+04 1.84365620e+00 1.10792590e+00 1.95094130e+00 8.97119841e-01
1.15834700e+04 1.84288590e+00 1.10744185e+00 1.95095924e+00 8.96727856e-01
1.15835700e+04 1.84217450e+00 1.10699399e+00 1.95097718e+00 8.96365161e-01
1.15836700e+04 1.84152590e+00 1.10658469e+00 1.95099513e+00 8.96033696e-01
1.15837700e+04 1.84094410e+00 1.10621641e+00 1.95101307e+00 8.95735450e-01
1.15838700e+04 1.84043250e+00 1.10589125e+00 1.95103101e+00 8.95472115e-01
1.15839700e+04 1.83999450e+00 1.10561129e+00 1.95104896e+00 8.95245380e-01
1.15840700e+04 1.83963320e+00 1.10537844e+00 1.95106690e+00 8.95056788e-01
1.15841700e+04 1.83935140e+00 1.10519440e+00 1.95108484e+00 8.94907730e-01
1.15842700e+04 1.83915170e+00 1.10506080e+00 1.95110279e+00 8.94799500e-01
1.15843700e+04 1.83903640e+00 1.10497902e+00 1.95112073e+00 8.94733242e-01
1.15844700e+04 1.83900740e+00 1.10495025e+00 1.95113867e+00 8.94709900e-01
1.15845700e+04 1.83906660e+00 1.10497564e+00 1.95115662e+00 8.94730419e-01
1.15846700e+04 1.83921530e+00 1.10505600e+00 1.95117456e+00 8.94795446e-01
1.15847700e+04 1.83945480e+00 1.10519213e+00 1.95119250e+00 8.94905628e-01
1.15848700e+04 1.83978600e+00 1.10538457e+00 1.95121045e+00 8.95061411e-01
1.15849700e+04 1.84020960e+00 1.10563376e+00 1.95122839e+00 8.95263143e-01
1.15850700e+04 1.84072580e+00 1.10593982e+00 1.95124633e+00 8.95510926e-01
1.15851700e+04 1.84133500e+00 1.10630299e+00 1.95126428e+00 8.95804956e-01
1.15852700e+04 1.84203710e+00 1.10672322e+00 1.95128222e+00 8.96145185e-01
1.15853700e+04 1.84283170e+00 1.10720026e+00 1.95130016e+00 8.96531413e-01
1.15854700e+04 1.84371840e+00 1.10773386e+00 1.95131811e+00 8.96963442e-01
1.15855700e+04 1.84469640e+00 1.10832353e+00 1.95133605e+00 8.97440874e-01
1.15856700e+04 1.84576500e+00 1.10896885e+00 1.95135399e+00 8.97963360e-01
1.15857700e+04 1.84692300e+00 1.10966907e+00 1.95137194e+00 8.98530304e-01
1.15858700e+04 1.84816930e+00 1.11042352e+00 1.95138988e+00 8.99141159e-01
1.15859700e+04 1.84950260e+00 1.11123140e+00 1.95140782e+00 8.99795279e-01
1.15860700e+04 1.85092160e+00 1.11209191e+00 1.95142577e+00 9.00492016e-01
1.15861700e+04 1.85242460e+00 1.11300401e+00 1.95144371e+00 9.01230526e-01
1.15862700e+04 1.85401010e+00 1.11396678e+00 1.95146165e+00 9.02010063e-01
1.15863700e+04 1.85567650e+00 1.11497923e+00 1.95147960e+00 9.02829830e-01
1.15864700e+04 1.85742210e+00 1.11604032e+00 1.95149754e+00 9.03688983e-01
1.15865700e+04 1.85924520e+00 1.11714901e+00 1.95151548e+00 9.04586676e-01
1.15866700e+04 1.86114410e+00 1.11830425e+00 1.95153342e+00 9.05522064e-01
1.15867700e+04 1.86311710e+00 1.11950500e+00 1.95155137e+00 9.06494301e-01
1.15868700e+04 1.86516240e+00 1.12075015e+00 1.95156931e+00 9.07502492e-01
1.15869700e+04 1.86727850e+00 1.12203879e+00 1.95158725e+00 9.08545891e-01
1.15870700e+04 1.86946370e+00 1.12336986e+00 1.95160520e+00 9.09623653e-01
1.15871700e+04 1.87171640e+00 1.12474239e+00 1.95162314e+00 9.10734982e-01
1.15872700e+04 1.87403510e+00 1.12615545e+00 1.95164108e+00 9.11879132e-01
1.15873700e+04 1.87641840e+00 1.12760818e+00 1.95165903e+00 9.13055408e-01
1.15874700e+04 1.87886470e+00 1.12909961e+00 1.95167697e+00 9.14263012e-01
1.15875700e+04 1.88137270e+00 1.13062892e+00 1.95169491e+00 9.15501300e-01
1.15876700e+04 1.88394120e+00 1.13219540e+00 1.95171286e+00 9.16769673e-01
1.15877700e+04 1.88656880e+00 1.13379817e+00 1.95173080e+00 9.18067437e-01
1.15878700e+04 1.88925430e+00 1.13543650e+00 1.95174874e+00 9.19393993e-01
1.15879700e+04 1.89199650e+00 1.13710965e+00 1.95176669e+00 9.20748746e-01
1.15880700e+04 1.89479430e+00 1.13881695e+00 1.95178463e+00 9.22131148e-01
1.15881700e+04 1.89764640e+00 1.14055760e+00 1.95180257e+00 9.23540553e-01
1.15882700e+04 1.90055180e+00 1.14233098e+00 1.95182052e+00 9.24976463e-01
1.15883700e+04 1.90350920e+00 1.14413629e+00 1.95183846e+00 9.26438232e-01
1.15884700e+04 1.90651740e+00 1.14597281e+00 1.95185640e+00 9.27925264e-01
1.15885700e+04 1.90957520e+00 1.14783979e+00 1.95187435e+00 9.29436961e-01
1.15886700e+04 1.91268110e+00 1.14973630e+00 1.95189229e+00 9.30972578e-01
1.15887700e+04 1.91583390e+00 1.15166162e+00 1.95191023e+00 9.32531518e-01
1.15888700e+04 1.91903190e+00 1.15361471e+00 1.95192818e+00 9.34112935e-01
1.15889700e+04 1.92227360e+00 1.15559462e+00 1.95194612e+00 9.35716084e-01
1.15890700e+04 1.92555720e+00 1.15760028e+00 1.95196406e+00 9.37340069e-01
1.15891700e+04 1.92888080e+00 1.15963049e+00 1.95198201e+00 9.38983945e-01
1.15892700e+04 1.93224240e+00 1.16168405e+00 1.95199995e+00 9.40646719e-01
1.15893700e+04 1.93563990e+00 1.16375965e+00 1.95201789e+00 9.42327345e-01
1.15894700e+04 1.93907070e+00 1.16585570e+00 1.95203584e+00 9.44024531e-01
1.15895700e+04 1.94253240e+00 1.16797074e+00 1.95205378e+00 9.45737083e-01
1.15896700e+04 1.94602220e+00 1.17010302e+00 1.95207172e+00 9.47463608e-01
1.15897700e+04 1.94953710e+00 1.17225073e+00 1.95208967e+00 9.49202616e-01
1.15898700e+04 1.95307410e+00 1.17441200e+00 1.95210761e+00 9.50952613e-01
1.15899700e+04 1.95662980e+00 1.17658477e+00 1.95212555e+00 9.52711910e-01
1.15900700e+04 1.96020060e+00 1.17876680e+00 1.95214350e+00 9.54478715e-01
1.15901700e+04 1.96378280e+00 1.18095584e+00 1.95216144e+00 9.56251190e-01
1.15902700e+04 1.96737240e+00 1.18314942e+00 1.95217938e+00 9.58027344e-01
1.15903700e+04 1.97096550e+00 1.18534515e+00 1.95219733e+00 9.59805239e-01
1.15904700e+04 1.97455750e+00 1.18754020e+00 1.95221527e+00 9.61582586e-01
1.15905700e+04 1.97814420e+00 1.18973200e+00 1.95223321e+00 9.63357298e-01
1.15906700e+04 1.98172090e+00 1.19191766e+00 1.95225116e+00 9.65127036e-01
1.15907700e+04 1.98528270e+00 1.19409417e+00 1.95226910e+00 9.66889365e-01
1.15908700e+04 1.98882480e+00 1.19625857e+00 1.95228704e+00 9.68641897e-01
1.15909700e+04 1.99234220e+00 1.19840781e+00 1.95230499e+00 9.70382146e-01
1.15910700e+04 1.99582970e+00 1.20053869e+00 1.95232293e+00 9.72107525e-01
1.15911700e+04 1.99928220e+00 1.20264807e+00 1.95234087e+00 9.73815499e-01
1.15912700e+04 2.00269450e+00 1.20473276e+00 1.95235882e+00 9.75503482e-01
1.15913700e+04 2.00606130e+00 1.20678951e+00 1.95237676e+00 9.77168838e-01
1.15914700e+04 2.00937720e+00 1.20881500e+00 1.95239470e+00 9.78808882e-01
1.15915700e+04 2.01263710e+00 1.21080610e+00 1.95241265e+00 9.80421077e-01
1.15916700e+04 2.01583570e+00 1.21275955e+00 1.95243059e+00 9.82002788e-01
1.15917700e+04 2.01896800e+00 1.21467228e+00 1.95244853e+00 9.83551529e-01
1.15918700e+04 2.02202870e+00 1.21654103e+00 1.95246648e+00 9.85064663e-01
1.15919700e+04 2.02501320e+00 1.21836299e+00 1.95248442e+00 9.86539904e-01
1.15920700e+04 2.02791650e+00 1.22013509e+00 1.95250236e+00 9.87974764e-01
1.15921700e+04 2.03073420e+00 1.22185461e+00 1.95252031e+00 9.89367056e-01
1.15922700e+04 2.03346180e+00 1.22351879e+00 1.95253825e+00 9.90714543e-01
1.15923700e+04 2.03609520e+00 1.22512512e+00 1.95255619e+00 9.92015184e-01
1.15924700e+04 2.03863050e+00 1.22667121e+00 1.95257414e+00 9.93267041e-01
1.15925700e+04 2.04106420e+00 1.22815490e+00 1.95259208e+00 9.94468373e-01
1.15926700e+04 2.04339290e+00 1.22957410e+00 1.95261002e+00 9.95617489e-01
1.15927700e+04 2.04561370e+00 1.23092703e+00 1.95262797e+00 9.96712947e-01
1.15928700e+04 2.04772380e+00 1.23221198e+00 1.95264591e+00 9.97753356e-01
1.15929700e+04 2.04972110e+00 1.23342766e+00 1.95266385e+00 9.98737669e-01
1.15930700e+04 2.05160360e+00 1.23457283e+00 1.95268180e+00 9.99664894e-01
1.15931700e+04 2.05336980e+00 1.23564657e+00 1.95269974e+00 1.00053428e+00
1.15932700e+04 2.05501840e+00 1.23664809e+00 1.95271768e+00 1.00134519e+00
1.15933700e+04 2.05654860e+00 1.23757689e+00 1.95273563e+00 1.00209722e+00
1.15934700e+04 2.05796010e+00 1.23843280e+00 1.95275357e+00 1.00279022e+00
1.15935700e+04 2.05925280e+00 1.23921575e+00 1.95277151e+00 1.00342414e+00
1.15936700e+04 2.06042710e+00 1.23992598e+00 1.95278946e+00 1.00399919e+00
1.15937700e+04 2.06148350e+00 1.24056380e+00 1.95280740e+00 1.00451560e+00
1.15938700e+04 2.06242310e+00 1.24112989e+00 1.95282534e+00 1.00497393e+00
1.15939700e+04 2.06324740e+00 1.24162517e+00 1.95284329e+00 1.00537492e+00
1.15940700e+04 2.06392830e+00 1.24203237e+00 1.95286123e+00 1.00570460e+00
1.15941700e+04 2.06445220e+00 1.24234316e+00 1.95287917e+00 1.00595620e+00
1.15942700e+04 2.06485490e+00 1.24257952e+00 1.95289712e+00 1.00614754e+00
1.15943700e+04 2.06516940e+00 1.24276170e+00 1.95291506e+00 1.00629501e+00
1.15944700e+04 2.06548090e+00 1.24294205e+00 1.95293300e+00 1.00644099e+00
1.15945700e+04 2.06572060e+00 1.24307829e+00 1.95295095e+00 1.00655126e+00
1.15946700e+04 2.06582060e+00 1.24312874e+00 1.95296889e+00 1.00659207e+00
1.15947700e+04 2.06578770e+00 1.24309758e+00 1.95298683e+00 1.00656678e+00
1.15948700e+04 2.06562600e+00 1.24298730e+00 1.95300478e+00 1.00647744e+00
1.15949700e+04 2.06546130e+00 1.24287519e+00 1.95302272e+00 1.00638661e+00
1.15950700e+04 2.06523650e+00 1.24272617e+00 1.95304066e+00 1.00626590e+00
1.15951700e+04 2.06489880e+00 1.24250781e+00 1.95305861e+00 1.00608904e+00
1.15952700e+04 2.06445500e+00 1.24222428e+00 1.95307655e+00 1.00585941e+00
1.15953700e+04 2.06390860e+00 1.24187775e+00 1.95309449e+00 1.00557877e+00
1.15954700e+04 2.06335950e+00 1.24152956e+00 1.95311244e+00 1.00529678e+00
1.15955700e+04 2.06276430e+00 1.24115305e+00 1.95313038e+00 1.00499187e+00
1.15956700e+04 2.06208470e+00 1.24072472e+00 1.95314832e+00 1.00464498e+00
1.15957700e+04 2.06132730e+00 1.24024860e+00 1.95316627e+00 1.00425941e+00
1.15958700e+04 2.06049520e+00 1.23972660e+00 1.95318421e+00 1.00383669e+00
1.15959700e+04 2.05966120e+00 1.23920344e+00 1.95320215e+00 1.00341302e+00
1.15960700e+04 2.05879560e+00 1.23866087e+00 1.95322009e+00 1.00297364e+00
1.15961700e+04 2.05787380e+00 1.23808378e+00 1.95323804e+00 1.00250632e+00
1.15966700e+04 2.05275000e+00 1.23488220e+00 1.95332775e+00 9.99913673e-01
1.15971700e+04 2.04715400e+00 1.23139061e+00 1.95341747e+00 9.97086212e-01
1.15976700e+04 2.04146110e+00 1.22783951e+00 1.95350719e+00 9.94210565e-01
1.15981700e+04 2.03596730e+00 1.22441069e+00 1.95359690e+00 9.91433930e-01
1.15986700e+04 2.03088020e+00 1.22123164e+00 1.95368662e+00 9.88859543e-01
1.15991700e+04 2.02631520e+00 1.21837324e+00 1.95377634e+00 9.86544793e-01
1.15996700e+04 2.02229790e+00 1.21585121e+00 1.95386605e+00 9.84502409e-01
1.16001700e+04 2.01877430e+00 1.21363238e+00 1.95395577e+00 9.82705538e-01
1.16006700e+04 2.01562870e+00 1.21164570e+00 1.95404549e+00 9.81096643e-01
1.16011700e+04 2.01270900e+00 1.20979776e+00 1.95413520e+00 9.79600086e-01
1.16016700e+04 2.00985710e+00 1.20799145e+00 1.95422492e+00 9.78137246e-01
1.16021700e+04 2.00693890e+00 1.20614443e+00 1.95431464e+00 9.76641437e-01
1.16026700e+04 2.00387000e+00 1.20420485e+00 1.95440435e+00 9.75070686e-01
1.16031700e+04 2.00063090e+00 1.20216075e+00 1.95449407e+00 9.73415299e-01
1.16036700e+04 1.99727060e+00 1.20004221e+00 1.95458379e+00 9.71699640e-01
1.16041700e+04 1.99389900e+00 1.19791673e+00 1.95467350e+00 9.69978363e-01
1.16046700e+04 1.99067180e+00 1.19587994e+00 1.95476322e+00 9.68328896e-01
1.16051700e+04 1.98777180e+00 1.19404409e+00 1.95485294e+00 9.66842141e-01
1.16056700e+04 1.98539090e+00 1.19252705e+00 1.95494265e+00 9.65613530e-01
1.16061700e+04 1.98371470e+00 1.19144280e+00 1.95503237e+00 9.64735358e-01
1.16066700e+04 1.98290980e+00 1.19089366e+00 1.95512208e+00 9.64290472e-01
1.16071700e+04 1.98311430e+00 1.19096443e+00 1.95521180e+00 9.64347549e-01
1.16076700e+04 1.98443030e+00 1.19171783e+00 1.95530152e+00 9.64957361e-01
1.16081700e+04 1.98692040e+00 1.19319230e+00 1.95539123e+00 9.66151038e-01
1.16086700e+04 1.99060540e+00 1.19540062e+00 1.95548095e+00 9.67938923e-01
1.16091700e+04 1.99546520e+00 1.19833044e+00 1.95557067e+00 9.70311019e-01
1.16096700e+04 2.00144200e+00 1.20194626e+00 1.95566038e+00 9.73238584e-01
1.16101700e+04 2.00844570e+00 1.20619274e+00 1.95575010e+00 9.76676811e-01
1.16106700e+04 2.01636080e+00 1.21099897e+00 1.95583982e+00 9.80568263e-01
1.16111700e+04 2.02505400e+00 1.21628306e+00 1.95592953e+00 9.84846652e-01
1.16116700e+04 2.03438170e+00 1.22195682e+00 1.95601925e+00 9.89440568e-01
1.16121700e+04 2.04419560e+00 1.22792919e+00 1.95610897e+00 9.94276262e-01
1.16126700e+04 2.05434630e+00 1.23410840e+00 1.95619868e+00 9.99279439e-01
1.16131700e+04 2.06468290e+00 1.24040178e+00 1.95628840e+00 1.00437506e+00
1.16136700e+04 2.07505240e+00 1.24671536e+00 1.95637812e+00 1.00948704e+00
1.16141700e+04 2.08529760e+00 1.25295261e+00 1.95646783e+00 1.01453720e+00
1.16146700e+04 2.09525770e+00 1.25901476e+00 1.95655755e+00 1.01944559e+00
1.16151700e+04 2.10477170e+00 1.26480295e+00 1.95664726e+00 1.02413213e+00
1.16156700e+04 2.11368410e+00 1.27022166e+00 1.95673698e+00 1.02851951e+00
1.16161700e+04 2.12185260e+00 1.27518350e+00 1.95682670e+00 1.03253695e+00
1.16166700e+04 2.12915350e+00 1.27961252e+00 1.95691641e+00 1.03612294e+00
1.16171700e+04 2.13548600e+00 1.28344679e+00 1.95700613e+00 1.03922737e+00
1.16176700e+04 2.14077250e+00 1.28663866e+00 1.95709585e+00 1.04181163e+00
1.16181700e+04 2.14495780e+00 1.28915424e+00 1.95718556e+00 1.04384828e+00
1.16186700e+04 2.14800820e+00 1.29097282e+00 1.95727528e+00 1.04532056e+00
1.16191700e+04 2.14991080e+00 1.29208647e+00 1.95736500e+00 1.04622205e+00
1.16196700e+04 2.15067390e+00 1.29250031e+00 1.95745471e+00 1.04655689e+00
1.16201700e+04 2.15032810e+00 1.29223312e+00 1.95754443e+00 1.04634029e+00
1.16206700e+04 2.14892610e+00 1.29131727e+00 1.95763415e+00 1.04559846e+00
1.16211700e+04 2.14654050e+00 1.28979734e+00 1.95772386e+00 1.04436751e+00
1.16216700e+04 2.14326170e+00 1.28772886e+00 1.95781358e+00 1.04269237e+00
1.16221700e+04 2.13919310e+00 1.28517532e+00 1.95790330e+00 1.04062449e+00
1.16226700e+04 2.13444670e+00 1.28220551e+00 1.95799301e+00 1.03821954e+00
1.16231700e+04 2.12913930e+00 1.27889117e+00 1.95808273e+00 1.03553563e+00
1.16236700e+04 2.12338880e+00 1.27530469e+00 1.95817245e+00 1.03263136e+00
1.16241700e+04 2.11730110e+00 1.27151113e+00 1.95826216e+00 1.02955941e+00
1.16246700e+04 2.11100670e+00 1.26759062e+00 1.95835188e+00 1.02638468e+00
1.16251700e+04 2.10462280e+00 1.26361515e+00 1.95844159e+00 1.02316544e+00
1.16256700e+04 2.09827390e+00 1.25966117e+00 1.95853131e+00 1.01996361e+00
1.16261700e+04 2.09190900e+00 1.25569736e+00 1.95862103e+00 1.01675382e+00
1.16271700e+04 2.07983740e+00 1.24817398e+00 1.95880046e+00 1.01066156e+00
1.16281700e+04 2.06889050e+00 1.24134134e+00 1.95897989e+00 1.00512860e+00
1.16291700e+04 2.05930680e+00 1.23534590e+00 1.95915933e+00 1.00027355e+00
1.16301700e+04 2.05107680e+00 1.23018183e+00 1.95933876e+00 9.96091662e-01
1.16311700e+04 2.04398750e+00 1.22571831e+00 1.95951819e+00 9.92477032e-01
1.16321700e+04 2.03770430e+00 1.22174987e+00 1.95969763e+00 9.89263264e-01
1.16331700e+04 2.03186830e+00 1.21805607e+00 1.95987706e+00 9.86271883e-01
1.16341700e+04 2.02618450e+00 1.21445574e+00 1.96005649e+00 9.83356191e-01
1.16351700e+04 2.02048180e+00 1.21084380e+00 1.96023592e+00 9.80431103e-01
1.16361700e+04 2.01473010e+00 1.20720178e+00 1.96041536e+00 9.77481652e-01
1.16371700e+04 2.00901190e+00 1.20358032e+00 1.96059479e+00 9.74548862e-01
1.16381700e+04 2.00346310e+00 1.20006291e+00 1.96077422e+00 9.71700314e-01
1.16391700e+04 1.99821000e+00 1.19672709e+00 1.96095366e+00 9.68998815e-01
1.16401700e+04 1.99332680e+00 1.19361845e+00 1.96113309e+00 9.66481262e-01
1.16411700e+04 1.98882870e+00 1.19074632e+00 1.96131252e+00 9.64155213e-01
1.16421700e+04 1.98469490e+00 1.18809792e+00 1.96149196e+00 9.62010326e-01
1.16431700e+04 1.98090740e+00 1.18566220e+00 1.96167139e+00 9.60037649e-01
1.16441700e+04 1.97748880e+00 1.18345304e+00 1.96185082e+00 9.58248419e-01
1.16451700e+04 1.97452550e+00 1.18152350e+00 1.96203025e+00 9.56685602e-01
1.16461700e+04 1.97217140e+00 1.17996810e+00 1.96220969e+00 9.55425728e-01
1.16471700e+04 1.97062990e+00 1.17891176e+00 1.96238912e+00 9.54569944e-01
1.16481700e+04 1.97011990e+00 1.17848891e+00 1.96256855e+00 9.54227102e-01
1.16491700e+04 1.97083610e+00 1.17881913e+00 1.96274799e+00 9.54494023e-01
1.16501700e+04 1.97291160e+00 1.17998415e+00 1.96292742e+00 9.55436892e-01
1.16511700e+04 1.97639230e+00 1.18201218e+00 1.96310685e+00 9.57078533e-01
1.16521700e+04 1.98122420e+00 1.18487005e+00 1.96328629e+00 9.59392094e-01
1.16531700e+04 1.98725320e+00 1.18846311e+00 1.96346572e+00 9.62300942e-01
1.16541700e+04 1.99423620e+00 1.19264206e+00 1.96364515e+00 9.65684189e-01
1.16551700e+04 2.00186390e+00 1.19721696e+00 1.96382458e+00 9.69388026e-01
1.16561700e+04 2.00979160e+00 1.20197610e+00 1.96400402e+00 9.73241043e-01
1.16571700e+04 2.01767560e+00 1.20670841e+00 1.96418345e+00 9.77072325e-01
1.16581700e+04 2.02520700e+00 1.21122416e+00 1.96436288e+00 9.80728264e-01
1.16591700e+04 2.03213570e+00 1.21536977e+00 1.96454232e+00 9.84084491e-01
1.16601700e+04 2.03828320e+00 1.21903561e+00 1.96472175e+00 9.87052245e-01
1.16611700e+04 2.04354270e+00 1.22215608e+00 1.96490118e+00 9.89578416e-01
1.16621700e+04 2.04787280e+00 1.22470577e+00 1.96508062e+00 9.91642417e-01
1.16631700e+04 2.05128540e+00 1.22669197e+00 1.96526005e+00 9.93250168e-01
1.16641700e+04 2.05383350e+00 1.22814725e+00 1.96543948e+00 9.94428023e-01
1.16651700e+04 2.05559780e+00 1.22912115e+00 1.96561891e+00 9.95216115e-01
1.16661700e+04 2.05667480e+00 1.22967296e+00 1.96579835e+00 9.95662430e-01
1.16671700e+04 2.05716410e+00 1.22986382e+00 1.96597778e+00 9.95816497e-01
1.16681700e+04 2.05715960e+00 1.22975142e+00 1.96615721e+00 9.95725010e-01
1.16691700e+04 2.05674230e+00 1.22938551e+00 1.96633665e+00 9.95428249e-01
1.16701700e+04 2.05597840e+00 1.22880672e+00 1.96651608e+00 9.94959134e-01
1.16711700e+04 2.05492020e+00 1.22804720e+00 1.96669551e+00 9.94343672e-01
1.16721700e+04 2.05361160e+00 1.22713389e+00 1.96687494e+00 9.93603694e-01
1.16731700e+04 2.05209290e+00 1.22609155e+00 1.96705438e+00 9.92759240e-01
1.16741700e+04 2.05040710e+00 1.22494658e+00 1.96723381e+00 9.91831692e-01
1.16751700e+04 2.04860370e+00 1.22372939e+00 1.96741324e+00 9.90845667e-01
1.16761700e+04 2.04674140e+00 1.22247603e+00 1.96759268e+00 9.89830353e-01
1.16771700e+04 2.04488930e+00 1.22122893e+00 1.96777211e+00 9.88820112e-01
1.16781700e+04 2.04312640e+00 1.22003662e+00 1.96795154e+00 9.87854228e-01
1.16791700e+04 2.04153840e+00 1.21895172e+00 1.96813098e+00 9.86975319e-01
1.16801700e+04 2.04021200e+00 1.21802747e+00 1.96831041e+00 9.86226495e-01
1.16811700e+04 2.03922620e+00 1.21731241e+00 1.96848984e+00 9.85647043e-01
1.16821700e+04 2.03864210e+00 1.21684405e+00 1.96866927e+00 9.85267344e-01
1.16831700e+04 2.03849220e+00 1.21664236e+00 1.96884871e+00 9.85103560e-01
1.16841700e+04 2.03877230e+00 1.21670475e+00 1.96902814e+00 9.85153602e-01
1.16851700e+04 2.03943660e+00 1.21700309e+00 1.96920757e+00 9.85394695e-01
1.16861700e+04 2.04039630e+00 1.21748285e+00 1.96938701e+00 9.85782681e-01
1.16871700e+04 2.04152320e+00 1.21806530e+00 1.96956644e+00 9.86253809e-01
1.16881700e+04 2.04265620e+00 1.21865149e+00 1.96974587e+00 9.86727971e-01
1.16891700e+04 2.04361130e+00 1.21912843e+00 1.96992531e+00 9.87113667e-01
1.16901700e+04 2.04419290e+00 1.21937598e+00 1.97010474e+00 9.87313635e-01
1.16911700e+04 2.04420770e+00 1.21927544e+00 1.97028417e+00 9.87231750e-01
1.16921700e+04 2.04347940e+00 1.21871852e+00 1.97046360e+00 9.86780347e-01
1.16931700e+04 2.04186170e+00 1.21761538e+00 1.97064304e+00 9.85886674e-01
1.16941700e+04 2.03925110e+00 1.21590245e+00 1.97082247e+00 9.84499267e-01
1.16951700e+04 2.03559530e+00 1.21354761e+00 1.97100190e+00 9.82592118e-01
1.16961700e+04 2.03089780e+00 1.21055302e+00 1.97118134e+00 9.80166968e-01
1.16971700e+04 2.02521800e+00 1.20695515e+00 1.97136077e+00 9.77253356e-01
1.16981700e+04 2.01866680e+00 1.20282211e+00 1.97154020e+00 9.73906430e-01
1.16991700e+04 2.01139760e+00 1.19824811e+00 1.97171964e+00 9.70202470e-01
1.17001700e+04 2.00359530e+00 1.19334671e+00 1.97189907e+00 9.66233422e-01
1.17011700e+04 1.99546400e+00 1.18824326e+00 1.97207850e+00 9.62100777e-01
1.17021700e+04 1.98721510e+00 1.18306758e+00 1.97225793e+00 9.57909658e-01
1.17031700e+04 1.97905630e+00 1.17794724e+00 1.97243737e+00 9.53763347e-01
1.17041700e+04 1.97118370e+00 1.17300267e+00 1.97261680e+00 9.49759356e-01
1.17051700e+04 1.96377610e+00 1.16834367e+00 1.97279623e+00 9.45986597e-01
1.17061700e+04 1.95699050e+00 1.16406668e+00 1.97297567e+00 9.42523140e-01
1.17071700e+04 1.95096010e+00 1.16025349e+00 1.97315510e+00 9.39435220e-01
1.17081700e+04 1.94579230e+00 1.15697006e+00 1.97333453e+00 9.36776242e-01
1.17091700e+04 1.94156740e+00 1.15426571e+00 1.97351397e+00 9.34586136e-01
1.17101700e+04 1.93833730e+00 1.15217232e+00 1.97369340e+00 9.32890709e-01
1.17111700e+04 1.93612540e+00 1.15070425e+00 1.97387283e+00 9.31701597e-01
1.17121700e+04 1.93492680e+00 1.14985850e+00 1.97405226e+00 9.31016362e-01
1.17131700e+04 1.93471020e+00 1.14961584e+00 1.97423170e+00 9.30819439e-01
1.17141700e+04 1.93542090e+00 1.14994268e+00 1.97441113e+00 9.31083628e-01
1.17151700e+04 1.93698440e+00 1.15079326e+00 1.97459056e+00 9.31771880e-01
1.17161700e+04 1.93931050e+00 1.15211220e+00 1.97477000e+00 9.32839344e-01
1.17171700e+04 1.94229710e+00 1.15383677e+00 1.97494943e+00 9.34235248e-01
1.17181700e+04 1.94583430e+00 1.15589950e+00 1.97512886e+00 9.35904942e-01
1.17191700e+04 1.94980630e+00 1.15822926e+00 1.97530830e+00 9.37790844e-01
1.17201700e+04 1.95409450e+00 1.16075321e+00 1.97548773e+00 9.39833978e-01
1.17211700e+04 1.95857890e+00 1.16339766e+00 1.97566716e+00 9.41974672e-01
1.17221700e+04 1.96314030e+00 1.16608940e+00 1.97584659e+00 9.44153653e-01
1.17231700e+04 1.96766240e+00 1.16875700e+00 1.97602603e+00 9.46313090e-01
1.17241700e+04 1.97203430e+00 1.17133236e+00 1.97620546e+00 9.48397837e-01
1.17251700e+04 1.97615210e+00 1.17375166e+00 1.97638489e+00 9.50356227e-01
1.17261700e+04 1.97992140e+00 1.17595693e+00 1.97656433e+00 9.52141321e-01
1.17271700e+04 1.98325810e+00 1.17789652e+00 1.97674376e+00 9.53711300e-01
1.17281700e+04 1.98609060e+00 1.17952646e+00 1.97692319e+00 9.55030559e-01
1.17291700e+04 1.98836080e+00 1.18081106e+00 1.97710263e+00 9.56070208e-01
1.17301700e+04 1.99002570e+00 1.18172392e+00 1.97728206e+00 9.56808866e-01
1.17311700e+04 1.99105970e+00 1.18224931e+00 1.97746149e+00 9.57233803e-01
1.17321700e+04 1.99145600e+00 1.18238306e+00 1.97764092e+00 9.57341638e-01
1.17331700e+04 1.99122880e+00 1.18213389e+00 1.97782036e+00 9.57139434e-01
1.17341700e+04 1.99041470e+00 1.18152428e+00 1.97799979e+00 9.56645389e-01
1.17351700e+04 1.98907310e+00 1.18059071e+00 1.97817922e+00 9.55889042e-01
1.17361700e+04 1.98728590e+00 1.17938347e+00 1.97835866e+00 9.54911118e-01
1.17371700e+04 1.98515530e+00 1.17796533e+00 1.97853809e+00 9.53762437e-01
1.17381700e+04 1.98279970e+00 1.17640901e+00 1.97871752e+00 9.52501874e-01
1.17391700e+04 1.98034900e+00 1.17479428e+00 1.97889695e+00 9.51194024e-01
1.17401700e+04 1.97793730e+00 1.17320351e+00 1.97907639e+00 9.49905568e-01
1.17411700e+04 1.97569660e+00 1.17171775e+00 1.97925582e+00 9.48702144e-01
1.17421700e+04 1.97374810e+00 1.17041145e+00 1.97943525e+00 9.47644019e-01
1.17431700e+04 1.97219570e+00 1.16934841e+00 1.97961469e+00 9.46782857e-01
1.17441700e+04 1.97111930e+00 1.16857771e+00 1.97979412e+00 9.46158390e-01
1.17451700e+04 1.97056930e+00 1.16813029e+00 1.97997355e+00 9.45795678e-01
1.17461700e+04 1.97056350e+00 1.16801709e+00 1.98015299e+00 9.45703573e-01
1.17471700e+04 1.97108470e+00 1.16822755e+00 1.98033242e+00 9.45873520e-01
1.17481700e+04 1.97208230e+00 1.16873059e+00 1.98051185e+00 9.46280359e-01
1.17491700e+04 1.97347530e+00 1.16947646e+00 1.98069128e+00 9.46883811e-01
1.17501700e+04 1.97515840e+00 1.17040050e+00 1.98087072e+00 9.47631517e-01
1.17511700e+04 1.97700960e+00 1.17142777e+00 1.98105015e+00 9.48462809e-01
1.17521700e+04 1.97889880e+00 1.17247839e+00 1.98122958e+00 9.49312997e-01
1.17531700e+04 1.98069610e+00 1.17347256e+00 1.98140902e+00 9.50117486e-01
1.17541700e+04 1.98227880e+00 1.17433493e+00 1.98158845e+00 9.50815264e-01
1.17551700e+04 1.98353710e+00 1.17499808e+00 1.98176788e+00 9.51351733e-01
1.17561700e+04 1.98437820e+00 1.17540501e+00 1.98194732e+00 9.51680748e-01
1.17571700e+04 1.98472870e+00 1.17551063e+00 1.98212675e+00 9.51765811e-01
1.17581700e+04 1.98453580e+00 1.17528252e+00 1.98230618e+00 9.51580667e-01
1.17591700e+04 1.98376800e+00 1.17470135e+00 1.98248561e+00 9.51109654e-01
1.17601700e+04 1.98241400e+00 1.17376016e+00 1.98266505e+00 9.50347152e-01
1.17611700e+04 1.98048220e+00 1.17246411e+00 1.98284448e+00 9.49297340e-01
1.17621700e+04 1.97799780e+00 1.17082869e+00 1.98302391e+00 9.47972748e-01
1.17631700e+04 1.97500140e+00 1.16887882e+00 1.98320335e+00 9.46393566e-01
1.17641700e+04 1.97154530e+00 1.16664663e+00 1.98338278e+00 9.44585799e-01
1.17651700e+04 1.96769150e+00 1.16417019e+00 1.98356221e+00 9.42580277e-01
1.17661700e+04 1.96350880e+00 1.16149176e+00 1.98374165e+00 9.40411212e-01
1.17671700e+04 1.95907060e+00 1.15865642e+00 1.98392108e+00 9.38115102e-01
1.17681700e+04 1.95445310e+00 1.15571096e+00 1.98410051e+00 9.35729838e-01
1.17691700e+04 1.94973390e+00 1.15270303e+00 1.98427994e+00 9.33294005e-01
1.17701700e+04 1.94498990e+00 1.14967988e+00 1.98445938e+00 9.30845843e-01
1.17711700e+04 1.94029670e+00 1.14668793e+00 1.98463881e+00 9.28422944e-01
1.17721700e+04 1.93572660e+00 1.14377158e+00 1.98481824e+00 9.26061258e-01
1.17731700e+04 1.93134780e+00 1.14097272e+00 1.98499768e+00 9.23794698e-01
1.17741700e+04 1.92722330e+00 1.13833003e+00 1.98517711e+00 9.21654590e-01
1.17751700e+04 1.92341000e+00 1.13587846e+00 1.98535654e+00 9.19669228e-01
1.17761700e+04 1.91995820e+00 1.13364891e+00 1.98553598e+00 9.17863623e-01
1.17771700e+04 1.91691070e+00 1.13166766e+00 1.98571541e+00 9.16259056e-01
1.17781700e+04 1.91430270e+00 1.12995633e+00 1.98589484e+00 9.14873030e-01
1.17791700e+04 1.91216070e+00 1.12853119e+00 1.98607427e+00 9.13718723e-01
1.17801700e+04 1.91050230e+00 1.12740306e+00 1.98625371e+00 9.12804885e-01
1.17811700e+04 1.90933530e+00 1.12657671e+00 1.98643314e+00 9.12135395e-01
1.17821700e+04 1.90865720e+00 1.12605062e+00 1.98661257e+00 9.11709009e-01
1.17831700e+04 1.90845490e+00 1.12581674e+00 1.98679201e+00 9.11519212e-01
1.17841700e+04 1.90870530e+00 1.12586089e+00 1.98697144e+00 9.11554519e-01
1.17851700e+04 1.90937500e+00 1.12616255e+00 1.98715087e+00 9.11798320e-01
1.17861700e+04 1.91042100e+00 1.12669531e+00 1.98733031e+00 9.12229235e-01
1.17871700e+04 1.91179210e+00 1.12742774e+00 1.98750974e+00 9.12821803e-01
1.17881700e+04 1.91342940e+00 1.12832365e+00 1.98768917e+00 9.13546737e-01
1.17891700e+04 1.91526910e+00 1.12934386e+00 1.98786860e+00 9.14372313e-01
1.17901700e+04 1.91724410e+00 1.13044716e+00 1.98804804e+00 9.15265165e-01
1.17911700e+04 1.91928730e+00 1.13159235e+00 1.98822747e+00 9.16191928e-01
1.17921700e+04 1.92133390e+00 1.13273963e+00 1.98840690e+00 9.17120381e-01
1.17931700e+04 1.92332490e+00 1.13385277e+00 1.98858634e+00 9.18021186e-01
1.17941700e+04 1.92520870e+00 1.13490006e+00 1.98876577e+00 9.18868686e-01
1.17951700e+04 1.92694370e+00 1.13585597e+00 1.98894520e+00 9.19642195e-01
1.17961700e+04 1.92850000e+00 1.13670214e+00 1.98912463e+00 9.20326847e-01
1.17971700e+04 1.92986070e+00 1.13742817e+00 1.98930407e+00 9.20914237e-01
1.17981700e+04 1.93102360e+00 1.13803273e+00 1.98948350e+00 9.21403272e-01
1.17991700e+04 1.93200090e+00 1.13852330e+00 1.98966293e+00 9.21800019e-01
1.18001700e+04 1.93281970e+00 1.13891653e+00 1.98984237e+00 9.22117952e-01
1.18011700e+04 1.93351990e+00 1.13923692e+00 1.99002180e+00 9.22376913e-01
1.18021700e+04 1.93415150e+00 1.13951518e+00 1.99020123e+00 9.22601762e-01
1.18031700e+04 1.93477130e+00 1.13978619e+00 1.99038067e+00 9.22820744e-01
1.18041700e+04 1.93543740e+00 1.14008564e+00 1.99056010e+00 9.23062748e-01
1.18051700e+04 1.93620430e+00 1.14044700e+00 1.99073953e+00 9.23354873e-01
1.18061700e+04 1.93711770e+00 1.14089832e+00 1.99091896e+00 9.23719844e-01
1.18071700e+04 1.93820910e+00 1.14145897e+00 1.99109840e+00 9.24173323e-01
1.18081700e+04 1.93949180e+00 1.14213710e+00 1.99127783e+00 9.24721924e-01
1.18091700e+04 1.94095750e+00 1.14292762e+00 1.99145726e+00 9.25361519e-01
1.18101700e+04 1.94257460e+00 1.14381112e+00 1.99163670e+00 9.26076395e-01
1.18111700e+04 1.94428830e+00 1.14475395e+00 1.99181613e+00 9.26839304e-01
1.18121700e+04 1.94602520e+00 1.14571103e+00 1.99199556e+00 9.27613748e-01
1.18131700e+04 1.94770280e+00 1.14663169e+00 1.99217500e+00 9.28358705e-01
