# # source: .\new_experimental\interp_sim_XANESAds14.txt
# # site: sim_XANESAds14
# # columns: Energy(eV) Abs_raw Preedge_normalized PredictedPost_raw Final_normalized
# 
1.15262000e+04 3.73003587e-03 1.50292784e-02 6.34759530e-01 1.75441337e-02
1.15264000e+04 3.54490546e-03 1.46327258e-02 6.35732532e-01 1.70584356e-02
1.15266000e+04 3.36172707e-03 1.42387545e-02 6.36705535e-01 1.65770370e-02
1.15268000e+04 3.18050072e-03 1.38473644e-02 6.37678538e-01 1.60999207e-02
1.15270000e+04 2.99927437e-03 1.34559743e-02 6.38651540e-01 1.56240724e-02
1.15272000e+04 2.82211807e-03 1.30699662e-02 6.39624543e-01 1.51557280e-02
1.15274000e+04 2.64496176e-03 1.26839580e-02 6.40597546e-01 1.46886252e-02
1.15276000e+04 2.46992884e-03 1.23007577e-02 6.41570548e-01 1.42260061e-02
1.15278000e+04 2.29701929e-03 1.19203652e-02 6.42543551e-01 1.37678531e-02
1.15280000e+04 2.12410975e-03 1.15399727e-02 6.43516554e-01 1.33109097e-02
1.15282000e+04 1.95563291e-03 1.11654418e-02 6.44489556e-01 1.28619234e-02
1.15284000e+04 1.78715608e-03 1.07909108e-02 6.45462559e-01 1.24141193e-02
1.15286000e+04 1.62099408e-03 1.04194409e-02 6.46435561e-01 1.19710098e-02
1.15288000e+04 1.45714693e-03 1.00510319e-02 6.47408564e-01 1.15325762e-02
1.15290000e+04 1.29329979e-03 9.68262294e-03 6.48381567e-01 1.10952926e-02
1.15292000e+04 1.13429181e-03 9.32061300e-03 6.49354569e-01 1.06664775e-02
1.15294000e+04 9.75283842e-04 8.95860306e-03 6.50327572e-01 1.02387842e-02
1.15296000e+04 8.18806314e-04 8.59993922e-03 6.51300575e-01 9.81602759e-03
1.15298000e+04 6.64859230e-04 8.24462148e-03 6.52273577e-01 9.39818835e-03
1.15300000e+04 5.10912147e-04 7.88930374e-03 6.53246580e-01 8.98143795e-03
1.15302000e+04 3.62261369e-04 7.54098949e-03 6.54219583e-01 8.57373476e-03
1.15304000e+04 2.13610591e-04 7.19267525e-03 6.55192585e-01 8.16709123e-03
1.15306000e+04 6.77328263e-05 6.84802786e-03 6.56165588e-01 7.76566145e-03
1.15308000e+04 -7.53719242e-05 6.50704732e-03 6.57138591e-01 7.36942514e-03
1.15310000e+04 -2.18476675e-04 6.16606679e-03 6.58111593e-01 6.97421469e-03
1.15312000e+04 -3.55768690e-04 5.83277265e-03 6.59084596e-01 6.58870867e-03
1.15314000e+04 -4.93060706e-04 5.49947850e-03 6.60057599e-01 6.20419815e-03
1.15316000e+04 -6.27305103e-04 5.17021434e-03 6.61030601e-01 5.82521981e-03
1.15318000e+04 -7.58501882e-04 4.84498014e-03 6.62003604e-01 5.45175226e-03
1.15320000e+04 -8.89698661e-04 4.51974595e-03 6.62976607e-01 5.07924541e-03
1.15322000e+04 -1.01449803e-03 4.20297128e-03 6.63949609e-01 4.71719005e-03
1.15324000e+04 -1.13929741e-03 3.88619661e-03 6.64922612e-01 4.35606365e-03
1.15326000e+04 -1.26073731e-03 3.57386429e-03 6.65895615e-01 4.00083569e-03
1.15328000e+04 -1.37881774e-03 3.26597432e-03 6.66868617e-01 3.65148355e-03
1.15330000e+04 -1.49689816e-03 2.95808435e-03 6.67841620e-01 3.30302433e-03
1.15332000e+04 -1.60791606e-03 2.65953343e-03 6.68814623e-01 2.96586935e-03
1.15334000e+04 -1.71893395e-03 2.36098251e-03 6.69787625e-01 2.62957392e-03
1.15336000e+04 -1.82623701e-03 2.06734385e-03 6.70760628e-01 2.29959888e-03
1.15338000e+04 -1.92982523e-03 1.77861745e-03 6.71733630e-01 1.97592011e-03
1.15340000e+04 -2.03341346e-03 1.48989104e-03 6.72706633e-01 1.65306338e-03
1.15342000e+04 -2.12917896e-03 1.21150892e-03 6.73679636e-01 1.34248819e-03
1.15344000e+04 -2.22494445e-03 9.33126788e-04 6.74652638e-01 1.03269977e-03
1.15346000e+04 -2.31658835e-03 6.60194802e-04 6.75625641e-01 7.29719214e-04
1.15348000e+04 -2.40411065e-03 3.92712956e-04 6.76598644e-01 4.33520726e-04
1.15350000e+04 -2.49163294e-03 1.25231111e-04 6.77571646e-01 1.38069743e-04
1.15352000e+04 -2.57046087e-03 -1.30753857e-04 6.78544649e-01 -1.43977003e-04
1.15354000e+04 -2.64928880e-03 -3.86738824e-04 6.79517652e-01 -4.25313749e-04
1.15356000e+04 -2.72352727e-03 -6.36654987e-04 6.80490654e-01 -6.99277431e-04
1.15358000e+04 -2.79317629e-03 -8.80502347e-04 6.81463657e-01 -9.65895821e-04
1.15360000e+04 -2.86282530e-03 -1.12434971e-03 6.82436660e-01 -1.23184557e-03
1.15362000e+04 -2.92277510e-03 -1.35537144e-03 6.83409662e-01 -1.48309496e-03
1.15364000e+04 -2.98272490e-03 -1.58639318e-03 6.84382665e-01 -1.73371582e-03
1.15366000e+04 -3.03754498e-03 -1.81063169e-03 6.85355668e-01 -1.97630663e-03
1.15368000e+04 -3.08723533e-03 -2.02808699e-03 6.86328670e-01 -2.21089744e-03
1.15370000e+04 -3.13692567e-03 -2.24554228e-03 6.87301673e-01 -2.44490359e-03
1.15372000e+04 -3.17575223e-03 -2.44863199e-03 6.88274676e-01 -2.66270578e-03
1.15374000e+04 -3.21457879e-03 -2.65172171e-03 6.89247678e-01 -2.87996650e-03
1.15376000e+04 -3.24764805e-03 -2.84719832e-03 6.90220681e-01 -3.08842966e-03
1.15378000e+04 -3.27495999e-03 -3.03506185e-03 6.91193684e-01 -3.28812798e-03
1.15380000e+04 -3.30227194e-03 -3.22292537e-03 6.92166686e-01 -3.48733168e-03
1.15382000e+04 -3.31736480e-03 -3.39463116e-03 6.93139689e-01 -3.66858094e-03
1.15384000e+04 -3.33245767e-03 -3.56633694e-03 6.94112692e-01 -3.84938239e-03
1.15386000e+04 -3.34106030e-03 -3.72946046e-03 6.95085694e-01 -4.02048571e-03
1.15388000e+04 -3.34317270e-03 -3.88400172e-03 6.96058697e-01 -4.18192676e-03
1.15390000e+04 -3.34528510e-03 -4.03854297e-03 6.97031700e-01 -4.34297042e-03
1.15392000e+04 -3.33359099e-03 -4.17482737e-03 6.98004702e-01 -4.48400922e-03
1.15394000e+04 -3.32189688e-03 -4.31111177e-03 6.98977705e-01 -4.62470170e-03
1.15396000e+04 -3.30285147e-03 -4.43767529e-03 6.99950707e-01 -4.75463394e-03
1.15398000e+04 -3.27645477e-03 -4.55451793e-03 7.00923710e-01 -4.87384547e-03
1.15400000e+04 -3.25005807e-03 -4.67136056e-03 7.01896713e-01 -4.99276536e-03
1.15402000e+04 -3.20798432e-03 -4.76747288e-03 7.02869715e-01 -5.08926510e-03
1.15404000e+04 -3.16591058e-03 -4.86358520e-03 7.03842718e-01 -5.18552934e-03
1.15406000e+04 -3.11546803e-03 -4.94863114e-03 7.04815721e-01 -5.26977440e-03
1.15408000e+04 -3.05665667e-03 -5.02261071e-03 7.05788723e-01 -5.34204416e-03
1.15410000e+04 -2.99784532e-03 -5.09659027e-03 7.06761726e-01 -5.41413820e-03
1.15412000e+04 -2.92113833e-03 -5.14690580e-03 7.07734729e-01 -5.46094922e-03
1.15414000e+04 -2.84443134e-03 -5.19722133e-03 7.08707731e-01 -5.50764668e-03
1.15416000e+04 -2.75814434e-03 -5.23486885e-03 7.09680734e-01 -5.54082263e-03
1.15418000e+04 -2.66227732e-03 -5.25984837e-03 7.10653737e-01 -5.56052612e-03
1.15420000e+04 -2.56641030e-03 -5.28482789e-03 7.11626739e-01 -5.58018200e-03
1.15422000e+04 -2.44999755e-03 -5.28263906e-03 7.12599742e-01 -5.57113834e-03
1.15424000e+04 -2.33358481e-03 -5.28045024e-03 7.13572745e-01 -5.56211648e-03
1.15426000e+04 -2.20613961e-03 -5.26367279e-03 7.14545747e-01 -5.53776806e-03
1.15428000e+04 -2.06766196e-03 -5.23230673e-03 7.15518750e-01 -5.49814838e-03
1.15430000e+04 -1.92918431e-03 -5.20094068e-03 7.16491753e-01 -5.45862388e-03
1.15432000e+04 -1.76697177e-03 -5.13818912e-03 7.17464755e-01 -5.38629323e-03
1.15434000e+04 -1.60475923e-03 -5.07543756e-03 7.18437758e-01 -5.31413593e-03
1.15436000e+04 -1.42975917e-03 -4.99577662e-03 7.19410761e-01 -5.22446792e-03
1.15438000e+04 -1.24197161e-03 -4.89920628e-03 7.20383763e-01 -5.11735198e-03
1.15440000e+04 -1.05418405e-03 -4.80263595e-03 7.21356766e-01 -5.01049185e-03
1.15442000e+04 -8.38790020e-04 -4.66956059e-03 7.22329769e-01 -4.86584707e-03
1.15444000e+04 -6.23395989e-04 -4.53648522e-03 7.23302771e-01 -4.72154688e-03
1.15446000e+04 -3.93074977e-04 -4.38367137e-03 7.24275774e-01 -4.55707081e-03
1.15448000e+04 -1.47826982e-04 -4.21111903e-03 7.25248777e-01 -4.37249077e-03
1.15450000e+04 9.74210126e-05 -4.03856669e-03 7.26221779e-01 -4.18834890e-03
1.15452000e+04 3.75016911e-04 -3.82323955e-03 7.27194782e-01 -3.96033501e-03
1.15454000e+04 6.52612809e-04 -3.60791241e-03 7.28167784e-01 -3.73286112e-03
1.15456000e+04 9.47768495e-04 -3.36936532e-03 7.29140787e-01 -3.48192964e-03
1.15458000e+04 1.26048397e-03 -3.10759830e-03 7.30113790e-01 -3.20762369e-03
1.15460000e+04 1.57319944e-03 -2.84583127e-03 7.31086792e-01 -2.93396507e-03
1.15462000e+04 1.92412651e-03 -2.53353567e-03 7.32059795e-01 -2.60891947e-03
1.15464000e+04 2.27505358e-03 -2.22124007e-03 7.33032798e-01 -2.28463914e-03
1.15466000e+04 2.64681424e-03 -1.88139546e-03 7.34005800e-01 -1.93281937e-03
1.15468000e+04 3.03940848e-03 -1.51400185e-03 7.34978803e-01 -1.55355720e-03
1.15470000e+04 3.43200273e-03 -1.14660824e-03 7.35951806e-01 -1.17518480e-03
1.15472000e+04 3.87013900e-03 -7.18992756e-04 7.36924808e-01 -7.36048586e-04
1.15474000e+04 4.30827527e-03 -2.91377272e-04 7.37897811e-01 -2.97940195e-04
1.15476000e+04 4.77136167e-03 1.69230659e-04 7.38870814e-01 1.72840105e-04
1.15478000e+04 5.25939818e-03 6.62831036e-04 7.39843816e-01 6.76177878e-04
1.15480000e+04 5.74743470e-03 1.15643141e-03 7.40816819e-01 1.17834168e-03
1.15482000e+04 6.29028722e-03 1.72251698e-03 7.41789822e-01 1.75310811e-03
1.15484000e+04 6.83313974e-03 2.28860254e-03 7.42762824e-01 2.32653710e-03
1.15486000e+04 7.40618296e-03 2.89461035e-03 7.43735827e-01 2.93917012e-03
1.15488000e+04 8.00941688e-03 3.54054043e-03 7.44708830e-01 3.59087065e-03
1.15490000e+04 8.61265081e-03 4.18647050e-03 7.45681832e-01 4.24106000e-03
1.15492000e+04 9.28258695e-03 4.92060333e-03 7.46654835e-01 4.97899280e-03
1.15494000e+04 9.95252310e-03 5.65473617e-03 7.47627838e-01 5.71521841e-03
1.15496000e+04 1.06594137e-02 6.43773526e-03 7.48600840e-01 6.49907462e-03
1.15498000e+04 1.14032589e-02 7.26960062e-03 7.49573843e-01 7.33039650e-03
1.15500000e+04 1.21471040e-02 8.10146598e-03 7.50546846e-01 8.15980179e-03
1.15502000e+04 1.29731067e-02 9.04197125e-03 7.51519848e-01 9.09659330e-03
1.15504000e+04 1.37991094e-02 9.98247651e-03 7.52492851e-01 1.00312300e-02
1.15506000e+04 1.46709302e-02 1.09835687e-02 7.53465854e-01 1.10245323e-02
1.15508000e+04 1.55885691e-02 1.20452479e-02 7.54438856e-01 1.20762982e-02
1.15510000e+04 1.65062081e-02 1.31069271e-02 7.55411859e-01 1.31256532e-02
1.15512000e+04 1.75264233e-02 1.43042467e-02 7.56384861e-01 1.43082842e-02
1.15514000e+04 1.85466386e-02 1.55015663e-02 7.57357864e-01 1.54882105e-02
1.15516000e+04 1.96244836e-02 1.67750917e-02 7.58330867e-01 1.67414945e-02
1.15518000e+04 2.07599582e-02 1.81248229e-02 7.59303869e-01 1.80678853e-02
1.15520000e+04 2.18954329e-02 1.94745542e-02 7.60276872e-01 1.93912529e-02
1.15522000e+04 2.31609446e-02 2.09962381e-02 7.61249875e-01 2.08826300e-02
1.15524000e+04 2.44264563e-02 2.25179221e-02 7.62222877e-01 2.23706157e-02
1.15526000e+04 2.57656390e-02 2.41370237e-02 7.63195880e-01 2.39518921e-02
1.15528000e+04 2.71784925e-02 2.58535430e-02 7.64168883e-01 2.56261415e-02
1.15530000e+04 2.85913460e-02 2.75700624e-02 7.65141885e-01 2.72965966e-02
1.15532000e+04 3.01719124e-02 2.95083545e-02 7.66114888e-01 2.91825948e-02
1.15534000e+04 3.17524788e-02 3.14466466e-02 7.67087891e-01 3.10643284e-02
1.15536000e+04 3.34289615e-02 3.35117724e-02 7.68060893e-01 3.30669621e-02
1.15538000e+04 3.52013607e-02 3.57037319e-02 7.69033896e-01 3.51900867e-02
1.15540000e+04 3.69737598e-02 3.78956915e-02 7.70006899e-01 3.73084269e-02
1.15542000e+04 3.89667217e-02 4.03793090e-02 7.70979901e-01 3.97088137e-02
1.15544000e+04 4.09596835e-02 4.28629266e-02 7.71952904e-01 4.21038034e-02
1.15546000e+04 4.30801450e-02 4.55151415e-02 7.72925907e-01 4.46588395e-02
1.15548000e+04 4.53281061e-02 4.83359537e-02 7.73898909e-01 4.73733835e-02
1.15550000e+04 4.75760672e-02 5.11567660e-02 7.74871912e-01 5.00818445e-02
1.15552000e+04 5.01205893e-02 5.43697316e-02 7.75844915e-01 5.31677265e-02
1.15554000e+04 5.26651113e-02 5.75826971e-02 7.76817917e-01 5.62467087e-02
1.15556000e+04 5.53831736e-02 6.10251411e-02 7.77790920e-01 5.95427184e-02
1.15558000e+04 5.82747760e-02 6.46970636e-02 7.78763923e-01 6.30550292e-02
1.15560000e+04 6.11663785e-02 6.83689861e-02 7.79736925e-01 6.65595132e-02
1.15562000e+04 6.44669077e-02 7.25816473e-02 7.80709928e-01 7.05820378e-02
1.15564000e+04 6.77674370e-02 7.67943085e-02 7.81682931e-01 7.45956185e-02
1.15566000e+04 7.13105926e-02 8.13278033e-02 7.82655933e-01 7.89115869e-02
1.15568000e+04 7.50963747e-02 8.61821319e-02 7.83628936e-01 8.35289367e-02
1.15570000e+04 7.88821567e-02 9.10364604e-02 7.84601938e-01 8.81360541e-02
1.15572000e+04 8.32481336e-02 9.66580014e-02 7.85574941e-01 9.34749203e-02
1.15574000e+04 8.76141104e-02 1.02279542e-01 7.86547944e-01 9.88019813e-02
1.15576000e+04 9.23297185e-02 1.08363414e-01 7.87520946e-01 1.04563394e-01
1.15578000e+04 9.73949578e-02 1.14909615e-01 7.88493949e-01 1.10757720e-01
1.15580000e+04 1.02460197e-01 1.21455816e-01 7.89466952e-01 1.16938395e-01
1.15582000e+04 1.08375259e-01 1.29125768e-01 7.90439954e-01 1.24186227e-01
1.15584000e+04 1.14290321e-01 1.36795721e-01 7.91412957e-01 1.31418121e-01
1.15586000e+04 1.20726229e-01 1.45154406e-01 7.92385960e-01 1.39295061e-01
1.15588000e+04 1.27682982e-01 1.54201825e-01 7.93358962e-01 1.47814923e-01
1.15590000e+04 1.34639736e-01 1.63249243e-01 7.94331965e-01 1.56316112e-01
1.15592000e+04 1.42884412e-01 1.73999729e-01 7.95304968e-01 1.66427643e-01
1.15594000e+04 1.51129089e-01 1.84750215e-01 7.96277970e-01 1.76517059e-01
1.15596000e+04 1.60176562e-01 1.96562267e-01 7.97250973e-01 1.87597585e-01
1.15598000e+04 1.70026830e-01 2.09435885e-01 7.98223976e-01 1.99665976e-01
1.15600000e+04 1.79877098e-01 2.22309503e-01 7.99196978e-01 2.11708060e-01
1.15602000e+04 1.90964821e-01 2.36819451e-01 8.00169981e-01 2.25280524e-01
1.15604000e+04 2.02340482e-01 2.51710151e-01 8.01142984e-01 2.39185272e-01
1.15606000e+04 2.15309718e-01 2.68708093e-01 8.02115986e-01 2.55060020e-01
1.15608000e+04 2.29334244e-01 2.87101483e-01 8.03088989e-01 2.72223449e-01
1.15610000e+04 2.44518293e-01 3.07028152e-01 8.04061992e-01 2.90801912e-01
1.15612000e+04 2.60976161e-01 3.28639237e-01 8.05034994e-01 3.10933809e-01
1.15614000e+04 2.78832448e-01 3.52099503e-01 8.06007997e-01 3.32769818e-01
1.15616000e+04 2.98221923e-01 3.77587160e-01 8.06981000e-01 3.56472659e-01
1.15618000e+04 3.19288804e-01 4.05292909e-01 8.07954002e-01 3.82216132e-01
1.15620000e+04 3.42185111e-01 4.35417776e-01 8.08927005e-01 4.10183010e-01
1.15622000e+04 3.67067787e-01 4.68169290e-01 8.09900007e-01 4.40561400e-01
1.15624000e+04 3.94094024e-01 5.03755313e-01 8.10873010e-01 4.73538914e-01
1.15626000e+04 4.23414297e-01 5.42374821e-01 8.11846013e-01 5.09294012e-01
1.15628000e+04 4.55162189e-01 5.84204459e-01 8.12819015e-01 5.47983441e-01
1.15630000e+04 4.89440585e-01 6.29380273e-01 8.13792018e-01 5.89725236e-01
1.15632000e+04 5.26303333e-01 6.77973469e-01 8.14765021e-01 6.34576233e-01
1.15634000e+04 5.65732232e-01 7.29959980e-01 8.15738023e-01 6.82503951e-01
1.15636000e+04 6.07609813e-01 7.85184470e-01 8.16711026e-01 7.33353440e-01
1.15638000e+04 6.51689548e-01 8.43320950e-01 8.17684029e-01 7.86811195e-01
1.15640000e+04 6.97566930e-01 9.03834522e-01 8.18657031e-01 8.42370349e-01
1.15642000e+04 7.44656795e-01 9.65951405e-01 8.19630034e-01 8.99303790e-01
1.15644000e+04 7.92394758e-01 1.02892529e+00 8.20603037e-01 9.56913054e-01
1.15646000e+04 8.39830282e-01 1.09149925e+00 8.21576039e-01 1.01402827e+00
1.15648000e+04 8.85668242e-01 1.15196069e+00 8.22549042e-01 1.06906166e+00
1.15650000e+04 9.28760455e-01 1.20879134e+00 8.23522045e-01 1.12061234e+00
1.15652000e+04 9.67982503e-01 1.26050432e+00 8.24495047e-01 1.16731443e+00
1.15654000e+04 1.00230346e+00 1.30573642e+00 8.25468050e-01 1.20792223e+00
1.15656000e+04 1.03091673e+00 1.34342103e+00 8.26441053e-01 1.24146942e+00
1.15658000e+04 1.05336593e+00 1.37295467e+00 8.27414055e-01 1.26742128e+00
1.15660000e+04 1.06955688e+00 1.39421281e+00 8.28387058e-01 1.28568703e+00
1.15662000e+04 1.07972375e+00 1.40750507e+00 8.29360061e-01 1.29657621e+00
1.15664000e+04 1.08436686e+00 1.41349308e+00 8.30333063e-01 1.30072094e+00
1.15666000e+04 1.08416819e+00 1.41307862e+00 8.31306066e-01 1.29897149e+00
1.15668000e+04 1.07990312e+00 1.40728702e+00 8.32279069e-01 1.29228797e+00
1.15670000e+04 1.07236299e+00 1.39716468e+00 8.33252071e-01 1.28164582e+00
1.15672000e+04 1.06229725e+00 1.38370265e+00 8.34225074e-01 1.26796564e+00
1.15674000e+04 1.05037611e+00 1.36778715e+00 8.35198077e-01 1.25206823e+00
1.15676000e+04 1.03717292e+00 1.35017633e+00 8.36171079e-01 1.23465383e+00
1.15678000e+04 1.02316088e+00 1.33149596e+00 8.37144082e-01 1.21629882e+00
1.15680000e+04 1.00871890e+00 1.31224706e+00 8.38117084e-01 1.19746336e+00
1.15682000e+04 9.94143650e-01 1.29282193e+00 8.39090087e-01 1.17850655e+00
1.15684000e+04 9.79662564e-01 1.27352132e+00 8.40063090e-01 1.15970264e+00
1.15686000e+04 9.65447664e-01 1.25457270e+00 8.41036092e-01 1.14125809e+00
1.15688000e+04 9.51627014e-01 1.23614540e+00 8.42009095e-01 1.12332565e+00
1.15690000e+04 9.38294856e-01 1.21836406e+00 8.42982098e-01 1.10601686e+00
1.15692000e+04 9.25519507e-01 1.20131901e+00 8.43955100e-01 1.08941169e+00
1.15694000e+04 9.13349390e-01 1.18507427e+00 8.44928103e-01 1.07356598e+00
1.15696000e+04 9.01817657e-01 1.16967370e+00 8.45901106e-01 1.05851703e+00
1.15698000e+04 8.90945542e-01 1.15514536e+00 8.46874108e-01 1.04428774e+00
1.15700000e+04 8.80745112e-01 1.14150522e+00 8.47847111e-01 1.03089000e+00
1.15702000e+04 8.71220839e-01 1.12875918e+00 8.48820114e-01 1.01832655e+00
1.15704000e+04 8.62371529e-01 1.11690567e+00 8.49793116e-01 1.00659340e+00
1.15706000e+04 8.54191074e-01 1.10593661e+00 8.50766119e-01 9.95680707e-01
1.15708000e+04 8.46669863e-01 1.09583929e+00 8.51739122e-01 9.85574504e-01
1.15710000e+04 8.39795158e-01 1.08659687e+00 8.52712124e-01 9.76257171e-01
1.15712000e+04 8.33551983e-01 1.07818955e+00 8.53685127e-01 9.67708504e-01
1.15714000e+04 8.27923577e-01 1.07059515e+00 8.54658130e-01 9.59906264e-01
1.15716000e+04 8.22891762e-01 1.06378966e+00 8.55631132e-01 9.52826624e-01
1.15718000e+04 8.18437390e-01 1.05774773e+00 8.56604135e-01 9.46444711e-01
1.15720000e+04 8.14540348e-01 1.05244278e+00 8.57577138e-01 9.40734609e-01
1.15722000e+04 8.11179850e-01 1.04784733e+00 8.58550140e-01 9.35669715e-01
1.15724000e+04 8.08334366e-01 1.04393289e+00 8.59523143e-01 9.31222656e-01
1.15726000e+04 8.05981621e-01 1.04067003e+00 8.60496146e-01 9.27365294e-01
1.15728000e+04 8.04098742e-01 1.03802848e+00 8.61469148e-01 9.24068903e-01
1.15730000e+04 8.02661743e-01 1.03597653e+00 8.62442151e-01 9.21303560e-01
1.15732000e+04 8.01645962e-01 1.03448158e+00 8.63415154e-01 9.19038675e-01
1.15734000e+04 8.01025773e-01 1.03350974e+00 8.64388156e-01 9.17242649e-01
1.15736000e+04 8.00774429e-01 1.03302563e+00 8.65361159e-01 9.15882698e-01
1.15738000e+04 8.00864368e-01 1.03299281e+00 8.66334161e-01 9.14925212e-01
1.15740000e+04 8.01267277e-01 1.03337384e+00 8.67307164e-01 9.14335846e-01
1.15742000e+04 8.01953881e-01 1.03413002e+00 8.68280167e-01 9.14079261e-01
1.15744000e+04 8.02894825e-01 1.03522251e+00 8.69253169e-01 9.14120174e-01
1.15746000e+04 8.04060533e-01 1.03661222e+00 8.70226172e-01 9.14423186e-01
1.15748000e+04 8.05421802e-01 1.03826053e+00 8.71199175e-01 9.14953471e-01
1.15750000e+04 8.06949950e-01 1.04012951e+00 8.72172177e-01 9.15676954e-01
1.15752000e+04 8.08617858e-01 1.04218329e+00 8.73145180e-01 9.16561515e-01
1.15754000e+04 8.10399602e-01 1.04438761e+00 8.74118183e-01 9.17576548e-01
1.15756000e+04 8.12271638e-01 1.04671132e+00 8.75091185e-01 9.18694336e-01
1.15758000e+04 8.14212586e-01 1.04912616e+00 8.76064188e-01 9.19889780e-01
1.15760000e+04 8.16203747e-01 1.05160740e+00 8.77037191e-01 9.21140988e-01
1.15762000e+04 8.18229178e-01 1.05413395e+00 8.78010193e-01 9.22429344e-01
1.15764000e+04 8.20275841e-01 1.05668858e+00 8.78983196e-01 9.23739666e-01
1.15766000e+04 8.22333455e-01 1.05925769e+00 8.79956199e-01 9.25060015e-01
1.15768000e+04 8.24394347e-01 1.06183113e+00 8.80929201e-01 9.26381509e-01
1.15770000e+04 8.26453452e-01 1.06440221e+00 8.81902204e-01 9.27698306e-01
1.15772000e+04 8.28507565e-01 1.06696669e+00 8.82875207e-01 9.29006731e-01
1.15774000e+04 8.30555568e-01 1.06952309e+00 8.83848209e-01 9.30305525e-01
1.15776000e+04 8.32597836e-01 1.07207191e+00 8.84821212e-01 9.31595144e-01
1.15778000e+04 8.34635857e-01 1.07461511e+00 8.85794215e-01 9.32877326e-01
1.15780000e+04 8.36672313e-01 1.07715624e+00 8.86767217e-01 9.34155168e-01
1.15782000e+04 8.38710558e-01 1.07969974e+00 8.87740220e-01 9.35432525e-01
1.15784000e+04 8.40754911e-01 1.08225131e+00 8.88713223e-01 9.36714342e-01
1.15786000e+04 8.42809993e-01 1.08481707e+00 8.89686225e-01 9.38005889e-01
1.15788000e+04 8.44881389e-01 1.08740441e+00 8.90659228e-01 9.39313518e-01
1.15790000e+04 8.46974912e-01 1.09002100e+00 8.91632231e-01 9.40643813e-01
1.15792000e+04 8.49096969e-01 1.09267533e+00 8.92605233e-01 9.42004011e-01
1.15794000e+04 8.51254188e-01 1.09537615e+00 8.93578236e-01 9.43401574e-01
1.15796000e+04 8.53453053e-01 1.09813204e+00 8.94551238e-01 9.44843766e-01
1.15798000e+04 8.55699747e-01 1.10095117e+00 8.95524241e-01 9.46337485e-01
1.15800000e+04 8.57999186e-01 1.10384006e+00 8.96497244e-01 9.47888160e-01
1.15802000e+04 8.60354872e-01 1.10680332e+00 8.97470246e-01 9.49499598e-01
1.15804000e+04 8.62767699e-01 1.10984214e+00 8.98443249e-01 9.51172631e-01
1.15806000e+04 8.65235656e-01 1.11295386e+00 8.99416252e-01 9.52904801e-01
1.15808000e+04 8.67752633e-01 1.11613040e+00 9.00389254e-01 9.54689026e-01
1.15810000e+04 8.70308424e-01 1.11935827e+00 9.01362257e-01 9.56513619e-01
1.15812000e+04 8.72887683e-01 1.12261717e+00 9.02335260e-01 9.58361138e-01
1.15814000e+04 8.75470294e-01 1.12588050e+00 9.03308262e-01 9.60208832e-01
1.15816000e+04 8.78031151e-01 1.12911507e+00 9.04281265e-01 9.62028412e-01
1.15818000e+04 8.80541051e-01 1.13228225e+00 9.05254268e-01 9.63787092e-01
1.15820000e+04 8.82967437e-01 1.13533900e+00 9.06227270e-01 9.65448440e-01
1.15822000e+04 8.85275443e-01 1.13823921e+00 9.07200273e-01 9.66973574e-01
1.15824000e+04 8.87430130e-01 1.14093668e+00 9.08173276e-01 9.68323678e-01
1.15826000e+04 8.89397824e-01 1.14338689e+00 9.09146278e-01 9.69461506e-01
1.15828000e+04 8.91148501e-01 1.14555012e+00 9.10119281e-01 9.70354047e-01
1.15830000e+04 8.92657428e-01 1.14739368e+00 9.11092284e-01 9.70974337e-01
1.15832000e+04 8.93906873e-01 1.14889412e+00 9.12065286e-01 9.71303342e-01
1.15834000e+04 8.94887525e-01 1.15003913e+00 9.13038289e-01 9.71331509e-01
1.15836000e+04 8.95599086e-01 1.15082830e+00 9.14011292e-01 9.71059375e-01
1.15838000e+04 8.96050420e-01 1.15127337e+00 9.14984294e-01 9.70497692e-01
1.15840000e+04 8.96258962e-01 1.15139738e+00 9.15957297e-01 9.69666711e-01
1.15842000e+04 8.96250039e-01 1.15123384e+00 9.16930300e-01 9.68595390e-01
1.15844000e+04 8.96055241e-01 1.15082450e+00 9.17903302e-01 9.67319533e-01
1.15846000e+04 8.95711221e-01 1.15021784e+00 9.18876305e-01 9.65880430e-01
1.15848000e+04 8.95257910e-01 1.14946666e+00 9.19849308e-01 9.64322850e-01
1.15850000e+04 8.94737103e-01 1.14862623e+00 9.20822310e-01 9.62693452e-01
1.15852000e+04 8.94185155e-01 1.14774463e+00 9.21795313e-01 9.61032698e-01
1.15854000e+04 8.93691540e-01 1.14694015e+00 9.22768315e-01 9.59439649e-01
1.15856000e+04 8.93310329e-01 1.14628432e+00 9.23741318e-01 9.57973867e-01
1.15858000e+04 8.92929119e-01 1.14562848e+00 9.24714321e-01 9.56510886e-01
1.15860000e+04 8.92718691e-01 1.14519848e+00 9.25687323e-01 9.55239070e-01
1.15862000e+04 8.92679045e-01 1.14499430e+00 9.26660326e-01 9.54157872e-01
1.15864000e+04 8.92639399e-01 1.14479013e+00 9.27633329e-01 9.53078734e-01
1.15866000e+04 8.93086442e-01 1.14522952e+00 9.28606331e-01 9.52536934e-01
1.15868000e+04 8.93533486e-01 1.14566892e+00 9.29579334e-01 9.51996163e-01
1.15870000e+04 8.94260304e-01 1.14647827e+00 9.30552337e-01 9.51763545e-01
1.15872000e+04 8.95266896e-01 1.14765757e+00 9.31525339e-01 9.51838200e-01
1.15874000e+04 8.96273489e-01 1.14883688e+00 9.32498342e-01 9.51912714e-01
1.15876000e+04 8.97846634e-01 1.15076536e+00 9.33471345e-01 9.52607254e-01
1.15878000e+04 8.99419780e-01 1.15269384e+00 9.34444347e-01 9.53300479e-01
1.15880000e+04 9.01255565e-01 1.15496961e+00 9.35417350e-01 9.54279344e-01
1.15882000e+04 9.03353990e-01 1.15759269e+00 9.36390353e-01 9.55543040e-01
1.15884000e+04 9.05452415e-01 1.16021576e+00 9.37363355e-01 9.56804350e-01
1.15886000e+04 9.08009428e-01 1.16344525e+00 9.38336358e-01 9.58562900e-01
1.15888000e+04 9.10566441e-01 1.16667473e+00 9.39309361e-01 9.60318137e-01
1.15890000e+04 9.13316511e-01 1.17015950e+00 9.40282363e-01 9.62280006e-01
1.15892000e+04 9.16259640e-01 1.17389956e+00 9.41255366e-01 9.64447922e-01
1.15894000e+04 9.19202768e-01 1.17763961e+00 9.42228369e-01 9.66611766e-01
1.15896000e+04 9.22465736e-01 1.18180261e+00 9.43201371e-01 9.69118370e-01
1.15898000e+04 9.25728705e-01 1.18596560e+00 9.44174374e-01 9.71620274e-01
1.15900000e+04 9.29123210e-01 1.19030253e+00 9.45147377e-01 9.74259855e-01
1.15902000e+04 9.32649250e-01 1.19481339e+00 9.46120379e-01 9.77036728e-01
1.15904000e+04 9.36175291e-01 1.19932425e+00 9.47093382e-01 9.79808408e-01
1.15906000e+04 9.39915085e-01 1.20411777e+00 9.48066384e-01 9.82805612e-01
1.15908000e+04 9.43654879e-01 1.20891129e+00 9.49039387e-01 9.85797223e-01
1.15910000e+04 9.47478187e-01 1.21381524e+00 9.50012390e-01 9.88873222e-01
1.15912000e+04 9.51385008e-01 1.21882962e+00 9.50985392e-01 9.92033375e-01
1.15914000e+04 9.55291830e-01 1.22384400e+00 9.51958395e-01 9.95187646e-01
1.15916000e+04 9.59314334e-01 1.22901136e+00 9.52931398e-01 9.98460326e-01
1.15918000e+04 9.63336838e-01 1.23417871e+00 9.53904400e-01 1.00172693e+00
1.15920000e+04 9.67384612e-01 1.23937948e+00 9.54877403e-01 1.00501456e+00
1.15922000e+04 9.71457657e-01 1.24461367e+00 9.55850406e-01 1.00832317e+00
1.15924000e+04 9.75530701e-01 1.24984786e+00 9.56823408e-01 1.01162565e+00
1.15926000e+04 9.79566735e-01 1.25503310e+00 9.57796411e-01 1.01488244e+00
1.15928000e+04 9.83602768e-01 1.26021835e+00 9.58769414e-01 1.01813320e+00
1.15930000e+04 9.87563616e-01 1.26530417e+00 9.59742416e-01 1.02129772e+00
1.15932000e+04 9.91449280e-01 1.27029058e+00 9.60715419e-01 1.02437622e+00
1.15934000e+04 9.95334944e-01 1.27527698e+00 9.61688422e-01 1.02744904e+00
1.15936000e+04 9.98937063e-01 1.27988845e+00 9.62661424e-01 1.03021440e+00
1.15938000e+04 1.00253918e+00 1.28449991e+00 9.63634427e-01 1.03297467e+00
1.15940000e+04 1.00593126e+00 1.28883363e+00 9.64607430e-01 1.03550671e+00
1.15942000e+04 1.00911329e+00 1.29288960e+00 9.65580432e-01 1.03781115e+00
1.15944000e+04 1.01229532e+00 1.29694557e+00 9.66553435e-01 1.04011135e+00
1.15946000e+04 1.01494045e+00 1.30029157e+00 9.67526438e-01 1.04183849e+00
1.15948000e+04 1.01758559e+00 1.30363757e+00 9.68499440e-01 1.04356247e+00
1.15950000e+04 1.01987233e+00 1.30650967e+00 9.69472443e-01 1.04490427e+00
1.15952000e+04 1.02180069e+00 1.30890786e+00 9.70445446e-01 1.04586495e+00
1.15954000e+04 1.02372905e+00 1.31130605e+00 9.71418448e-01 1.04682387e+00
1.15956000e+04 1.02485333e+00 1.31264099e+00 9.72391451e-01 1.04693302e+00
1.15958000e+04 1.02597762e+00 1.31397592e+00 9.73364454e-01 1.04704197e+00
1.15960000e+04 1.02710191e+00 1.31531086e+00 9.74337456e-01 1.04715072e+00
1.15962000e+04 1.02822619e+00 1.31664580e+00 9.75310459e-01 1.04725927e+00
1.15964000e+04 1.02935048e+00 1.31798074e+00 9.76283461e-01 1.04736763e+00
1.15966000e+04 1.02943145e+00 1.31793606e+00 9.77256464e-01 1.04638043e+00
1.15968000e+04 1.02951242e+00 1.31789137e+00 9.78229467e-01 1.04539503e+00
1.15970000e+04 1.02959339e+00 1.31784669e+00 9.79202469e-01 1.04441141e+00
1.15972000e+04 1.02967435e+00 1.31780201e+00 9.80175472e-01 1.04342958e+00
1.15974000e+04 1.02975532e+00 1.31775733e+00 9.81148475e-01 1.04244953e+00
1.15976000e+04 1.02910274e+00 1.31674265e+00 9.82121477e-01 1.04070459e+00
1.15978000e+04 1.02845016e+00 1.31572797e+00 9.83094480e-01 1.03896281e+00
1.15980000e+04 1.02779758e+00 1.31471329e+00 9.84067483e-01 1.03722418e+00
1.15982000e+04 1.02714500e+00 1.31369861e+00 9.85040485e-01 1.03548868e+00
1.15984000e+04 1.02649241e+00 1.31268393e+00 9.86013488e-01 1.03375631e+00
1.15986000e+04 1.02536623e+00 1.31104298e+00 9.86986491e-01 1.03153431e+00
1.15988000e+04 1.02424004e+00 1.30940204e+00 9.87959493e-01 1.02931631e+00
1.15990000e+04 1.02311385e+00 1.30776109e+00 9.88932496e-01 1.02710230e+00
1.15992000e+04 1.02198766e+00 1.30612014e+00 9.89905499e-01 1.02489226e+00
1.15994000e+04 1.02086147e+00 1.30447919e+00 9.90878501e-01 1.02268619e+00
1.15996000e+04 1.01949322e+00 1.30251816e+00 9.91851504e-01 1.02023336e+00
1.15998000e+04 1.01812497e+00 1.30055712e+00 9.92824507e-01 1.01778492e+00
1.16000000e+04 1.01675671e+00 1.29859608e+00 9.93797509e-01 1.01534086e+00
1.16002000e+04 1.01538846e+00 1.29663505e+00 9.94770512e-01 1.01290117e+00
1.16004000e+04 1.01402021e+00 1.29467401e+00 9.95743515e-01 1.01046584e+00
1.16006000e+04 1.01266829e+00 1.29273457e+00 9.96716517e-01 1.00805170e+00
1.16008000e+04 1.01131637e+00 1.29079512e+00 9.97689520e-01 1.00564186e+00
1.16010000e+04 1.00996445e+00 1.28885568e+00 9.98662523e-01 1.00323632e+00
1.16012000e+04 1.00861252e+00 1.28691624e+00 9.99635525e-01 1.00083505e+00
1.16014000e+04 1.00726060e+00 1.28497679e+00 1.00060853e+00 9.98438062e-01
1.16016000e+04 1.00617430e+00 1.28338859e+00 1.00158153e+00 9.96318002e-01
1.16018000e+04 1.00508800e+00 1.28180039e+00 1.00255453e+00 9.94201707e-01
1.16020000e+04 1.00400170e+00 1.28021218e+00 1.00352754e+00 9.92089166e-01
1.16022000e+04 1.00291540e+00 1.27862398e+00 1.00450054e+00 9.89980368e-01
1.16024000e+04 1.00182909e+00 1.27703577e+00 1.00547354e+00 9.87875305e-01
1.16026000e+04 1.00115263e+00 1.27598951e+00 1.00644654e+00 9.86192824e-01
1.16028000e+04 1.00047616e+00 1.27494325e+00 1.00741955e+00 9.84513316e-01
1.16030000e+04 9.99799696e-01 1.27389698e+00 1.00839255e+00 9.82836774e-01
1.16032000e+04 9.99123230e-01 1.27285072e+00 1.00936555e+00 9.81163191e-01
1.16034000e+04 9.98446763e-01 1.27180446e+00 1.01033855e+00 9.79492558e-01
1.16036000e+04 9.98146549e-01 1.27125572e+00 1.01131156e+00 9.78207708e-01
1.16038000e+04 9.97846334e-01 1.27070699e+00 1.01228456e+00 9.76925119e-01
1.16040000e+04 9.97546119e-01 1.27015826e+00 1.01325756e+00 9.75644785e-01
1.16042000e+04 9.97245905e-01 1.26960953e+00 1.01423057e+00 9.74366701e-01
1.16044000e+04 9.96945690e-01 1.26906079e+00 1.01520357e+00 9.73090859e-01
1.16046000e+04 9.96825600e-01 1.26875025e+00 1.01617657e+00 9.71999731e-01
1.16048000e+04 9.96705509e-01 1.26843970e+00 1.01714957e+00 9.70910514e-01
1.16050000e+04 9.96585419e-01 1.26812915e+00 1.01812258e+00 9.69823204e-01
1.16052000e+04 9.96465329e-01 1.26781860e+00 1.01909558e+00 9.68737796e-01
1.16054000e+04 9.96345239e-01 1.26750805e+00 1.02006858e+00 9.67654284e-01
1.16056000e+04 9.96169557e-01 1.26712400e+00 1.02104158e+00 9.66516594e-01
1.16058000e+04 9.95993875e-01 1.26673994e+00 1.02201459e+00 9.65380887e-01
1.16060000e+04 9.95818194e-01 1.26635588e+00 1.02298759e+00 9.64247160e-01
1.16062000e+04 9.95642512e-01 1.26597182e+00 1.02396059e+00 9.63115408e-01
1.16064000e+04 9.95466830e-01 1.26558776e+00 1.02493359e+00 9.61985624e-01
1.16066000e+04 9.95124881e-01 1.26498384e+00 1.02590660e+00 9.60690831e-01
1.16068000e+04 9.94782932e-01 1.26437992e+00 1.02687960e+00 9.59398287e-01
1.16070000e+04 9.94440983e-01 1.26377600e+00 1.02785260e+00 9.58107986e-01
1.16072000e+04 9.94099033e-01 1.26317208e+00 1.02882560e+00 9.56819922e-01
1.16074000e+04 9.93757084e-01 1.26256816e+00 1.02979861e+00 9.55534089e-01
1.16076000e+04 9.93324842e-01 1.26184485e+00 1.03077161e+00 9.54160198e-01
1.16078000e+04 9.92892599e-01 1.26112153e+00 1.03174461e+00 9.52788682e-01
1.16080000e+04 9.92460357e-01 1.26039821e+00 1.03271762e+00 9.51419537e-01
1.16082000e+04 9.92028114e-01 1.25967489e+00 1.03369062e+00 9.50052755e-01
1.16084000e+04 9.91595872e-01 1.25895158e+00 1.03466362e+00 9.48688330e-01
1.16086000e+04 9.91249363e-01 1.25834163e+00 1.03563662e+00 9.47411613e-01
1.16088000e+04 9.90902855e-01 1.25773168e+00 1.03660963e+00 9.46137095e-01
