# # source: .\new_experimental\norm_Pt_foil_Limpa_7.txt
# # site: Pt_foil_Limpa_7
# # columns: Energy(eV) Abs_raw Preedge_normalized PredictedPost_raw Final_normalized
# 
1.15154970e+04 1.41641886e-02 2.64303256e-02 1.09999690e+00 2.02889323e-02
1.15160020e+04 1.40280235e-02 2.60526926e-02 1.09930992e+00 2.00148407e-02
1.15165000e+04 1.56696505e-02 2.77506459e-02 1.09863246e+00 2.13359005e-02
1.15169990e+04 1.31627248e-02 2.46117779e-02 1.09795364e+00 1.89373921e-02
1.15174970e+04 1.37469726e-02 2.50770372e-02 1.09727618e+00 1.93104456e-02
1.15180000e+04 1.28467810e-02 2.38095679e-02 1.09659192e+00 1.83489047e-02
1.15184980e+04 1.27358291e-02 2.34643625e-02 1.09591446e+00 1.80970093e-02
1.15189960e+04 1.16714458e-02 2.20076457e-02 1.09523700e+00 1.69867902e-02
1.15194970e+04 1.04672681e-02 2.03866560e-02 1.09455546e+00 1.57480118e-02
1.15200000e+04 9.14916313e-03 1.86319829e-02 1.09387120e+00 1.44039779e-02
1.15205010e+04 8.81135006e-03 1.80210021e-02 1.09318966e+00 1.39426347e-02
1.15209980e+04 8.26425258e-03 1.71677712e-02 1.09251356e+00 1.32929050e-02
1.15214980e+04 7.38432936e-03 1.59252312e-02 1.09183338e+00 1.23405389e-02
1.15219960e+04 5.85454566e-03 1.39259500e-02 1.09115592e+00 1.07997699e-02
1.15224980e+04 4.72663529e-03 1.23934394e-02 1.09047302e+00 9.61890919e-03
1.15229980e+04 4.48677491e-03 1.18970855e-02 1.08979284e+00 9.24097435e-03
1.15235020e+04 2.64392697e-03 9.53023286e-03 1.08910722e+00 7.40844264e-03
1.15240000e+04 1.43849380e-03 7.90907988e-03 1.08842976e+00 6.15306847e-03
1.15244970e+04 -2.82467359e-04 5.68735718e-03 1.08775366e+00 4.42810844e-03
1.15249990e+04 -3.97761849e-03 1.16195411e-03 1.08707076e+00 9.05403966e-04
1.15255010e+04 -7.29321664e-03 -2.92096562e-03 1.08638786e+00 -2.27785359e-03
1.15259990e+04 -8.38019423e-03 -4.40402293e-03 1.08571040e+00 -3.43710181e-03
1.15264990e+04 -8.96771136e-03 -5.30567552e-03 1.08503022e+00 -4.14408473e-03
1.15269990e+04 -9.58307576e-03 -6.23979248e-03 1.08435004e+00 -4.87756962e-03
1.15275020e+04 -1.29182152e-02 -1.03459270e-02 1.08366578e+00 -8.09376292e-03
1.15279950e+04 -1.44394586e-02 -1.23330846e-02 1.08299512e+00 -9.65592486e-03
1.15284980e+04 -1.48102867e-02 -1.29834212e-02 1.08231086e+00 -1.01732474e-02
1.15290000e+04 -1.66374421e-02 -1.53311125e-02 1.08162796e+00 -1.20224231e-02
1.15295000e+04 -1.75049567e-02 -1.65591865e-02 1.08094778e+00 -1.29958325e-02
1.15300030e+04 -1.76477901e-02 -1.69437266e-02 1.08026352e+00 -1.33083180e-02
1.15305020e+04 -1.60306616e-02 -1.52747671e-02 1.07958470e+00 -1.20070264e-02
1.15310010e+04 -1.54900882e-02 -1.48608570e-02 1.07890588e+00 -1.16909992e-02
1.15315000e+04 -1.32477070e-02 -1.24629770e-02 1.07822706e+00 -9.81243417e-03
1.15320000e+04 -1.23699724e-02 -1.16564373e-02 1.07754688e+00 -9.18478411e-03
1.15325000e+04 -1.18091029e-02 -1.12192993e-02 1.07686670e+00 -8.84743325e-03
1.15330000e+04 -1.17271272e-02 -1.13404564e-02 1.07618652e+00 -8.95016027e-03
1.15335000e+04 -1.16583409e-02 -1.14769896e-02 1.07550634e+00 -9.06519742e-03
1.15340020e+04 -8.68556670e-03 -8.22891706e-03 1.07482344e+00 -6.50493017e-03
1.15345000e+04 -7.44653218e-03 -7.00030657e-03 1.07414598e+00 -5.53815590e-03
1.15350030e+04 -6.68047084e-03 -6.32525604e-03 1.07346171e+00 -5.00815969e-03
1.15355020e+04 -4.22649808e-03 -3.68070248e-03 1.07278289e+00 -2.91662234e-03
1.15360010e+04 -3.22828821e-03 -2.73327911e-03 1.07210408e+00 -2.16762012e-03
1.15365040e+04 -1.71011301e-03 -1.18141331e-03 1.07141981e+00 -9.37678258e-04
1.15370030e+04 -2.20449539e-03 -1.97405583e-03 1.07074099e+00 -1.56805644e-03
1.15375010e+04 -1.33775495e-03 -1.17946624e-03 1.07006353e+00 -9.37643244e-04
1.15379990e+04 -2.39220722e-04 -1.14651162e-04 1.06938608e+00 -9.12180339e-05
1.15385010e+04 8.63676886e-05 4.73289280e-05 1.06870317e+00 3.76861827e-05
1.15390040e+04 2.78440180e-03 2.97467572e-03 1.06801891e+00 2.37055118e-03
1.15395020e+04 2.50741765e-03 2.43590976e-03 1.06734145e+00 1.94277225e-03
1.15400020e+04 3.21781356e-03 3.04736581e-03 1.06666127e+00 2.43241668e-03
1.15404980e+04 2.85299680e-03 2.40707139e-03 1.06598654e+00 1.92288140e-03
1.15410010e+04 4.32305120e-03 3.90283791e-03 1.06530227e+00 3.12032203e-03
1.15415030e+04 4.83619874e-03 4.28347466e-03 1.06461937e+00 3.42744162e-03
1.15420010e+04 4.76377248e-03 3.98318255e-03 1.06394191e+00 3.18974887e-03
1.15424990e+04 5.03072814e-03 4.07854230e-03 1.06326445e+00 3.26876694e-03
1.15430030e+04 7.31910964e-03 6.52788211e-03 1.06257883e+00 5.23610727e-03
1.15435030e+04 7.74396320e-03 6.80645254e-03 1.06189865e+00 5.46401338e-03
1.15439980e+04 8.20308677e-03 7.12714222e-03 1.06122527e+00 5.72608510e-03
1.15445010e+04 9.89945799e-03 8.88674917e-03 1.06054101e+00 7.14566591e-03
1.15449980e+04 1.15152265e-02 1.05549901e-02 1.05986491e+00 8.49397642e-03
1.15454980e+04 1.32654707e-02 1.23787026e-02 1.05918473e+00 9.96974867e-03
1.15460000e+04 1.34561048e-02 1.23833527e-02 1.05850183e+00 9.98170896e-03
1.15464990e+04 1.56690621e-02 1.47469302e-02 1.05782301e+00 1.18966317e-02
1.15470010e+04 1.79074036e-02 1.71388001e-02 1.05714011e+00 1.38376064e-02
1.15474980e+04 2.10531027e-02 2.05906361e-02 1.05646401e+00 1.66381568e-02
1.15480000e+04 2.29066805e-02 2.25339481e-02 1.05578111e+00 1.82234876e-02
1.15484930e+04 2.49732079e-02 2.47294181e-02 1.05511045e+00 2.00152359e-02
1.15489990e+04 2.80169150e-02 2.80584505e-02 1.05442211e+00 2.27286011e-02
1.15495030e+04 3.04742850e-02 3.07047973e-02 1.05373649e+00 2.48929482e-02
1.15500020e+04 3.34859596e-02 3.39995204e-02 1.05305767e+00 2.75867591e-02
1.15504990e+04 3.70092520e-02 3.78915550e-02 1.05238157e+00 3.07699627e-02
1.15510020e+04 4.09393166e-02 4.22552045e-02 1.05169731e+00 3.43420331e-02
1.15514990e+04 4.52425097e-02 4.70564483e-02 1.05102121e+00 3.82756151e-02
1.15520040e+04 5.07936632e-02 5.33090983e-02 1.05033423e+00 4.33977948e-02
1.15525020e+04 5.62673796e-02 5.94745063e-02 1.04965677e+00 4.84569110e-02
1.15530020e+04 6.39745529e-02 6.82428140e-02 1.04897659e+00 5.56470439e-02
1.15534990e+04 7.20676417e-02 7.74623230e-02 1.04830049e+00 6.32170338e-02
1.15540000e+04 7.96184777e-02 8.60479392e-02 1.04761895e+00 7.02822542e-02
1.15545010e+04 8.95312544e-02 9.73871087e-02 1.04693741e+00 7.96101777e-02
1.15550000e+04 1.00577835e-01 1.10048935e-01 1.04625859e+00 9.00354898e-02
1.15555010e+04 1.13683229e-01 1.25110062e-01 1.04557705e+00 1.02443084e-01
1.15560010e+04 1.29520600e-01 1.43356564e-01 1.04489687e+00 1.17481662e-01
1.15564980e+04 1.46534154e-01 1.62975563e-01 1.04422077e+00 1.33670387e-01
1.15570000e+04 1.66421579e-01 1.85942756e-01 1.04353787e+00 1.52635702e-01
1.15575010e+04 1.90396981e-01 2.13676151e-01 1.04285633e+00 1.75548307e-01
1.15580040e+04 2.18568416e-01 2.46300421e-01 1.04217207e+00 2.02521545e-01
1.15585020e+04 2.52724925e-01 2.85904265e-01 1.04149461e+00 2.35282089e-01
1.15589980e+04 2.94353055e-01 3.34219399e-01 1.04081987e+00 2.75271272e-01
1.15595050e+04 3.45539798e-01 3.93673210e-01 1.04013017e+00 3.24514731e-01
1.15600010e+04 4.07729742e-01 4.65959333e-01 1.03945543e+00 3.84421952e-01
1.15604970e+04 4.84101145e-01 5.54778219e-01 1.03878069e+00 4.58080154e-01
1.15609980e+04 5.78141613e-01 6.64193555e-01 1.03809915e+00 5.48886562e-01
1.15615000e+04 6.92616699e-01 7.97431163e-01 1.03741625e+00 6.59550494e-01
1.15619980e+04 8.23472353e-01 9.49766989e-01 1.03673879e+00 7.86205733e-01
1.15625010e+04 9.66933173e-01 1.11679577e+00 1.03605453e+00 9.25254383e-01
1.15629980e+04 1.10978925e+00 1.28312213e+00 1.03537843e+00 1.06394593e+00
1.15635040e+04 1.23720925e+00 1.43144921e+00 1.03469009e+00 1.18795116e+00
1.15640020e+04 1.32051914e+00 1.52835612e+00 1.03401263e+00 1.26944160e+00
1.15644980e+04 1.36482928e+00 1.57979795e+00 1.03333789e+00 1.31327014e+00
1.15650020e+04 1.37554101e+00 1.59206723e+00 1.03265227e+00 1.32459917e+00
1.15654950e+04 1.35694245e+00 1.57017132e+00 1.03198161e+00 1.30747347e+00
1.15659960e+04 1.32417940e+00 1.53175896e+00 1.03130007e+00 1.27657178e+00
1.15665030e+04 1.27759767e+00 1.47723416e+00 1.03061037e+00 1.23219051e+00
1.15669960e+04 1.23696016e+00 1.42964522e+00 1.02993971e+00 1.19349468e+00
1.15674980e+04 1.20004805e+00 1.38639544e+00 1.02925681e+00 1.15837714e+00
1.15679950e+04 1.16212712e+00 1.34197174e+00 1.02858071e+00 1.12220835e+00
1.15684990e+04 1.13304989e+00 1.30785502e+00 1.02789509e+00 1.09461775e+00
1.15690020e+04 1.10728934e+00 1.27760530e+00 1.02721083e+00 1.07021720e+00
1.15695000e+04 1.08725056e+00 1.25402822e+00 1.02653337e+00 1.05136007e+00
1.15700010e+04 1.06798157e+00 1.23134725e+00 1.02585183e+00 1.03322809e+00
1.15705040e+04 1.05207475e+00 1.21258503e+00 1.02516756e+00 1.01835959e+00
1.15709970e+04 1.03995005e+00 1.19823636e+00 1.02449691e+00 1.00715805e+00
1.15715010e+04 1.02167285e+00 1.17671031e+00 1.02381129e+00 9.89918330e-01
1.15719970e+04 1.00951887e+00 1.16232620e+00 1.02313655e+00 9.78648821e-01
1.15725010e+04 9.99716857e-01 1.15068054e+00 1.02245092e+00 9.69681105e-01
1.15730000e+04 9.92442463e-01 1.14198375e+00 1.02177211e+00 9.63176774e-01
1.15735030e+04 9.89891931e-01 1.13879231e+00 1.02108784e+00 9.61315222e-01
1.15740000e+04 9.87058256e-01 1.13527339e+00 1.02041174e+00 9.59163864e-01
1.15745030e+04 9.85281947e-01 1.13298454e+00 1.01972748e+00 9.58058869e-01
1.15749990e+04 9.89174030e-01 1.13730694e+00 1.01905274e+00 9.62535713e-01
1.15754950e+04 9.93575575e-01 1.14222328e+00 1.01837801e+00 9.67523306e-01
1.15759990e+04 1.00154708e+00 1.15129801e+00 1.01769238e+00 9.76058309e-01
1.15764990e+04 1.01185593e+00 1.16309936e+00 1.01701220e+00 9.86914959e-01
1.15770020e+04 1.01867386e+00 1.17082968e+00 1.01632794e+00 9.94338199e-01
1.15774990e+04 1.02634722e+00 1.17955988e+00 1.01565184e+00 1.00261384e+00
1.15780030e+04 1.03194977e+00 1.18587287e+00 1.01496622e+00 1.00885960e+00
1.15785020e+04 1.03483109e+00 1.18901563e+00 1.01428740e+00 1.01240811e+00
1.15790020e+04 1.03721975e+00 1.19158361e+00 1.01360722e+00 1.01547470e+00
1.15795050e+04 1.03597920e+00 1.18991935e+00 1.01292296e+00 1.01494203e+00
1.15800050e+04 1.02860179e+00 1.18110203e+00 1.01224278e+00 1.00829664e+00
1.15804970e+04 1.01912720e+00 1.16984328e+00 1.01157348e+00 9.99539734e-01
1.15809970e+04 1.00791862e+00 1.15655958e+00 1.01089330e+00 9.89049966e-01
1.15814990e+04 9.97951739e-01 1.14472259e+00 1.01021040e+00 9.79783583e-01
1.15819990e+04 9.87969146e-01 1.13286815e+00 1.00953022e+00 9.70482643e-01
1.15825000e+04 9.74597564e-01 1.11706238e+00 1.00884868e+00 9.57779249e-01
1.15829990e+04 9.69099510e-01 1.11043645e+00 1.00816986e+00 9.52928053e-01
1.15835000e+04 9.66678530e-01 1.10739691e+00 1.00748832e+00 9.51152086e-01
1.15840020e+04 9.65209082e-01 1.10546624e+00 1.00680542e+00 9.50327915e-01
1.15845000e+04 9.61458673e-01 1.10087815e+00 1.00612796e+00 9.47209170e-01
1.15849990e+04 9.61455668e-01 1.10065835e+00 1.00544914e+00 9.47848458e-01
1.15855020e+04 9.64015008e-01 1.10342401e+00 1.00476488e+00 9.51068758e-01
1.15859990e+04 9.62666559e-01 1.10163656e+00 1.00408878e+00 9.50356831e-01
1.15865000e+04 9.63234281e-01 1.10208126e+00 1.00340724e+00 9.51577650e-01
1.15870020e+04 9.66621192e-01 1.10581213e+00 1.00272434e+00 9.55642212e-01
1.15875020e+04 9.69998797e-01 1.10953302e+00 1.00204416e+00 9.59701946e-01
1.15880050e+04 9.79943325e-01 1.12090834e+00 1.00135990e+00 9.70400574e-01
1.15884980e+04 9.87064710e-01 1.12899677e+00 1.00068924e+00 9.78252857e-01
1.15890050e+04 9.97262086e-01 1.14066512e+00 9.99999539e-01 9.89247890e-01
1.15895020e+04 1.00718051e+00 1.15201261e+00 9.99323440e-01 9.99966431e-01
1.15900010e+04 1.01935117e+00 1.16598489e+00 9.98644620e-01 1.01298776e+00
1.15905040e+04 1.03172709e+00 1.18019473e+00 9.97960359e-01 1.02624593e+00
1.15910020e+04 1.04486369e+00 1.19529353e+00 9.97282899e-01 1.04029221e+00
1.15915010e+04 1.05401722e+00 1.20574844e+00 9.96604080e-01 1.05031990e+00
1.15920020e+04 1.06552355e+00 1.21894538e+00 9.95922539e-01 1.06275980e+00
1.15925030e+04 1.06944968e+00 1.22330530e+00 9.95240999e-01 1.06751028e+00
1.15930000e+04 1.06906133e+00 1.22263714e+00 9.94564900e-01 1.06786998e+00
1.15935040e+04 1.06839099e+00 1.22163720e+00 9.93879278e-01 1.06795359e+00
1.15940000e+04 1.06557372e+00 1.21813784e+00 9.93204539e-01 1.06583520e+00
1.15945020e+04 1.05792833e+00 1.20900724e+00 9.92521638e-01 1.05879288e+00
1.15949970e+04 1.05067220e+00 1.20033347e+00 9.91848260e-01 1.05212522e+00
1.15954980e+04 1.04215253e+00 1.19018408e+00 9.91166720e-01 1.04416240e+00
1.15960010e+04 1.03295937e+00 1.17924865e+00 9.90482458e-01 1.03549880e+00
1.15965000e+04 1.02343083e+00 1.16792398e+00 9.89803639e-01 1.02647016e+00
1.15969940e+04 1.01554165e+00 1.15851264e+00 9.89131621e-01 1.01909935e+00
1.15975000e+04 1.00732860e+00 1.14871853e+00 9.88443278e-01 1.01140025e+00
1.15980040e+04 1.00081127e+00 1.14090216e+00 9.87757657e-01 1.00542646e+00
1.15984980e+04 9.92976389e-01 1.13155412e+00 9.87085639e-01 9.98072926e-01
1.15989980e+04 9.89211776e-01 1.12694861e+00 9.86405459e-01 9.94903859e-01
1.15995000e+04 9.84597250e-01 1.12135140e+00 9.85722558e-01 9.90856368e-01
1.15999990e+04 9.83909339e-01 1.12033314e+00 9.85043738e-01 9.90845952e-01
1.16005030e+04 9.82836047e-01 1.11886344e+00 9.84358116e-01 9.90444816e-01
1.16010020e+04 9.78640512e-01 1.11375599e+00 9.83679297e-01 9.86810903e-01
1.16015050e+04 9.75832665e-01 1.11026457e+00 9.82995035e-01 9.84610682e-01
1.16020010e+04 9.74489349e-01 1.10848354e+00 9.82320297e-01 9.83912210e-01
1.16025010e+04 9.71159837e-01 1.10438527e+00 9.81640117e-01 9.81160905e-01
1.16030030e+04 9.67783599e-01 1.10023165e+00 9.80957216e-01 9.78358952e-01
1.16035030e+04 9.63280916e-01 1.09476569e+00 9.80277036e-01 9.74380335e-01
1.16039980e+04 9.56586277e-01 1.08674652e+00 9.79603657e-01 9.68111210e-01
1.16045030e+04 9.52823399e-01 1.08214086e+00 9.78916675e-01 9.64891943e-01
1.16050010e+04 9.49236181e-01 1.07774302e+00 9.78239216e-01 9.61840008e-01
1.16055020e+04 9.43293892e-01 1.07059833e+00 9.77557675e-01 9.56334101e-01
1.16059960e+04 9.40793681e-01 1.06746946e+00 9.76885657e-01 9.54396473e-01
1.16065020e+04 9.38854873e-01 1.06498987e+00 9.76197315e-01 9.53057219e-01
1.16070010e+04 9.38307433e-01 1.06413537e+00 9.75518495e-01 9.53158963e-01
1.16074990e+04 9.38928671e-01 1.06464375e+00 9.74841036e-01 9.54481010e-01
1.16079990e+04 9.40905784e-01 1.06673195e+00 9.74160856e-01 9.57226593e-01
