# # source: .\new_experimental\norm_err_sim_XANESAds25.txt
# # site: err_sim_XANESAds25
# # columns: Energy(eV) Abs_raw Preedge_normalized PredictedPost_raw Final_normalized
# 
1.15245000e+04 7.44275452e-03 1.49970691e-01 1.01792412e+00 1.03919617e-01
1.15250000e+04 6.78469661e-03 1.44624318e-01 1.01779455e+00 1.00571565e-01
1.15255000e+04 6.13736414e-03 1.39290505e-01 1.01766497e+00 9.72083638e-02
1.15260000e+04 5.50120546e-03 1.33969775e-01 1.01753540e+00 9.38302185e-02
1.15265000e+04 4.87669502e-03 1.28662685e-01 1.01740583e+00 9.04373582e-02
1.15270000e+04 4.26433428e-03 1.23369822e-01 1.01727626e+00 8.70300376e-02
1.15275000e+04 3.66465168e-03 1.18091805e-01 1.01714668e+00 8.36085378e-02
1.15280000e+04 3.07820960e-03 1.12829291e-01 1.01701711e+00 8.01731720e-02
1.15285000e+04 2.50560265e-03 1.07582978e-01 1.01688754e+00 7.67242849e-02
1.15290000e+04 1.94746024e-03 1.02353603e-01 1.01675797e+00 7.32622554e-02
1.15295000e+04 1.40445185e-03 9.71419491e-02 1.01662839e+00 6.97875019e-02
1.15300000e+04 8.77287860e-04 9.19488483e-02 1.01649882e+00 6.63004833e-02
1.15305000e+04 3.66723931e-04 8.67751856e-02 1.01636925e+00 6.28017036e-02
1.15310000e+04 -1.26435530e-04 8.16219029e-02 1.01623967e+00 5.92917160e-02
1.15315000e+04 -6.01334752e-04 7.64900022e-02 1.01611010e+00 5.57711256e-02
1.15320000e+04 -1.05706051e-03 7.13805530e-02 1.01598053e+00 5.22405960e-02
1.15325000e+04 -1.49263862e-03 6.62946959e-02 1.01585096e+00 4.87008529e-02
1.15330000e+04 -1.90702789e-03 6.12336502e-02 1.01572138e+00 4.51526913e-02
1.15335000e+04 -2.29911486e-03 5.61987197e-02 1.01559181e+00 4.15969804e-02
1.15340000e+04 -2.66770771e-03 5.11913000e-02 1.01546224e+00 3.80346710e-02
1.15345000e+04 -3.01152758e-03 4.62128885e-02 1.01533267e+00 3.44668045e-02
1.15350000e+04 -3.32920418e-03 4.12650898e-02 1.01520309e+00 3.08945183e-02
1.15355000e+04 -3.61926451e-03 3.63496288e-02 1.01507352e+00 2.73190577e-02
1.15360000e+04 -3.88012239e-03 3.14683627e-02 1.01494395e+00 2.37417872e-02
1.15365000e+04 -4.11007062e-03 2.66232908e-02 1.01481437e+00 2.01642000e-02
1.15370000e+04 -4.30726882e-03 2.18165679e-02 1.01468480e+00 1.65879308e-02
1.15375000e+04 -4.46972599e-03 1.70505255e-02 1.01455523e+00 1.30147746e-02
1.15380000e+04 -4.59529094e-03 1.23276826e-02 1.01442566e+00 9.44669843e-03
1.15385000e+04 -4.68163316e-03 7.65076799e-03 1.01429608e+00 5.88586159e-03
1.15390000e+04 -4.72622451e-03 3.02274218e-03 1.01416651e+00 2.33463641e-03
1.15395000e+04 -4.72631485e-03 -1.55317457e-03 1.01403694e+00 -1.20436559e-03
1.15400000e+04 -4.67891464e-03 -6.07348162e-03 1.01390737e+00 -4.72827302e-03
1.15405000e+04 -4.58076272e-03 -1.05343603e-02 1.01377779e+00 -8.23391998e-03
1.15410000e+04 -4.42829496e-03 -1.49316370e-02 1.01364822e+00 -1.17178113e-02
1.15415000e+04 -4.21761382e-03 -1.92607481e-02 1.01351865e+00 -1.51760877e-02
1.15420000e+04 -3.94444567e-03 -2.35166891e-02 1.01338907e+00 -1.86044793e-02
1.15425000e+04 -3.60409202e-03 -2.76939584e-02 1.01325950e+00 -2.19982513e-02
1.15430000e+04 -3.19138429e-03 -3.17865036e-02 1.01312993e+00 -2.53521527e-02
1.15435000e+04 -2.70061676e-03 -3.57876437e-02 1.01300036e+00 -2.86603427e-02
1.15440000e+04 -2.12548127e-03 -3.96899920e-02 1.01287078e+00 -3.19163172e-02
1.15445000e+04 -1.45898451e-03 -4.34853596e-02 1.01274121e+00 -3.51128166e-02
1.15450000e+04 -6.93353153e-04 -4.71646441e-02 1.01261164e+00 -3.82417204e-02
1.15455000e+04 1.80070641e-04 -5.07177077e-02 1.01248206e+00 -4.12939292e-02
1.15460000e+04 1.17096066e-03 -5.41332226e-02 1.01235249e+00 -4.42592191e-02
1.15465000e+04 2.29015727e-03 -5.73984951e-02 1.01222292e+00 -4.71260726e-02
1.15470000e+04 3.54984062e-03 -6.04992628e-02 1.01209335e+00 -4.98814841e-02
1.15475000e+04 4.96374051e-03 -6.34194486e-02 1.01196377e+00 -5.25107254e-02
1.15480000e+04 6.54738881e-03 -6.61408651e-02 1.01183420e+00 -5.49970631e-02
1.15485000e+04 8.31841197e-03 -6.86428725e-02 1.01170463e+00 -5.73214293e-02
1.15490000e+04 1.02968863e-02 -7.09019623e-02 1.01157506e+00 -5.94620231e-02
1.15495000e+04 1.25057712e-02 -7.28912495e-02 1.01144548e+00 -6.13938240e-02
1.15500000e+04 1.49714270e-02 -7.45798675e-02 1.01131591e+00 -6.30880102e-02
1.15505000e+04 1.77242521e-02 -7.59322206e-02 1.01118634e+00 -6.45112407e-02
1.15510000e+04 2.07994411e-02 -7.69070974e-02 1.01105676e+00 -6.56248001e-02
1.15515000e+04 2.42379632e-02 -7.74565243e-02 1.01092719e+00 -6.63834989e-02
1.15520000e+04 2.80877607e-02 -7.75243628e-02 1.01079762e+00 -6.67343221e-02
1.15525000e+04 3.24051684e-02 -7.70446468e-02 1.01066805e+00 -6.66148200e-02
1.15530000e+04 3.72568372e-02 -7.59393305e-02 1.01053847e+00 -6.59509414e-02
1.15535000e+04 4.27220500e-02 -7.41155766e-02 1.01040890e+00 -6.46544094e-02
1.15540000e+04 4.88957252e-02 -7.14622390e-02 1.01027933e+00 -6.26193209e-02
1.15545000e+04 5.58922648e-02 -6.78453572e-02 1.01014976e+00 -5.97177832e-02
1.15550000e+04 6.38504986e-02 -6.31023665e-02 1.01002018e+00 -5.57942974e-02
1.15555000e+04 7.29402057e-02 -5.70344619e-02 1.00989061e+00 -5.06583485e-02
1.15560000e+04 8.33705495e-02 -4.93967206e-02 1.00976104e+00 -4.40747930e-02
1.15565000e+04 9.54013522e-02 -3.98849004e-02 1.00963146e+00 -3.57510017e-02
1.15570000e+04 1.09357955e-01 -2.81180384e-02 1.00950189e+00 -2.53198658e-02
1.15575000e+04 1.25651128e-01 -1.36151373e-02 1.00937232e+00 -1.23169820e-02
1.15580000e+04 1.44803625e-01 4.23592645e-03 1.00924275e+00 3.84986852e-03
1.15585000e+04 1.67485453e-01 2.62197094e-02 1.00911317e+00 2.39414232e-02
1.15590000e+04 1.94560186e-01 5.33474231e-02 1.00898360e+00 4.89406373e-02
1.15591000e+04 1.96752776e-01 5.49997041e-02 1.00895769e+00 5.05038504e-02
1.15592000e+04 1.99517149e-01 5.73215217e-02 1.00893177e+00 5.26853894e-02
1.15592900e+04 2.00076667e-01 5.71530515e-02 1.00890845e+00 5.25750563e-02
1.15593900e+04 2.00055812e-01 5.62134683e-02 1.00888253e+00 5.17594653e-02
1.15594900e+04 2.01483387e-01 5.69699448e-02 1.00885662e+00 5.25054834e-02
1.15595900e+04 2.01968421e-01 5.66227392e-02 1.00883071e+00 5.22347581e-02
1.15596400e+04 2.04470789e-01 5.90953402e-02 1.00881775e+00 5.45414926e-02
1.15597400e+04 2.06053021e-01 6.00329145e-02 1.00879183e+00 5.54592050e-02
1.15598400e+04 2.06681447e-01 5.98536156e-02 1.00876592e+00 5.53458957e-02
1.15599400e+04 2.08681919e-01 6.12809337e-02 1.00874000e+00 5.67193978e-02
1.15600400e+04 2.08997174e-01 6.07349233e-02 1.00871409e+00 5.62673319e-02
1.15601400e+04 2.09708286e-01 6.06524477e-02 1.00868818e+00 5.62442532e-02
1.15602400e+04 2.10687726e-01 6.08841740e-02 1.00866226e+00 5.65127732e-02
1.15603400e+04 2.14029915e-01 6.38825928e-02 1.00863635e+00 5.93522936e-02
1.15604400e+04 2.14024094e-01 6.29606147e-02 1.00861043e+00 5.85513745e-02
1.15605400e+04 2.14291015e-01 6.23580068e-02 1.00858452e+00 5.80462165e-02
1.15606400e+04 2.14287249e-01 6.14384345e-02 1.00855860e+00 5.72447659e-02
1.15607400e+04 2.15314605e-01 6.17262690e-02 1.00853269e+00 5.75678507e-02
1.15608400e+04 2.15726728e-01 6.12936880e-02 1.00850677e+00 5.72190290e-02
1.15609400e+04 2.16074168e-01 6.07853652e-02 1.00848086e+00 5.67987657e-02
1.15610400e+04 2.16497739e-01 6.03661895e-02 1.00845494e+00 5.64610780e-02
1.15611400e+04 2.16359478e-01 5.92891289e-02 1.00842903e+00 5.55068275e-02
1.15612400e+04 2.17145129e-01 5.92939350e-02 1.00840312e+00 5.55645679e-02
1.15613400e+04 2.21612505e-01 6.36099076e-02 1.00837720e+00 5.96663079e-02
1.15614400e+04 2.28840055e-01 7.11579426e-02 1.00835129e+00 6.68105296e-02
1.15615400e+04 2.36354049e-01 7.90413933e-02 1.00832537e+00 7.42837213e-02
1.15616400e+04 2.44168259e-01 8.72763867e-02 1.00829946e+00 8.21020038e-02
1.15617400e+04 2.52297147e-01 9.58798552e-02 1.00827354e+00 9.02823189e-02
1.15618400e+04 2.60755841e-01 1.04869516e-01 1.00824763e+00 9.88424133e-02
1.15619400e+04 2.69560214e-01 1.14263953e-01 1.00822171e+00 1.07800920e-01
1.15620400e+04 2.78726823e-01 1.24082555e-01 1.00819580e+00 1.17177303e-01
1.15621400e+04 2.88272974e-01 1.34345589e-01 1.00816988e+00 1.26991934e-01
1.15622400e+04 2.98216699e-01 1.45074165e-01 1.00814397e+00 1.37266060e-01
1.15623400e+04 3.08576722e-01 1.56290212e-01 1.00811806e+00 1.48021785e-01
1.15624400e+04 3.19372475e-01 1.68016483e-01 1.00809214e+00 1.59282082e-01
1.15625400e+04 3.30624050e-01 1.80276506e-01 1.00806623e+00 1.71070747e-01
1.15626400e+04 3.42352124e-01 1.93094491e-01 1.00804031e+00 1.83412317e-01
1.15627400e+04 3.54577939e-01 2.06495312e-01 1.00801440e+00 1.96332057e-01
1.15628400e+04 3.67323154e-01 2.20504332e-01 1.00798848e+00 2.09855794e-01
1.15629400e+04 3.80609778e-01 2.35147321e-01 1.00796257e+00 2.24009844e-01
1.15630400e+04 3.94459966e-01 2.50450224e-01 1.00793665e+00 2.38820792e-01
1.15631400e+04 4.08895875e-01 2.66438985e-01 1.00791074e+00 2.54315327e-01
1.15632400e+04 4.23939407e-01 2.83139251e-01 1.00788482e+00 2.70519960e-01
1.15633400e+04 4.39611972e-01 3.00576090e-01 1.00785891e+00 2.87460749e-01
1.15634400e+04 4.55934070e-01 3.18773510e-01 1.00783300e+00 3.05162839e-01
1.15635400e+04 4.72925002e-01 3.37754109e-01 1.00780708e+00 3.23650127e-01
1.15636400e+04 4.90602318e-01 3.57538440e-01 1.00778117e+00 3.42944639e-01
1.15637400e+04 5.08981342e-01 3.78144444e-01 1.00775525e+00 3.63065980e-01
1.15638400e+04 5.28074521e-01 3.99586699e-01 1.00772934e+00 3.84030599e-01
1.15639400e+04 5.47890763e-01 4.21875633e-01 1.00770342e+00 4.05851021e-01
1.15640400e+04 5.68434619e-01 4.45016578e-01 1.00767751e+00 4.28534909e-01
1.15641400e+04 5.89705464e-01 4.69008799e-01 1.00765159e+00 4.52084111e-01
1.15642400e+04 6.11696541e-01 4.93844387e-01 1.00762568e+00 4.76493559e-01
1.15643400e+04 6.34393992e-01 5.19507111e-01 1.00759976e+00 5.01750129e-01
1.15644400e+04 6.57775798e-01 5.45971192e-01 1.00757385e+00 5.27831412e-01
1.15645400e+04 6.81810752e-01 5.73200084e-01 1.00754794e+00 5.54704491e-01
1.15646400e+04 7.06457420e-01 6.01145272e-01 1.00752202e+00 5.82324727e-01
1.15647400e+04 7.31663197e-01 6.29745155e-01 1.00749611e+00 6.10634611e-01
1.15648400e+04 7.57363457e-01 6.58924061e-01 1.00747019e+00 6.39562750e-01
1.15649400e+04 7.83480940e-01 6.88591518e-01 1.00744428e+00 6.69023089e-01
1.15650400e+04 8.09925173e-01 7.18641589e-01 1.00741836e+00 6.98914187e-01
1.15651400e+04 8.36592796e-01 7.48953241e-01 1.00739245e+00 7.29119503e-01
1.15652400e+04 8.63356393e-01 7.79377275e-01 1.00736653e+00 7.59494586e-01
1.15653400e+04 8.90098661e-01 8.09776333e-01 1.00734062e+00 7.89905956e-01
1.15654400e+04 9.16680309e-01 8.39987311e-01 1.00731470e+00 8.20194462e-01
1.15655400e+04 9.42953426e-01 8.69837011e-01 1.00728879e+00 8.50190448e-01
1.15656400e+04 9.68763311e-01 8.99144284e-01 1.00726288e+00 8.79715800e-01
1.15657400e+04 9.93951522e-01 9.27723598e-01 1.00723696e+00 9.08587400e-01
1.15658400e+04 1.01835900e+00 9.55388707e-01 1.00721105e+00 9.36620692e-01
1.15659400e+04 1.04182879e+00 9.81955813e-01 1.00718513e+00 9.63632780e-01
1.15660400e+04 1.06420697e+00 1.00724468e+00 1.00715922e+00 9.89443538e-01
1.15661400e+04 1.08534816e+00 1.03108508e+00 1.00713330e+00 1.01388194e+00
1.15662400e+04 1.10511941e+00 1.05332133e+00 1.00710739e+00 1.03679061e+00
1.15663400e+04 1.12340207e+00 1.07381450e+00 1.00708147e+00 1.05802803e+00
1.15664400e+04 1.14009882e+00 1.09245061e+00 1.00705556e+00 1.07747673e+00
1.15665400e+04 1.15513982e+00 1.10914792e+00 1.00702964e+00 1.09505056e+00
1.15666400e+04 1.16847990e+00 1.12385350e+00 1.00700373e+00 1.11069155e+00
1.15667400e+04 1.18009799e+00 1.13654270e+00 1.00697782e+00 1.12436942e+00
1.15668400e+04 1.18999661e+00 1.14721846e+00 1.00695190e+00 1.13608113e+00
1.15669400e+04 1.19820058e+00 1.15590985e+00 1.00692599e+00 1.14584950e+00
1.15670400e+04 1.20475490e+00 1.16266956e+00 1.00690007e+00 1.15372090e+00
1.15671400e+04 1.20972217e+00 1.16757089e+00 1.00687416e+00 1.15976235e+00
1.15672400e+04 1.21317978e+00 1.17070446e+00 1.00684824e+00 1.16405838e+00
1.15673400e+04 1.21521705e+00 1.17217487e+00 1.00682233e+00 1.16670776e+00
1.15674400e+04 1.21593202e+00 1.17209691e+00 1.00679641e+00 1.16781981e+00
1.15675400e+04 1.21542818e+00 1.17059177e+00 1.00677050e+00 1.16751072e+00
1.15676400e+04 1.21381254e+00 1.16778475e+00 1.00674458e+00 1.16590121e+00
1.15677400e+04 1.21119225e+00 1.16380133e+00 1.00671867e+00 1.16311271e+00
1.15678400e+04 1.20767345e+00 1.15876578e+00 1.00669276e+00 1.15926592e+00
1.15679400e+04 1.20335869e+00 1.15279818e+00 1.00666684e+00 1.15447783e+00
1.15680400e+04 1.19834642e+00 1.14601384e+00 1.00664093e+00 1.14886114e+00
1.15681400e+04 1.19272919e+00 1.13852111e+00 1.00661501e+00 1.14252204e+00
1.15682400e+04 1.18659380e+00 1.13042163e+00 1.00658910e+00 1.13556040e+00
1.15683400e+04 1.18002008e+00 1.12180888e+00 1.00656318e+00 1.12806829e+00
1.15684400e+04 1.17308132e+00 1.11276869e+00 1.00653727e+00 1.12013047e+00
1.15685400e+04 1.16584422e+00 1.10337914e+00 1.00651135e+00 1.11182426e+00
1.15686400e+04 1.15836885e+00 1.09371059e+00 1.00648544e+00 1.10321946e+00
1.15687400e+04 1.15070909e+00 1.08382613e+00 1.00645952e+00 1.09437887e+00
1.15688400e+04 1.14291308e+00 1.07378213e+00 1.00643361e+00 1.08535872e+00
1.15689400e+04 1.13502332e+00 1.06362833e+00 1.00640770e+00 1.07620880e+00
1.15690400e+04 1.12707774e+00 1.05340920e+00 1.00638178e+00 1.06697373e+00
1.15691400e+04 1.11910937e+00 1.04316335e+00 1.00635587e+00 1.05769241e+00
1.15692400e+04 1.11114752e+00 1.03292516e+00 1.00632995e+00 1.04839957e+00
1.15693400e+04 1.10321770e+00 1.02272447e+00 1.00630404e+00 1.03912552e+00
1.15694400e+04 1.09534239e+00 1.01258760e+00 1.00627812e+00 1.02989706e+00
1.15695400e+04 1.08754090e+00 1.00253718e+00 1.00625221e+00 1.02073739e+00
1.15696400e+04 1.07983029e+00 9.92593182e-01 1.00622629e+00 1.01166707e+00
1.15697400e+04 1.07222538e+00 9.82772941e-01 1.00620038e+00 1.00270409e+00
1.15698400e+04 1.06473903e+00 9.73091543e-01 1.00617446e+00 9.93864165e-01
1.15699400e+04 1.05738232e+00 9.63561935e-01 1.00614855e+00 9.85160936e-01
1.15700400e+04 1.05016498e+00 9.54195534e-01 1.00612264e+00 9.76606514e-01
1.15701400e+04 1.04309520e+00 9.45001922e-01 1.00609672e+00 9.68211185e-01
1.15702400e+04 1.03618013e+00 9.35989460e-01 1.00607081e+00 9.59984024e-01
1.15703400e+04 1.02942594e+00 9.27165383e-01 1.00604489e+00 9.51932991e-01
1.15704400e+04 1.02283785e+00 9.18535810e-01 1.00601898e+00 9.44064929e-01
1.15705400e+04 1.01642004e+00 9.10105633e-01 1.00599306e+00 9.36385450e-01
1.15706400e+04 1.01017627e+00 9.01879236e-01 1.00596715e+00 9.28899665e-01
1.15707400e+04 1.00410930e+00 8.93859880e-01 1.00594123e+00 9.21611552e-01
1.15708400e+04 9.98221677e-01 8.86050522e-01 1.00591532e+00 9.14524787e-01
1.15709400e+04 9.92515043e-01 8.78453099e-01 1.00588940e+00 9.07642011e-01
1.15710400e+04 9.86990706e-01 8.71069140e-01 1.00586349e+00 9.00965453e-01
1.15711400e+04 9.81649538e-01 8.63899665e-01 1.00583758e+00 8.94496824e-01
1.15712400e+04 9.76491799e-01 8.56944978e-01 1.00581166e+00 8.88237103e-01
1.15713400e+04 9.71517750e-01 8.50205387e-01 1.00578575e+00 8.82187273e-01
1.15714400e+04 9.66726870e-01 8.43680279e-01 1.00575983e+00 8.76347368e-01
1.15715400e+04 9.62118723e-01 8.37369144e-01 1.00573392e+00 8.70717529e-01
1.15716400e+04 9.57692264e-01 8.31270760e-01 1.00570800e+00 8.65297152e-01
1.15717400e+04 9.53446362e-01 8.25383801e-01 1.00568209e+00 8.60085528e-01
1.15718400e+04 9.49379623e-01 8.19706636e-01 1.00565617e+00 8.55081623e-01
1.15719400e+04 9.45490394e-01 8.14237328e-01 1.00563026e+00 8.50284082e-01
1.15720400e+04 9.41776847e-01 8.08973737e-01 1.00560434e+00 8.45691328e-01
1.15721400e+04 9.38236978e-01 8.03913518e-01 1.00557843e+00 8.41301565e-01
1.15722400e+04 9.34868699e-01 7.99054224e-01 1.00555252e+00 8.37112885e-01
1.15723400e+04 9.31669746e-01 7.94393204e-01 1.00552660e+00 8.33123154e-01
1.15724400e+04 9.28637507e-01 7.89927402e-01 1.00550069e+00 8.29329803e-01
1.15725400e+04 9.25769546e-01 7.85653961e-01 1.00547477e+00 8.25730465e-01
1.15726400e+04 9.23063162e-01 7.81569722e-01 1.00544886e+00 8.22322444e-01
1.15727400e+04 9.20515658e-01 7.77671526e-01 1.00542294e+00 8.19103028e-01
1.15728400e+04 9.18123986e-01 7.73955803e-01 1.00539703e+00 8.16069067e-01
1.15729400e+04 9.15885448e-01 7.70419394e-01 1.00537111e+00 8.13217825e-01
1.15730400e+04 9.13796735e-01 7.67058425e-01 1.00534520e+00 8.10545802e-01
1.15731400e+04 9.11854975e-01 7.63869532e-01 1.00531928e+00 8.08050023e-01
1.15732400e+04 9.10056859e-01 7.60848842e-01 1.00529337e+00 8.05726956e-01
1.15733400e+04 9.08399079e-01 7.57992480e-01 1.00526746e+00 8.03573059e-01
1.15734400e+04 9.06878501e-01 7.55296776e-01 1.00524154e+00 8.01584987e-01
1.15735400e+04 9.05491556e-01 7.52757552e-01 1.00521563e+00 7.99758841e-01
1.15736400e+04 9.04234935e-01 7.50370933e-01 1.00518971e+00 7.98091029e-01
1.15737400e+04 9.03104983e-01 7.48132638e-01 1.00516380e+00 7.96577511e-01
1.15738400e+04 9.02098303e-01 7.46038690e-01 1.00513788e+00 7.95214554e-01
1.15739400e+04 9.01211240e-01 7.44084810e-01 1.00511197e+00 7.93998082e-01
1.15740400e+04 9.00440050e-01 7.42266612e-01 1.00508605e+00 7.92923893e-01
1.15741400e+04 8.99781077e-01 7.40579817e-01 1.00506014e+00 7.91987875e-01
1.15742400e+04 8.99230577e-01 7.39020039e-01 1.00503422e+00 7.91185791e-01
1.15743400e+04 8.98784720e-01 7.37582794e-01 1.00500831e+00 7.90513273e-01
1.15744400e+04 8.98439675e-01 7.36263597e-01 1.00498240e+00 7.89965935e-01
1.15745400e+04 8.98191612e-01 7.35057962e-01 1.00495648e+00 7.89539373e-01
1.15746400e+04 8.98036525e-01 7.33961199e-01 1.00493057e+00 7.89228943e-01
1.15747400e+04 8.97970586e-01 7.32968824e-01 1.00490465e+00 7.89030201e-01
1.15748400e+04 8.97989875e-01 7.32076248e-01 1.00487874e+00 7.88938572e-01
1.15749400e+04 8.98090388e-01 7.31278784e-01 1.00485282e+00 7.88949352e-01
1.15750400e+04 8.98268121e-01 7.30571741e-01 1.00482691e+00 7.89057816e-01
1.15751400e+04 8.98519331e-01 7.29950736e-01 1.00480099e+00 7.89259548e-01
1.15752400e+04 8.98839925e-01 7.29410977e-01 1.00477508e+00 7.89549673e-01
1.15753400e+04 8.99226073e-01 7.28947980e-01 1.00474916e+00 7.89923624e-01
1.15754400e+04 8.99673944e-01 7.28557260e-01 1.00472325e+00 7.90376814e-01
1.15755400e+04 9.00179709e-01 7.28234329e-01 1.00469734e+00 7.90904636e-01
1.15756400e+04 9.00739623e-01 7.27974806e-01 1.00467142e+00 7.91502574e-01
1.15757400e+04 9.01350030e-01 7.27774409e-01 1.00464551e+00 7.92166200e-01
1.15758400e+04 9.02007187e-01 7.27628753e-01 1.00461959e+00 7.92890959e-01
1.15759400e+04 9.02707786e-01 7.27533966e-01 1.00459368e+00 7.93672829e-01
1.15760400e+04 9.03448344e-01 7.27485970e-01 1.00456776e+00 7.94507548e-01
1.15761400e+04 9.04225552e-01 7.27480891e-01 1.00454185e+00 7.95391059e-01
1.15762400e+04 9.05036191e-01 7.27514957e-01 1.00451593e+00 7.96319397e-01
1.15763400e+04 9.05877213e-01 7.27584601e-01 1.00449002e+00 7.97288803e-01
1.15764400e+04 9.06745745e-01 7.27686458e-01 1.00446410e+00 7.98295725e-01
1.15765400e+04 9.07639001e-01 7.27817266e-01 1.00443819e+00 7.99336706e-01
1.15766400e+04 9.08554369e-01 7.27973967e-01 1.00441228e+00 8.00408500e-01
1.15767400e+04 9.09489326e-01 7.28153604e-01 1.00438636e+00 8.01507956e-01
1.15768400e+04 9.10441606e-01 7.28353528e-01 1.00436045e+00 8.02632247e-01
1.15769400e+04 9.11408948e-01 7.28571088e-01 1.00433453e+00 8.03778533e-01
1.15770400e+04 9.12389348e-01 7.28803939e-01 1.00430862e+00 8.04944300e-01
1.15771400e+04 9.13381066e-01 7.29050042e-01 1.00428270e+00 8.06127358e-01
1.15772400e+04 9.14382186e-01 7.29307154e-01 1.00425679e+00 8.07325284e-01
1.15773400e+04 9.15391315e-01 7.29573645e-01 1.00423087e+00 8.08536321e-01
1.15774400e+04 9.16406886e-01 7.29847680e-01 1.00420496e+00 8.09758479e-01
1.15775400e+04 9.17427768e-01 7.30127933e-01 1.00417904e+00 8.10990322e-01
1.15776400e+04 9.18452654e-01 7.30412876e-01 1.00415313e+00 8.12230183e-01
1.15777400e+04 9.19480588e-01 7.30701386e-01 1.00412722e+00 8.13476842e-01
1.15778400e+04 9.20510610e-01 7.30992343e-01 1.00410130e+00 8.14729073e-01
1.15779400e+04 9.21542026e-01 7.31284931e-01 1.00407539e+00 8.15985983e-01
1.15780400e+04 9.22573877e-01 7.31578029e-01 1.00404947e+00 8.17246337e-01
1.15781400e+04 9.23605815e-01 7.31871228e-01 1.00402356e+00 8.18509690e-01
1.15782400e+04 9.24637057e-01 7.32163612e-01 1.00399764e+00 8.19775025e-01
1.15783400e+04 9.25667341e-01 7.32454875e-01 1.00397173e+00 8.21042007e-01
1.15784400e+04 9.26696232e-01 7.32744507e-01 1.00394581e+00 8.22310068e-01
1.15785400e+04 9.27723382e-01 7.33032100e-01 1.00391990e+00 8.23578756e-01
1.15786400e+04 9.28748529e-01 7.33317348e-01 1.00389398e+00 8.24847727e-01
1.15787400e+04 9.29771588e-01 7.33600150e-01 1.00386807e+00 8.26116868e-01
1.15788400e+04 9.30792382e-01 7.33880301e-01 1.00384216e+00 8.27385950e-01
1.15789400e+04 9.31810739e-01 7.34157598e-01 1.00381624e+00 8.28654742e-01
1.15790400e+04 9.32826746e-01 7.34432142e-01 1.00379033e+00 8.29923359e-01
1.15791400e+04 9.33840576e-01 7.34704138e-01 1.00376441e+00 8.31192030e-01
1.15792400e+04 9.34852056e-01 7.34973382e-01 1.00373850e+00 8.32460525e-01
1.15793400e+04 9.35861620e-01 7.35240383e-01 1.00371258e+00 8.33729422e-01
1.15794400e+04 9.36869356e-01 7.35505243e-01 1.00368667e+00 8.34998837e-01
1.15795400e+04 9.37875612e-01 7.35768370e-01 1.00366075e+00 8.36269235e-01
1.15796400e+04 9.38880824e-01 7.36030274e-01 1.00363484e+00 8.37541201e-01
1.15797400e+04 9.39885252e-01 7.36291260e-01 1.00360892e+00 8.38815087e-01
1.15798400e+04 9.40889506e-01 7.36552043e-01 1.00358301e+00 8.40091715e-01
1.15799400e+04 9.41894021e-01 7.36813131e-01 1.00355710e+00 8.41371677e-01
1.15800400e+04 9.42899494e-01 7.37075341e-01 1.00353118e+00 8.42655915e-01
1.15801400e+04 9.43906533e-01 7.37339385e-01 1.00350527e+00 8.43945263e-01
1.15802400e+04 9.44915836e-01 7.37606080e-01 1.00347935e+00 8.45240672e-01
1.15803400e+04 9.45928013e-01 7.37876139e-01 1.00345344e+00 8.46542983e-01
1.15804400e+04 9.46943758e-01 7.38150378e-01 1.00342752e+00 8.47853157e-01
1.15805400e+04 9.47963856e-01 7.38429714e-01 1.00340161e+00 8.49172276e-01
1.15806400e+04 9.48988917e-01 7.38714860e-01 1.00337569e+00 8.50501193e-01
1.15807400e+04 9.50019549e-01 7.39006530e-01 1.00334978e+00 8.51840767e-01
1.15808400e+04 9.51056275e-01 7.39305337e-01 1.00332386e+00 8.53191740e-01
1.15809400e+04 9.52099444e-01 7.39611687e-01 1.00329795e+00 8.54554624e-01
1.15810400e+04 9.53149577e-01 7.39926192e-01 1.00327204e+00 8.55930169e-01
1.15811400e+04 9.54206587e-01 7.40248751e-01 1.00324612e+00 8.57318302e-01
1.15812400e+04 9.55270649e-01 7.40579566e-01 1.00322021e+00 8.58719305e-01
1.15813400e+04 9.56341415e-01 7.40918232e-01 1.00319429e+00 8.60132748e-01
1.15814400e+04 9.57418536e-01 7.41264339e-01 1.00316838e+00 8.61558204e-01
1.15815400e+04 9.58501141e-01 7.41616868e-01 1.00314246e+00 8.62994529e-01
1.15816400e+04 9.59588360e-01 7.41974800e-01 1.00311655e+00 8.64440574e-01
1.15817400e+04 9.60678888e-01 7.42336605e-01 1.00309063e+00 8.65894589e-01
1.15818400e+04 9.61771156e-01 7.42700450e-01 1.00306472e+00 8.67354462e-01
1.15819400e+04 9.62863338e-01 7.43064193e-01 1.00303880e+00 8.68817710e-01
1.15820400e+04 9.63953082e-01 7.43425081e-01 1.00301289e+00 8.70281122e-01
1.15821400e+04 9.65037864e-01 7.43780159e-01 1.00298698e+00 8.71741235e-01
1.15822400e+04 9.66114984e-01 7.44126266e-01 1.00296106e+00 8.73194328e-01
1.15823400e+04 9.67181223e-01 7.44459630e-01 1.00293515e+00 8.74635945e-01
1.15824400e+04 9.68233271e-01 7.44776378e-01 1.00290923e+00 8.76061488e-01
1.15825400e+04 9.69267299e-01 7.45072024e-01 1.00288332e+00 8.77465616e-01
1.15826400e+04 9.70279562e-01 7.45342185e-01 1.00285740e+00 8.78843083e-01
1.15827400e+04 9.71265969e-01 7.45582070e-01 1.00283149e+00 8.80188136e-01
1.15828400e+04 9.72222428e-01 7.45786887e-01 1.00280557e+00 8.81494994e-01
1.15829400e+04 9.73144762e-01 7.45951743e-01 1.00277966e+00 8.82757729e-01
1.15830400e+04 9.74028528e-01 7.46071439e-01 1.00275374e+00 8.83970020e-01
1.15831400e+04 9.74869724e-01 7.46141287e-01 1.00272783e+00 8.85126119e-01
1.15832400e+04 9.75664170e-01 7.46156392e-01 1.00270192e+00 8.86220012e-01
1.15833400e+04 9.76407949e-01 7.46112168e-01 1.00267600e+00 8.87246015e-01
1.15834400e+04 9.77097404e-01 7.46004332e-01 1.00265009e+00 8.88198782e-01
1.15835400e+04 9.77729228e-01 7.45829012e-01 1.00262417e+00 8.89073429e-01
1.15836400e+04 9.78300372e-01 7.45582640e-01 1.00259826e+00 8.89865409e-01
1.15837400e+04 9.78808313e-01 7.45262258e-01 1.00257234e+00 8.90570888e-01
1.15838400e+04 9.79250874e-01 7.44865318e-01 1.00254643e+00 8.91186498e-01
1.15839400e+04 9.79626575e-01 7.44390089e-01 1.00252051e+00 8.91709833e-01
1.15840400e+04 9.79934198e-01 7.43835141e-01 1.00249460e+00 8.92138841e-01
1.15841400e+04 9.80173481e-01 7.43200170e-01 1.00246868e+00 8.92472808e-01
1.15842400e+04 9.80344336e-01 7.42485074e-01 1.00244277e+00 8.92711259e-01
1.15843400e+04 9.80447461e-01 7.41690667e-01 1.00241686e+00 8.92854824e-01
1.15844400e+04 9.80484336e-01 7.40818684e-01 1.00239094e+00 8.92905239e-01
1.15845400e+04 9.80456614e-01 7.39871061e-01 1.00236503e+00 8.92864499e-01
1.15846400e+04 9.80366734e-01 7.38850652e-01 1.00233911e+00 8.92735712e-01
1.15851400e+04 9.79337531e-01 7.33069681e-01 1.00220954e+00 8.91261537e-01
1.15856400e+04 9.78252437e-01 7.27223265e-01 1.00207997e+00 8.89688836e-01
1.15861400e+04 9.77115283e-01 7.21315888e-01 1.00195039e+00 8.88021270e-01
1.15866400e+04 9.75930247e-01 7.15352444e-01 1.00182082e+00 8.86263096e-01
1.15871400e+04 9.74701857e-01 7.09338233e-01 1.00169125e+00 8.84419190e-01
1.15876400e+04 9.73434901e-01 7.03278862e-01 1.00156168e+00 8.82494934e-01
1.15881400e+04 9.72134427e-01 6.97180244e-01 1.00143210e+00 8.80496240e-01
1.15886400e+04 9.70805573e-01 6.91048394e-01 1.00130253e+00 8.78429298e-01
1.15891400e+04 9.69453736e-01 6.84889631e-01 1.00117296e+00 8.76300857e-01
1.15896400e+04 9.68084313e-01 6.78710276e-01 1.00104338e+00 8.74117838e-01
1.15901400e+04 9.66702703e-01 6.72516649e-01 1.00091381e+00 8.71887351e-01
1.15906400e+04 9.65314389e-01 6.66315173e-01 1.00078424e+00 8.69616826e-01
1.15911400e+04 9.63921025e-01 6.60107784e-01 1.00065467e+00 8.67308000e-01
1.15916400e+04 9.62538283e-01 6.53912832e-01 1.00052509e+00 8.64984367e-01
1.15921400e+04 9.61172256e-01 6.47737453e-01 1.00039552e+00 8.62655129e-01
1.15926400e+04 9.59828515e-01 6.41588171e-01 1.00026595e+00 8.60328918e-01
1.15931400e+04 9.58513851e-01 6.35472936e-01 1.00013638e+00 8.58016534e-01
1.15936400e+04 9.56685985e-01 6.28756761e-01 1.00000680e+00 8.54854936e-01
1.15941400e+04 9.55931970e-01 6.23298026e-01 9.99877230e-01 8.53370623e-01
1.15946400e+04 9.56583579e-01 6.19485226e-01 9.99747657e-01 8.54134749e-01
1.15956400e+04 9.57691267e-01 6.11630666e-01 9.99488511e-01 8.55375611e-01
1.15966400e+04 9.60341957e-01 6.05582905e-01 9.99229366e-01 8.59216040e-01
1.15976400e+04 9.64405410e-01 6.01189438e-01 9.98970221e-01 8.65551389e-01
1.15986400e+04 9.69693931e-01 5.98230482e-01 9.98711075e-01 8.74172434e-01
1.15996400e+04 9.76015734e-01 5.96481461e-01 9.98451930e-01 8.84850138e-01
1.16006400e+04 9.83204539e-01 5.95747667e-01 9.98192784e-01 8.97386330e-01
1.16016400e+04 9.91125495e-01 5.95871196e-01 9.97933639e-01 9.11626731e-01
1.16026400e+04 9.99662815e-01 5.96716465e-01 9.97674493e-01 9.27441943e-01
1.16036400e+04 1.00869871e+00 5.98145548e-01 9.97415348e-01 9.44690497e-01
1.16046400e+04 1.01808771e+00 5.99988104e-01 9.97156202e-01 9.63169589e-01
1.16056400e+04 1.02762950e+00 6.02009565e-01 9.96897057e-01 9.82558043e-01
1.16066400e+04 1.03704819e+00 6.03886883e-01 9.96637911e-01 1.00236599e+00
1.16076400e+04 1.04599119e+00 6.05207196e-01 9.96378766e-01 1.02191804e+00
1.16086400e+04 1.05405484e+00 6.05497805e-01 9.96119620e-01 1.04038849e+00
1.16096400e+04 1.06083560e+00 6.04286215e-01 9.95860475e-01 1.05689286e+00
1.16106400e+04 1.06599624e+00 6.01177508e-01 9.95601329e-01 1.07062034e+00
1.16116400e+04 1.06894109e+00 5.95474204e-01 9.95342184e-01 1.08015111e+00
1.16126400e+04 1.07237173e+00 5.90339730e-01 9.95083039e-01 1.09109378e+00
1.16136400e+04 1.06957804e+00 5.77916798e-01 9.94823893e-01 1.08872783e+00
1.16146400e+04 1.06246535e+00 5.60436482e-01 9.94564748e-01 1.07655401e+00
1.16156400e+04 1.05265503e+00 5.39797328e-01 9.94305602e-01 1.05770235e+00
1.16166400e+04 1.04155365e+00 5.17646393e-01 9.94046457e-01 1.03505622e+00
1.16176400e+04 1.03067513e+00 4.95756426e-01 9.93787311e-01 1.01199656e+00
1.16186400e+04 1.02142737e+00 4.75776013e-01 9.93528166e-01 9.91933984e-01
1.16196400e+04 1.01458987e+00 4.58617932e-01 9.93269020e-01 9.77009050e-01
1.16206400e+04 1.00995127e+00 4.44034671e-01 9.93009875e-01 9.67026268e-01
1.16216400e+04 1.00640035e+00 4.30725057e-01 9.92750729e-01 9.59425328e-01
1.16226400e+04 1.00258478e+00 4.17105544e-01 9.92491584e-01 9.50763343e-01
1.16236400e+04 9.97858510e-01 4.02419629e-01 9.92232438e-01 9.39198694e-01
1.16246400e+04 9.92718106e-01 3.87248781e-01 9.91973293e-01 9.25908576e-01
1.16256400e+04 9.88311855e-01 3.72937600e-01 9.91714148e-01 9.14058709e-01
1.16266400e+04 9.85688099e-01 3.60713656e-01 9.91455002e-01 9.06846423e-01
1.16276400e+04 9.85464945e-01 3.51300728e-01 9.91195857e-01 9.06506814e-01
1.16286400e+04 9.87848369e-01 3.44940008e-01 9.90936711e-01 9.14238438e-01
1.16296400e+04 9.92747658e-01 3.41525275e-01 9.90677566e-01 9.30427052e-01
1.16306400e+04 9.99903120e-01 3.40752438e-01 9.90418420e-01 9.54948161e-01
1.16316400e+04 1.00894781e+00 3.42191818e-01 9.90159275e-01 9.87300200e-01
1.16326400e+04 1.01931551e+00 3.45180391e-01 9.89900129e-01 1.02622683e+00
1.16336400e+04 1.03006478e+00 3.48615771e-01 9.89640984e-01 1.06896677e+00
1.16346400e+04 1.03987034e+00 3.50946113e-01 9.89381838e-01 1.11097806e+00
1.16356400e+04 1.04733582e+00 3.50536288e-01 9.89122693e-01 1.14683789e+00
1.16366400e+04 1.05142843e+00 3.46176971e-01 9.88863547e-01 1.17181335e+00
1.16376400e+04 1.05169480e+00 3.37337256e-01 9.88604402e-01 1.18287096e+00
1.16386400e+04 1.04818263e+00 3.24073007e-01 9.88345257e-01 1.17865966e+00
1.16396400e+04 1.04129090e+00 3.06851417e-01 9.88086111e-01 1.15917333e+00
1.16406400e+04 1.03172024e+00 2.86492906e-01 9.87826966e-01 1.12579285e+00
1.16416400e+04 1.02043299e+00 2.64124327e-01 9.87567820e-01 1.08138520e+00
1.16426400e+04 1.00847566e+00 2.40971110e-01 9.87308675e-01 1.02974013e+00
1.16436400e+04 9.96723789e-01 2.18058473e-01 9.87049529e-01 9.74446050e-01
1.16446400e+04 9.85730532e-01 1.96034148e-01 9.86790384e-01 9.18011552e-01
1.16456400e+04 9.75727899e-01 1.75169807e-01 9.86531238e-01 8.61600670e-01
1.16466400e+04 9.66710230e-01 1.55458823e-01 9.86272093e-01 8.05182841e-01
1.16476400e+04 9.58534229e-01 1.36733403e-01 9.86012947e-01 7.47839176e-01
1.16486400e+04 9.51005673e-01 1.18766117e-01 9.85753802e-01 6.88087334e-01
1.16496400e+04 9.43948967e-01 1.01351349e-01 9.85494656e-01 6.24205581e-01
1.16506400e+04 9.37244233e-01 8.43487276e-02 9.85235511e-01 5.54437712e-01
1.16516400e+04 9.30828267e-01 6.76842439e-02 9.84976366e-01 4.76988530e-01
1.16526400e+04 9.24664767e-01 5.13153883e-02 9.84717220e-01 3.89743888e-01
1.16536400e+04 9.18711510e-01 3.51927197e-02 9.84458075e-01 2.89819792e-01
1.16546400e+04 9.12906947e-01 1.92441660e-02 9.84198929e-01 1.73066915e-01
1.16556400e+04 9.07187961e-01 3.39581994e-03 9.83939784e-01 3.36352257e-02
1.16566400e+04 9.01525649e-01 -1.23861626e-02 9.83680638e-01 -1.36523490e-01
1.16576400e+04 8.95951614e-01 -2.80647773e-02 9.83421493e-01 -3.48670681e-01
