# # source: .\new_experimental\norm_err_sim_XANESFoil.txt
# # site: err_sim_XANESFoil
# # columns: Energy(eV) Abs_raw Preedge_normalized PredictedPost_raw Final_normalized
# 
1.15245000e+04 4.45563735e-03 9.95891572e-02 8.40279669e-01 8.60524799e-02
1.15250000e+04 3.96287577e-03 9.56750131e-02 8.41020423e-01 8.28465373e-02
1.15255000e+04 3.48029633e-03 9.17733896e-02 8.41761176e-01 7.96377668e-02
1.15260000e+04 3.00833180e-03 8.78848189e-02 8.42501930e-01 7.64266130e-02
1.15265000e+04 2.54743881e-03 8.40098626e-02 8.43242684e-01 7.32135499e-02
1.15270000e+04 2.09810105e-03 8.01491153e-02 8.43983438e-01 6.99990847e-02
1.15275000e+04 1.66083047e-03 7.63032067e-02 8.44724191e-01 6.67837592e-02
1.15280000e+04 1.23616867e-03 7.24728027e-02 8.45464945e-01 6.35681521e-02
1.15285000e+04 8.24690747e-04 6.86586104e-02 8.46205699e-01 6.03528832e-02
1.15290000e+04 4.27006408e-04 6.48613797e-02 8.46946453e-01 5.71386151e-02
1.15295000e+04 4.37632094e-05 6.10819068e-02 8.47687206e-01 5.39260573e-02
1.15300000e+04 -3.24349971e-04 5.73210388e-02 8.48427960e-01 5.07159706e-02
1.15305000e+04 -6.76602634e-04 5.35796740e-02 8.49168714e-01 4.75091675e-02
1.15310000e+04 -1.01220986e-03 4.98587775e-02 8.49909468e-01 4.43065273e-02
1.15315000e+04 -1.33034628e-03 4.61593644e-02 8.50650221e-01 4.11089814e-02
1.15320000e+04 -1.63012132e-03 4.24825296e-02 8.51390975e-01 3.79175406e-02
1.15325000e+04 -1.91058912e-03 3.88294363e-02 8.52131729e-01 3.47332858e-02
1.15330000e+04 -2.17073688e-03 3.52013299e-02 8.52872483e-01 3.15573809e-02
1.15335000e+04 -2.40947904e-03 3.15995453e-02 8.53613236e-01 2.83910807e-02
1.15340000e+04 -2.62565437e-03 2.80255104e-02 8.54353990e-01 2.52357348e-02
1.15345000e+04 -2.81802016e-03 2.44807534e-02 8.55094744e-01 2.20927952e-02
1.15350000e+04 -2.98523182e-03 2.09669275e-02 8.55835498e-01 1.89638404e-02
1.15355000e+04 -3.12585747e-03 1.74857936e-02 8.56576251e-01 1.58505598e-02
1.15360000e+04 -3.23834297e-03 1.40392628e-02 8.57317005e-01 1.27547950e-02
1.15365000e+04 -3.32101780e-03 1.06293892e-02 8.58057759e-01 9.67853400e-03
1.15370000e+04 -3.37208044e-03 7.25838809e-03 8.58798513e-01 6.62392992e-03
1.15375000e+04 -3.38958096e-03 3.92865724e-03 8.59539266e-01 3.59332209e-03
1.15380000e+04 -3.37140936e-03 6.42791248e-04 8.60280020e-01 5.89251403e-04
1.15385000e+04 -3.31527811e-03 -2.59639698e-03 8.61020774e-01 -2.38551768e-03
1.15390000e+04 -3.21870178e-03 -5.78585118e-03 8.61761528e-01 -5.32797156e-03
1.15395000e+04 -3.07897373e-03 -8.92224311e-03 8.62502281e-01 -8.23481822e-03
1.15400000e+04 -2.89315453e-03 -1.20019582e-02 8.63243035e-01 -1.11024708e-02
1.15405000e+04 -2.65802532e-03 -1.50210384e-02 8.63983789e-01 -1.39269912e-02
1.15410000e+04 -2.37007624e-03 -1.79751677e-02 8.64724543e-01 -1.67040728e-02
1.15415000e+04 -2.02545397e-03 -2.08596077e-02 8.65465296e-01 -1.94289759e-02
1.15420000e+04 -1.61993270e-03 -2.36691622e-02 8.66206050e-01 -2.20964899e-02
1.15425000e+04 -1.14886751e-03 -2.63981195e-02 8.66946804e-01 -2.47008738e-02
1.15430000e+04 -6.07130381e-04 -2.90401737e-02 8.67687558e-01 -2.72357766e-02
1.15435000e+04 1.09335026e-05 -3.15883714e-02 8.68428311e-01 -2.96941794e-02
1.15440000e+04 7.11590112e-04 -3.40350075e-02 8.69169065e-01 -3.20682904e-02
1.15445000e+04 1.50179518e-03 -3.63715287e-02 8.69909819e-01 -3.43494439e-02
1.15450000e+04 2.38929022e-03 -3.85884155e-02 8.70650573e-01 -3.65279792e-02
1.15455000e+04 3.38270733e-03 -4.06750534e-02 8.71391327e-01 -3.85931061e-02
1.15460000e+04 4.49170594e-03 -4.26195643e-02 8.72132080e-01 -4.05327321e-02
1.15465000e+04 5.72712710e-03 -4.44086176e-02 8.72872834e-01 -4.23332660e-02
1.15470000e+04 7.10116516e-03 -4.60272181e-02 8.73613588e-01 -4.39793986e-02
1.15475000e+04 8.62759770e-03 -4.74584239e-02 8.74354342e-01 -4.54538120e-02
1.15480000e+04 1.03220300e-02 -4.86830459e-02 8.75095095e-01 -4.67368670e-02
1.15485000e+04 1.22022006e-02 -4.96792714e-02 8.75835849e-01 -4.78062137e-02
1.15490000e+04 1.42883539e-02 -5.04222066e-02 8.76576603e-01 -4.86363182e-02
1.15495000e+04 1.66036912e-02 -5.08833216e-02 8.77317357e-01 -4.91978878e-02
1.15500000e+04 1.91748945e-02 -5.10298063e-02 8.78058110e-01 -4.94572020e-02
1.15505000e+04 2.20327961e-02 -5.08237474e-02 8.78798864e-01 -4.93752602e-02
1.15510000e+04 2.52131961e-02 -5.02211225e-02 8.79539618e-01 -4.89067385e-02
1.15515000e+04 2.87578492e-02 -4.91705872e-02 8.80280372e-01 -4.79987301e-02
1.15520000e+04 3.27157192e-02 -4.76119324e-02 8.81021125e-01 -4.65891443e-02
1.15525000e+04 3.71445415e-02 -4.54741627e-02 8.81761879e-01 -4.46047108e-02
1.15530000e+04 4.21127761e-02 -4.26730949e-02 8.82502633e-01 -4.19584833e-02
1.15535000e+04 4.77021253e-02 -3.91082624e-02 8.83243387e-01 -3.85466220e-02
1.15540000e+04 5.40106910e-02 -3.46590325e-02 8.83984140e-01 -3.42443526e-02
1.15545000e+04 6.11571192e-02 -2.91795098e-02 8.84724894e-01 -2.89006630e-02
1.15550000e+04 6.92859030e-02 -2.24920161e-02 8.85465648e-01 -2.23315088e-02
1.15555000e+04 7.85743667e-02 -1.43785011e-02 8.86206402e-01 -1.43108608e-02
1.15560000e+04 8.92418458e-02 -4.56925505e-03 8.86947155e-01 -4.55892670e-03
1.15565000e+04 1.01561843e-01 7.27203948e-03 8.87687909e-01 7.27346114e-03
1.15570000e+04 1.15878222e-01 2.15682202e-02 8.88428663e-01 2.16256674e-02
1.15575000e+04 1.32626838e-01 3.88552457e-02 8.89169417e-01 3.90551070e-02
1.15580000e+04 1.52364386e-01 5.98176648e-02 8.89910170e-01 6.02744485e-02
1.15585000e+04 1.75806596e-01 8.53355876e-02 8.90650924e-01 8.62009918e-02
1.15590000e+04 2.03877706e-01 1.16545521e-01 8.91391678e-01 1.18020823e-01
1.15591000e+04 2.10146956e-01 1.23592974e-01 8.91539829e-01 1.25219900e-01
1.15592000e+04 2.16659097e-01 1.30939103e-01 8.91687979e-01 1.32728919e-01
1.15592900e+04 2.23442753e-01 1.38685269e-01 8.91821315e-01 1.40644122e-01
1.15593900e+04 2.30476048e-01 1.46672244e-01 8.91969466e-01 1.48818190e-01
1.15594900e+04 2.37788852e-01 1.55002922e-01 8.92117617e-01 1.57349334e-01
1.15595900e+04 2.45394553e-01 1.63693767e-01 8.92265767e-01 1.66254808e-01
1.15596400e+04 2.53392595e-01 1.73197882e-01 8.92339843e-01 1.75951597e-01
1.15597400e+04 2.61627048e-01 1.82661882e-01 8.92487993e-01 1.85658901e-01
1.15598400e+04 2.70198664e-01 1.92540482e-01 8.92636144e-01 1.95797535e-01
1.15599400e+04 2.79123509e-01 2.02853435e-01 8.92784295e-01 2.06388246e-01
1.15600400e+04 2.88418346e-01 2.13621356e-01 8.92932446e-01 2.17452697e-01
1.15601400e+04 2.98100609e-01 2.24865682e-01 8.93080596e-01 2.29013434e-01
1.15602400e+04 3.08188341e-01 2.36608601e-01 8.93228747e-01 2.41093810e-01
1.15603400e+04 3.18700227e-01 2.48873088e-01 8.93376898e-01 2.53718032e-01
1.15604400e+04 3.29655505e-01 2.61682799e-01 8.93525049e-01 2.66911046e-01
1.15605400e+04 3.41073934e-01 2.75062034e-01 8.93673199e-01 2.80698508e-01
1.15606400e+04 3.52975657e-01 2.89035558e-01 8.93821350e-01 2.95106599e-01
1.15607400e+04 3.65381101e-01 3.03628493e-01 8.93969501e-01 3.10161919e-01
1.15608400e+04 3.78310962e-01 3.18866286e-01 8.94117652e-01 3.25891450e-01
1.15609400e+04 3.91785784e-01 3.34774201e-01 8.94265802e-01 3.42322045e-01
1.15610400e+04 4.05825942e-01 3.51377290e-01 8.94413953e-01 3.59480392e-01
1.15611400e+04 4.20451399e-01 3.68700104e-01 8.94562104e-01 3.77392722e-01
1.15612400e+04 4.35681219e-01 3.86766083e-01 8.94710255e-01 3.96084179e-01
1.15613400e+04 4.51533329e-01 4.05597272e-01 8.94858405e-01 4.15578529e-01
1.15614400e+04 4.68024086e-01 4.25213785e-01 8.95006556e-01 4.35897607e-01
1.15615400e+04 4.85167750e-01 4.45633156e-01 8.95154707e-01 4.57060647e-01
1.15616400e+04 5.02975875e-01 4.66869594e-01 8.95302858e-01 4.79083506e-01
1.15617400e+04 5.21456755e-01 4.88933299e-01 8.95451008e-01 5.01977961e-01
1.15618400e+04 5.40614554e-01 5.11829387e-01 8.95599159e-01 5.25750589e-01
1.15619400e+04 5.60448658e-01 5.35557107e-01 8.95747310e-01 5.50401952e-01
1.15620400e+04 5.80952696e-01 5.60108622e-01 8.95895461e-01 5.75925324e-01
1.15621400e+04 6.02113656e-01 5.85467935e-01 8.96043611e-01 6.02305572e-01
1.15622400e+04 6.23910906e-01 6.11609672e-01 8.96191762e-01 6.29517884e-01
1.15623400e+04 6.46315196e-01 6.38497867e-01 8.96339913e-01 6.57526485e-01
1.15624400e+04 6.69287731e-01 6.66084814e-01 8.96488064e-01 6.86283437e-01
1.15625400e+04 6.92779268e-01 6.94309962e-01 8.96636214e-01 7.15727456e-01
1.15626400e+04 7.16729389e-01 7.23099015e-01 8.96784365e-01 7.45782964e-01
1.15627400e+04 7.41065771e-01 7.52363042e-01 8.96932516e-01 7.76359124e-01
1.15628400e+04 7.65704072e-01 7.81998328e-01 8.97080667e-01 8.07349655e-01
1.15629400e+04 7.90547727e-01 8.11886132e-01 8.97228817e-01 8.38632535e-01
1.15630400e+04 8.15653201e-01 8.42095887e-01 8.97376968e-01 8.70279965e-01
1.15631400e+04 8.40736382e-01 8.72278228e-01 8.97525119e-01 9.01931262e-01
1.15632400e+04 8.65668399e-01 9.02274688e-01 8.97673270e-01 9.33422495e-01
1.15633400e+04 8.90312496e-01 9.31917101e-01 8.97821420e-01 9.64579358e-01
1.15634400e+04 9.14526327e-01 9.61030431e-01 8.97969571e-01 9.95220076e-01
1.15635400e+04 9.38164870e-01 9.89436347e-01 8.98117722e-01 1.02515909e+00
1.15636400e+04 9.61083364e-01 1.01695684e+00 8.98265873e-01 1.05421080e+00
1.15637400e+04 9.83140716e-01 1.04341842e+00 8.98414023e-01 1.08219390e+00
1.15638400e+04 1.00420287e+00 1.06865624e+00 8.98562174e-01 1.10893571e+00
1.15639400e+04 1.02414612e+00 1.09251817e+00 8.98710325e-01 1.13427636e+00
1.15640400e+04 1.04284467e+00 1.11484953e+00 8.98858476e-01 1.15805305e+00
1.15641400e+04 1.06018598e+00 1.13551194e+00 8.99006626e-01 1.18011955e+00
1.15642400e+04 1.07609036e+00 1.15440741e+00 8.99154777e-01 1.20037134e+00
1.15643400e+04 1.09049851e+00 1.17146300e+00 8.99302928e-01 1.21872975e+00
1.15644400e+04 1.10337218e+00 1.18663169e+00 8.99451079e-01 1.23514294e+00
1.15645400e+04 1.11469402e+00 1.19989216e+00 8.99599229e-01 1.24958569e+00
1.15646400e+04 1.12446647e+00 1.21124739e+00 8.99747380e-01 1.26205811e+00
1.15647400e+04 1.13271048e+00 1.22072314e+00 8.99895531e-01 1.27258399e+00
1.15648400e+04 1.13946331e+00 1.22836523e+00 9.00043682e-01 1.28120814e+00
1.15649400e+04 1.14477641e+00 1.23423695e+00 9.00191832e-01 1.28799367e+00
1.15650400e+04 1.14871302e+00 1.23841602e+00 9.00339983e-01 1.29301890e+00
1.15651400e+04 1.15134570e+00 1.24099170e+00 9.00488134e-01 1.29637435e+00
1.15652400e+04 1.15275402e+00 1.24206183e+00 9.00636285e-01 1.29815970e+00
1.15653400e+04 1.15302254e+00 1.24173038e+00 9.00784435e-01 1.29848125e+00
1.15654400e+04 1.15223879e+00 1.24010498e+00 9.00932586e-01 1.29744936e+00
1.15655400e+04 1.15049187e+00 1.23729520e+00 9.01080737e-01 1.29517660e+00
1.15656400e+04 1.14787088e+00 1.23341061e+00 9.01228888e-01 1.29177584e+00
1.15657400e+04 1.14446392e+00 1.22855954e+00 9.01377038e-01 1.28735883e+00
1.15658400e+04 1.14035731e+00 1.22284814e+00 9.01525189e-01 1.28203529e+00
1.15659400e+04 1.13563473e+00 1.21637929e+00 9.01673340e-01 1.27591174e+00
1.15660400e+04 1.13037688e+00 1.20925224e+00 9.01821491e-01 1.26909108e+00
1.15661400e+04 1.12466097e+00 1.20156192e+00 9.01969641e-01 1.26167194e+00
1.15662400e+04 1.11856054e+00 1.19339878e+00 9.02117792e-01 1.25374838e+00
1.15663400e+04 1.11214521e+00 1.18484842e+00 9.02265943e-01 1.24540962e+00
1.15664400e+04 1.10548056e+00 1.17599146e+00 9.02414094e-01 1.23673979e+00
1.15665400e+04 1.09862804e+00 1.16690350e+00 9.02562244e-01 1.22781791e+00
1.15666400e+04 1.09164491e+00 1.15765492e+00 9.02710395e-01 1.21871770e+00
1.15667400e+04 1.08458430e+00 1.14831107e+00 9.02858546e-01 1.20950771e+00
1.15668400e+04 1.07749511e+00 1.13893208e+00 9.03006697e-01 1.20025113e+00
1.15669400e+04 1.07042216e+00 1.12957306e+00 9.03154847e-01 1.19100600e+00
1.15670400e+04 1.06340617e+00 1.12028408e+00 9.03302998e-01 1.18182515e+00
1.15671400e+04 1.05648383e+00 1.11111026e+00 9.03451149e-01 1.17275632e+00
1.15672400e+04 1.04968801e+00 1.10209201e+00 9.03599300e-01 1.16384234e+00
1.15673400e+04 1.04304771e+00 1.09326501e+00 9.03747450e-01 1.15512117e+00
1.15674400e+04 1.03658827e+00 1.08466039e+00 9.03895601e-01 1.14662600e+00
1.15675400e+04 1.03033149e+00 1.07630500e+00 9.04043752e-01 1.13838559e+00
1.15676400e+04 1.02429577e+00 1.06822142e+00 9.04191903e-01 1.13042423e+00
1.15677400e+04 1.01849615e+00 1.06042818e+00 9.04340053e-01 1.12276199e+00
1.15678400e+04 1.01294468e+00 1.05294006e+00 9.04488204e-01 1.11541498e+00
1.15679400e+04 1.00765030e+00 1.04576809e+00 9.04636355e-01 1.10839539e+00
1.15680400e+04 1.00261910e+00 1.03891975e+00 9.04784506e-01 1.10171166e+00
1.15681400e+04 9.97854527e-01 1.03239926e+00 9.04932656e-01 1.09536880e+00
1.15682400e+04 9.93357352e-01 1.02620759e+00 9.05080807e-01 1.08936836e+00
1.15683400e+04 9.89126008e-01 1.02034280e+00 9.05228958e-01 1.08370883e+00
1.15684400e+04 9.85156509e-01 1.01479999e+00 9.05377109e-01 1.07838554e+00
1.15685400e+04 9.81442683e-01 1.00957158e+00 9.05525259e-01 1.07339094e+00
1.15686400e+04 9.77976353e-01 1.00464750e+00 9.05673410e-01 1.06871486e+00
1.15687400e+04 9.74747362e-01 1.00001527e+00 9.05821561e-01 1.06434450e+00
1.15688400e+04 9.71743864e-01 9.95660322e-01 9.05969712e-01 1.06026484e+00
1.15689400e+04 9.68952269e-01 9.91565945e-01 9.06117862e-01 1.05645852e+00
1.15690400e+04 9.66357646e-01 9.87713778e-01 9.06266013e-01 1.05290640e+00
1.15691400e+04 9.63943843e-01 9.84083960e-01 9.06414164e-01 1.04958770e+00
1.15692400e+04 9.61693572e-01 9.80655232e-01 9.06562315e-01 1.04648010e+00
1.15693400e+04 9.59588906e-01 9.77405549e-01 9.06710465e-01 1.04356040e+00
1.15694400e+04 9.57611247e-01 9.74312044e-01 9.06858616e-01 1.04080447e+00
1.15695400e+04 9.55741912e-01 9.71351740e-01 9.07006767e-01 1.03818800e+00
1.15696400e+04 9.53962215e-01 9.68501661e-01 9.07154918e-01 1.03568665e+00
1.15697400e+04 9.52253880e-01 9.65739334e-01 9.07303068e-01 1.03327656e+00
1.15698400e+04 9.50599386e-01 9.63043214e-01 9.07451219e-01 1.03093480e+00
1.15699400e+04 9.48982262e-01 9.60393045e-01 9.07599370e-01 1.02863979e+00
1.15700400e+04 9.47387401e-01 9.57770254e-01 9.07747521e-01 1.02637169e+00
1.15701400e+04 9.45801417e-01 9.55158378e-01 9.07895671e-01 1.02411290e+00
1.15702400e+04 9.44212871e-01 9.52543353e-01 9.08043822e-01 1.02184835e+00
1.15703400e+04 9.42612452e-01 9.49913726e-01 9.08191973e-01 1.01956574e+00
1.15704400e+04 9.40993348e-01 9.47261124e-01 9.08340124e-01 1.01725604e+00
1.15705400e+04 9.39351107e-01 9.44580070e-01 9.08488274e-01 1.01491332e+00
1.15706400e+04 9.37683953e-01 9.41868383e-01 9.08636425e-01 1.01253520e+00
1.15707400e+04 9.35992586e-01 9.39126920e-01 9.08784576e-01 1.01012253e+00
1.15708400e+04 9.34280292e-01 9.36359726e-01 9.08932727e-01 1.00767961e+00
1.15709400e+04 9.32552691e-01 9.33573707e-01 9.09080877e-01 1.00521384e+00
1.15710400e+04 9.30817639e-01 9.30778527e-01 9.09229028e-01 1.00273558e+00
1.15711400e+04 9.29085002e-01 9.27986317e-01 9.09377179e-01 1.00025789e+00
1.15712400e+04 9.27366365e-01 9.25211321e-01 9.09525330e-01 9.97796136e-01
1.15713400e+04 9.25674648e-01 9.22469429e-01 9.09673480e-01 9.95367487e-01
1.15714400e+04 9.24024054e-01 9.19778104e-01 9.09821631e-01 9.92990850e-01
1.15715400e+04 9.22429455e-01 9.17155635e-01 9.09969782e-01 9.90686061e-01
1.15716400e+04 9.20906305e-01 9.14621025e-01 9.10117933e-01 9.88473773e-01
1.15717400e+04 9.19470117e-01 9.12193347e-01 9.10266083e-01 9.86374760e-01
1.15718400e+04 9.18136372e-01 9.09891643e-01 9.10414234e-01 9.84409801e-01
1.15719400e+04 9.16920090e-01 9.07734376e-01 9.10562385e-01 9.82599099e-01
1.15720400e+04 9.15835675e-01 9.05739264e-01 9.10710536e-01 9.80962087e-01
1.15721400e+04 9.14896631e-01 9.03922910e-01 9.10858686e-01 9.79517038e-01
1.15722400e+04 9.14115387e-01 9.02300597e-01 9.11006837e-01 9.78280826e-01
1.15723400e+04 9.13503147e-01 9.00886103e-01 9.11154988e-01 9.77268733e-01
1.15724400e+04 9.13069718e-01 8.99691487e-01 9.11303139e-01 9.76494207e-01
1.15725400e+04 9.12823483e-01 8.98727057e-01 9.11451289e-01 9.75968823e-01
1.15726400e+04 9.12771222e-01 8.98001152e-01 9.11599440e-01 9.75702040e-01
1.15727400e+04 9.12918030e-01 8.97520034e-01 9.11747591e-01 9.75701082e-01
1.15728400e+04 9.13267397e-01 8.97287998e-01 9.11895742e-01 9.75971046e-01
1.15729400e+04 9.13821129e-01 8.97307262e-01 9.12043892e-01 9.76514783e-01
1.15730400e+04 9.14579312e-01 8.97577934e-01 9.12192043e-01 9.77332849e-01
1.15731400e+04 9.15540347e-01 8.98098045e-01 9.12340194e-01 9.78423543e-01
1.15732400e+04 9.16701061e-01 8.98863695e-01 9.12488345e-01 9.79783049e-01
1.15733400e+04 9.18056564e-01 8.99868872e-01 9.12636495e-01 9.81405245e-01
1.15734400e+04 9.19600512e-01 9.01105773e-01 9.12784646e-01 9.83282040e-01
1.15735400e+04 9.21325077e-01 9.02564772e-01 9.12932797e-01 9.85403335e-01
1.15736400e+04 9.23221060e-01 9.04234561e-01 9.13080948e-01 9.87757170e-01
1.15737400e+04 9.25277928e-01 9.06102183e-01 9.13229098e-01 9.90329761e-01
1.15738400e+04 9.27484038e-01 9.08153323e-01 9.13377249e-01 9.93105807e-01
1.15739400e+04 9.29826673e-01 9.10372344e-01 9.13525400e-01 9.96068526e-01
1.15740400e+04 9.32292211e-01 9.12742495e-01 9.13673551e-01 9.99199884e-01
1.15741400e+04 9.34866247e-01 9.15246063e-01 9.13821701e-01 1.00248075e+00
1.15742400e+04 9.37533735e-01 9.17864544e-01 9.13969852e-01 1.00589109e+00
1.15743400e+04 9.40279132e-01 9.20578829e-01 9.14118003e-01 1.00941016e+00
1.15744400e+04 9.43086607e-01 9.23369449e-01 9.14266154e-01 1.01301678e+00
1.15745400e+04 9.45940095e-01 9.26216649e-01 9.14414304e-01 1.01668940e+00
1.15746400e+04 9.48823501e-01 9.29100639e-01 9.14562455e-01 1.02040639e+00
1.15747400e+04 9.51720848e-01 9.32001771e-01 9.14710606e-01 1.02414625e+00
1.15748400e+04 9.54616303e-01 9.34900577e-01 9.14858757e-01 1.02788759e+00
1.15749400e+04 9.57494412e-01 9.37778054e-01 9.15006907e-01 1.03160952e+00
1.15750400e+04 9.60340158e-01 9.40615734e-01 9.15155058e-01 1.03529169e+00
1.15751400e+04 9.63139019e-01 9.43395761e-01 9.15303209e-01 1.03891435e+00
1.15752400e+04 9.65877024e-01 9.46100956e-01 9.15451360e-01 1.04245849e+00
1.15753400e+04 9.68540844e-01 9.48714928e-01 9.15599510e-01 1.04590591e+00
1.15754400e+04 9.71117878e-01 9.51222182e-01 9.15747661e-01 1.04923936e+00
1.15755400e+04 9.73596164e-01 9.53608009e-01 9.15895812e-01 1.05244241e+00
1.15756400e+04 9.75964439e-01 9.55858558e-01 9.16043963e-01 1.05549957e+00
1.15757400e+04 9.78212167e-01 9.57960875e-01 9.16192113e-01 1.05839628e+00
1.15758400e+04 9.80329453e-01 9.59902792e-01 9.16340264e-01 1.06111883e+00
1.15759400e+04 9.82307130e-01 9.61673036e-01 9.16488415e-01 1.06365446e+00
1.15760400e+04 9.84136613e-01 9.63261049e-01 9.16636566e-01 1.06599119e+00
1.15761400e+04 9.85809955e-01 9.64657062e-01 9.16784716e-01 1.06811788e+00
1.15762400e+04 9.87319794e-01 9.65852021e-01 9.16932867e-01 1.07002415e+00
1.15763400e+04 9.88659290e-01 9.66837514e-01 9.17081018e-01 1.07170031e+00
1.15764400e+04 9.89822070e-01 9.67605705e-01 9.17229169e-01 1.07313730e+00
1.15765400e+04 9.90802342e-01 9.68149472e-01 9.17377319e-01 1.07432682e+00
1.15766400e+04 9.91594664e-01 9.68462123e-01 9.17525470e-01 1.07526104e+00
1.15767400e+04 9.92194118e-01 9.68537610e-01 9.17673621e-01 1.07593282e+00
1.15768400e+04 9.92596162e-01 9.68370349e-01 9.17821772e-01 1.07633553e+00
1.15769400e+04 9.92796724e-01 9.67955330e-01 9.17969922e-01 1.07646314e+00
1.15770400e+04 9.92792105e-01 9.67288009e-01 9.18118073e-01 1.07631015e+00
1.15771400e+04 9.92579194e-01 9.66364556e-01 9.18266224e-01 1.07587184e+00
1.15772400e+04 9.92155282e-01 9.65181643e-01 9.18414375e-01 1.07514403e+00
1.15773400e+04 9.91518187e-01 9.63736586e-01 9.18562525e-01 1.07412325e+00
1.15774400e+04 9.90666425e-01 9.62027560e-01 9.18710676e-01 1.07280698e+00
1.15775400e+04 9.89599036e-01 9.60053383e-01 9.18858827e-01 1.07119342e+00
1.15776400e+04 9.88315815e-01 9.57813805e-01 9.19006978e-01 1.06928181e+00
1.15777400e+04 9.86817403e-01 9.55309614e-01 9.19155129e-01 1.06707251e+00
1.15778400e+04 9.85105197e-01 9.52542527e-01 9.19303279e-01 1.06456698e+00
1.15779400e+04 9.83181526e-01 9.49515408e-01 9.19451430e-01 1.06176791e+00
1.15780400e+04 9.81049677e-01 9.46232299e-01 9.19599581e-01 1.05867935e+00
1.15781400e+04 9.78713959e-01 9.42698499e-01 9.19747732e-01 1.05530675e+00
1.15782400e+04 9.76179638e-01 9.38920484e-01 9.19895882e-01 1.05165689e+00
1.15783400e+04 9.73453089e-01 9.34906092e-01 9.20044033e-01 1.04773810e+00
1.15784400e+04 9.70541675e-01 9.30664377e-01 9.20192184e-01 1.04356009e+00
1.15785400e+04 9.67453777e-01 9.26205646e-01 9.20340335e-01 1.03913399e+00
1.15786400e+04 9.64198768e-01 9.21541423e-01 9.20488485e-01 1.03447232e+00
1.15787400e+04 9.60786948e-01 9.16684376e-01 9.20636636e-01 1.02958892e+00
1.15788400e+04 9.57229408e-01 9.11648141e-01 9.20784787e-01 1.02449875e+00
1.15789400e+04 9.53538050e-01 9.06447354e-01 9.20932938e-01 1.01921793e+00
1.15790400e+04 9.49725476e-01 9.01097512e-01 9.21081088e-01 1.01376356e+00
1.15791400e+04 9.45804870e-01 8.95614826e-01 9.21229239e-01 1.00815361e+00
1.15792400e+04 9.41789911e-01 8.90016117e-01 9.21377390e-01 1.00240677e+00
1.15793400e+04 9.37694742e-01 8.84318778e-01 9.21525541e-01 9.96542411e-01
1.15794400e+04 9.33533829e-01 8.78540594e-01 9.21673691e-01 9.90580385e-01
1.15795400e+04 9.29321839e-01 8.72699603e-01 9.21821842e-01 9.84540882e-01
1.15796400e+04 9.25073674e-01 8.66814128e-01 9.21969993e-01 9.78444455e-01
1.15797400e+04 9.20804234e-01 8.60902492e-01 9.22118144e-01 9.72311704e-01
1.15798400e+04 9.16528565e-01 8.54983197e-01 9.22266294e-01 9.66163476e-01
1.15799400e+04 9.12261483e-01 8.49074460e-01 9.22414445e-01 9.60020343e-01
1.15800400e+04 9.08017770e-01 8.43194461e-01 9.22562596e-01 9.53902878e-01
1.15801400e+04 9.03811892e-01 8.37360985e-01 9.22710747e-01 9.47831259e-01
1.15802400e+04 8.99658022e-01 8.31591462e-01 9.22858897e-01 9.41825300e-01
1.15803400e+04 8.95569838e-01 8.25902711e-01 9.23007048e-01 9.35904173e-01
1.15804400e+04 8.91560583e-01 8.20311016e-01 9.23155199e-01 9.30086480e-01
1.15805400e+04 8.87642742e-01 8.14831731e-01 9.23303350e-01 9.24389814e-01
1.15806400e+04 8.83828101e-01 8.09479348e-01 9.23451500e-01 9.18830828e-01
1.15807400e+04 8.80127605e-01 8.04267324e-01 9.23599651e-01 9.13425037e-01
1.15808400e+04 8.76551206e-01 7.99207898e-01 9.23747802e-01 9.08186605e-01
1.15809400e+04 8.73107838e-01 7.94312057e-01 9.23895953e-01 9.03128305e-01
1.15810400e+04 8.69805303e-01 7.89589393e-01 9.24044103e-01 8.98261350e-01
1.15811400e+04 8.66650147e-01 7.85047957e-01 9.24192254e-01 8.93595230e-01
1.15812400e+04 8.63647697e-01 7.80694298e-01 9.24340405e-01 8.89137738e-01
1.15813400e+04 8.60801998e-01 7.76533392e-01 9.24488556e-01 8.84894896e-01
1.15814400e+04 8.58115787e-01 7.72568601e-01 9.24636706e-01 8.80870901e-01
1.15815400e+04 8.55590459e-01 7.68801645e-01 9.24784857e-01 8.77068080e-01
1.15816400e+04 8.53226132e-01 7.65232665e-01 9.24933008e-01 8.73486970e-01
1.15817400e+04 8.51021699e-01 7.61860303e-01 9.25081159e-01 8.70126392e-01
1.15818400e+04 8.48974862e-01 7.58681730e-01 9.25229309e-01 8.66983487e-01
1.15819400e+04 8.47082156e-01 7.55692689e-01 9.25377460e-01 8.64053753e-01
1.15820400e+04 8.45339188e-01 7.52887774e-01 9.25525611e-01 8.61331368e-01
1.15821400e+04 8.43740602e-01 7.50260402e-01 9.25673762e-01 8.58809145e-01
1.15822400e+04 8.42280258e-01 7.47803021e-01 9.25821912e-01 8.56478773e-01
1.15823400e+04 8.40951315e-01 7.45507221e-01 9.25970063e-01 8.54330940e-01
1.15824400e+04 8.39746499e-01 7.43364055e-01 9.26118214e-01 8.52355695e-01
1.15825400e+04 8.38658068e-01 7.41364004e-01 9.26266365e-01 8.50542411e-01
1.15826400e+04 8.37678135e-01 7.39497369e-01 9.26414515e-01 8.48880228e-01
1.15827400e+04 8.36798666e-01 7.37754273e-01 9.26562666e-01 8.47358058e-01
1.15828400e+04 8.36011747e-01 7.36124981e-01 9.26710817e-01 8.45964952e-01
1.15829400e+04 8.35309751e-01 7.34600118e-01 9.26858968e-01 8.44690347e-01
1.15830400e+04 8.34685317e-01 7.33170628e-01 9.27007118e-01 8.43524028e-01
1.15831400e+04 8.34131662e-01 7.31828174e-01 9.27155269e-01 8.42456579e-01
1.15832400e+04 8.33642674e-01 7.30565240e-01 9.27303420e-01 8.41479513e-01
1.15833400e+04 8.33212913e-01 7.29375134e-01 9.27451571e-01 8.40585270e-01
1.15834400e+04 8.32837808e-01 7.28252237e-01 9.27599721e-01 8.39767513e-01
1.15835400e+04 8.32513692e-01 7.27192039e-01 9.27747872e-01 8.39021170e-01
1.15836400e+04 8.32237858e-01 7.26191214e-01 9.27896023e-01 8.38342519e-01
1.15837400e+04 8.32008648e-01 7.25247720e-01 9.28044174e-01 8.37729319e-01
1.15838400e+04 8.31825335e-01 7.24360663e-01 9.28192324e-01 8.37180650e-01
1.15839400e+04 8.31688180e-01 7.23530365e-01 9.28340475e-01 8.36696992e-01
1.15840400e+04 8.31790517e-01 7.22994563e-01 9.28488626e-01 8.36553536e-01
1.15841400e+04 8.33531641e-01 7.24473926e-01 9.28636777e-01 8.38742925e-01
1.15842400e+04 8.37516060e-01 7.28711796e-01 9.28784927e-01 8.44130231e-01
1.15843400e+04 8.44164174e-01 7.36225127e-01 9.28933078e-01 8.53320098e-01
1.15844400e+04 8.53511402e-01 7.47057471e-01 9.29081229e-01 8.66369548e-01
1.15845400e+04 8.65324770e-01 7.60922348e-01 9.29229380e-01 8.82952770e-01
1.15846400e+04 8.79439815e-01 7.77617524e-01 9.29377530e-01 9.02841019e-01
1.15851400e+04 8.95985880e-01 7.94655479e-01 9.30118284e-01 9.25266426e-01
1.15856400e+04 9.15363946e-01 8.15175854e-01 9.30859038e-01 9.51887170e-01
1.15861400e+04 9.37775087e-01 8.39425905e-01 9.31599792e-01 9.83029078e-01
1.15866400e+04 9.62764155e-01 8.66845950e-01 9.32340545e-01 1.01807403e+00
1.15871400e+04 9.88879237e-01 8.95650617e-01 9.33081299e-01 1.05495305e+00
1.15876400e+04 1.01364593e+00 9.22797209e-01 9.33822053e-01 1.09008782e+00
1.15881400e+04 1.03399660e+00 9.44513570e-01 9.34562807e-01 1.11899412e+00
1.15886400e+04 1.04712874e+00 9.57353532e-01 9.35303560e-01 1.13752257e+00
1.15891400e+04 1.05146803e+00 9.59381201e-01 9.36044314e-01 1.14327492e+00
1.15896400e+04 1.04724551e+00 9.50880696e-01 9.36785068e-01 1.13647799e+00
1.15901400e+04 1.03637471e+00 9.34205015e-01 9.37525822e-01 1.11984128e+00
1.15906400e+04 1.02170489e+00 9.12857800e-01 9.38266575e-01 1.09748975e+00
1.15911400e+04 1.00603887e+00 8.90285574e-01 9.39007329e-01 1.07352842e+00
1.15916400e+04 9.78620973e-01 8.53262460e-01 9.39748083e-01 1.03194734e+00
1.15921400e+04 9.58539453e-01 8.25260648e-01 9.40488837e-01 1.00106106e+00
1.15926400e+04 9.44583340e-01 8.04791052e-01 9.41229590e-01 9.79153948e-01
1.15931400e+04 9.39665861e-01 7.95435974e-01 9.41970344e-01 9.70678408e-01
1.15936400e+04 9.45823822e-01 7.99700011e-01 9.42711098e-01 9.78821410e-01
1.15941400e+04 9.56417384e-01 8.09418364e-01 9.43451852e-01 9.93709792e-01
1.15946400e+04 9.59330164e-01 8.09691905e-01 9.44192605e-01 9.97058029e-01
1.15956400e+04 9.47823677e-01 7.88926325e-01 9.45674113e-01 9.77411219e-01
1.15966400e+04 9.26452047e-01 7.56029895e-01 9.47155620e-01 9.42402052e-01
1.15976400e+04 9.05595141e-01 7.23766403e-01 9.48637128e-01 9.07754489e-01
1.15986400e+04 8.93628849e-01 7.02435416e-01 9.50118635e-01 8.86473315e-01
1.15996400e+04 8.93743143e-01 6.95959538e-01 9.51600143e-01 8.83790433e-01
1.16006400e+04 9.04304273e-01 7.02329798e-01 9.53081650e-01 8.97489559e-01
1.16016400e+04 9.21178148e-01 7.16462639e-01 9.54563158e-01 9.21344492e-01
1.16026400e+04 9.41373310e-01 7.34679561e-01 9.56044665e-01 9.50788758e-01
1.16036400e+04 9.64161853e-01 7.56085480e-01 9.57526173e-01 9.84764046e-01
1.16046400e+04 9.89003908e-01 7.80016536e-01 9.59007680e-01 1.02248784e+00
1.16056400e+04 1.01508018e+00 8.05465273e-01 9.60489188e-01 1.06270395e+00
1.16066400e+04 1.04231798e+00 8.32342293e-01 9.61970695e-01 1.10534254e+00
1.16076400e+04 1.07043563e+00 8.60301243e-01 9.63452203e-01 1.14998844e+00
1.16086400e+04 1.09626662e+00 8.85448362e-01 9.64933710e-01 1.19144217e+00
1.16096400e+04 1.11308959e+00 8.99518610e-01 9.66415218e-01 1.21844445e+00
1.16106400e+04 1.11489363e+00 8.95120561e-01 9.67896725e-01 1.22062503e+00
1.16116400e+04 1.10276270e+00 8.73587122e-01 9.69378233e-01 1.19931063e+00
1.16126400e+04 1.08545779e+00 8.45691400e-01 9.70859740e-01 1.16891229e+00
1.16136400e+04 1.07185439e+00 8.22347324e-01 9.72341248e-01 1.14443188e+00
1.16146400e+04 1.06490732e+00 8.07188302e-01 9.73822755e-01 1.13108320e+00
1.16156400e+04 1.06228795e+00 7.97350931e-01 9.75304263e-01 1.12505794e+00
1.16166400e+04 1.06025909e+00 7.88239690e-01 9.76785770e-01 1.11998013e+00
1.16176400e+04 1.05682536e+00 7.77400911e-01 9.78267278e-01 1.11235891e+00
1.16186400e+04 1.05231657e+00 7.65240173e-01 9.79748785e-01 1.10272463e+00
1.16196400e+04 1.04822617e+00 7.53593918e-01 9.81230293e-01 1.09369937e+00
1.16206400e+04 1.04590770e+00 7.44126555e-01 9.82711801e-01 1.08772925e+00
1.16216400e+04 1.04581484e+00 7.37395941e-01 9.84193308e-01 1.08570205e+00
1.16226400e+04 1.04740416e+00 7.32733851e-01 9.85674816e-01 1.08671306e+00
1.16236400e+04 1.04937464e+00 7.28540471e-01 9.87156323e-01 1.08843919e+00
1.16246400e+04 1.05014321e+00 7.22869134e-01 9.88637831e-01 1.08796647e+00
1.16256400e+04 1.04849805e+00 7.14229717e-01 9.90119338e-01 1.08298620e+00
1.16266400e+04 1.04376805e+00 7.01796958e-01 9.91600846e-01 1.07213594e+00
1.16276400e+04 1.03550232e+00 6.85016435e-01 9.93082353e-01 1.05442887e+00
1.16286400e+04 1.02362255e+00 6.63791844e-01 9.94563861e-01 1.02955857e+00
1.16296400e+04 1.00900406e+00 6.39199532e-01 9.96045368e-01 9.99042024e-01
1.16306400e+04 9.93309935e-01 6.13284546e-01 9.97526876e-01 9.65969011e-01
1.16316400e+04 9.78009637e-01 5.87853838e-01 9.99008383e-01 9.33147930e-01
1.16326400e+04 9.63766843e-01 5.63723509e-01 1.00048989e+00 9.01890398e-01
1.16336400e+04 9.50790136e-01 5.41150047e-01 1.00197140e+00 8.72647253e-01
1.16346400e+04 9.39475471e-01 5.20620343e-01 1.00345291e+00 8.46258275e-01
1.16356400e+04 9.30476132e-01 5.02937722e-01 1.00493441e+00 8.24108841e-01
1.16366400e+04 9.24230911e-01 4.88641753e-01 1.00641592e+00 8.07193682e-01
1.16376400e+04 9.20590160e-01 4.77548417e-01 1.00789743e+00 7.95335044e-01
1.16386400e+04 9.18939010e-01 4.68901628e-01 1.00937894e+00 7.87388672e-01
1.16396400e+04 9.18698039e-01 4.61988891e-01 1.01086044e+00 7.82245972e-01
1.16406400e+04 9.19775978e-01 4.56697976e-01 1.01234195e+00 7.79786004e-01
1.16416400e+04 9.22606819e-01 4.53562549e-01 1.01382346e+00 7.80995903e-01
1.16426400e+04 9.27790996e-01 4.53320943e-01 1.01530497e+00 7.87251990e-01
1.16436400e+04 9.35677692e-01 4.56402538e-01 1.01678647e+00 7.99436882e-01
1.16446400e+04 9.46162803e-01 4.62679321e-01 1.01826798e+00 8.17479080e-01
1.16456400e+04 9.58774708e-01 4.71571354e-01 1.01974949e+00 8.40499089e-01
1.16466400e+04 9.72941058e-01 4.82374839e-01 1.02123100e+00 8.67363565e-01
1.16476400e+04 9.88164767e-01 4.94478523e-01 1.02271250e+00 8.97066579e-01
1.16486400e+04 1.00390268e+00 5.07214502e-01 1.02419401e+00 9.28462248e-01
1.16496400e+04 1.01927344e+00 5.19499021e-01 1.02567552e+00 9.59594875e-01
1.16506400e+04 1.03292539e+00 5.29669960e-01 1.02715703e+00 9.87358858e-01
1.16516400e+04 1.04325131e+00 5.35750985e-01 1.02863853e+00 1.00794241e+00
1.16526400e+04 1.04887515e+00 5.36050022e-01 1.03012004e+00 1.01793105e+00
1.16536400e+04 1.04917928e+00 5.29807587e-01 1.03160155e+00 1.01556905e+00
1.16546400e+04 1.04461735e+00 5.17581501e-01 1.03308306e+00 1.00158297e+00
1.16556400e+04 1.03664656e+00 5.01163649e-01 1.03456456e+00 9.79138323e-01
1.16566400e+04 1.02727859e+00 4.83027743e-01 1.03604607e+00 9.52868617e-01
1.16576400e+04 1.01840091e+00 4.65494714e-01 1.03752758e+00 9.27284733e-01
