# # source: .\new_experimental\norm_Pt_foil_Limpa_1.txt
# # site: Pt_foil_Limpa_1
# # columns: Energy(eV) Abs_raw Preedge_normalized PredictedPost_raw Final_normalized
# 
1.15154970e+04 8.99028538e-03 1.51120834e-02 1.07512079e+00 1.17607905e-02
1.15160040e+04 1.13878313e-02 1.78590644e-02 1.07459920e+00 1.39062577e-02
1.15165030e+04 1.02011814e-02 1.63718977e-02 1.07408585e+00 1.27551726e-02
1.15169990e+04 8.84435545e-03 1.46841413e-02 1.07357558e+00 1.14464372e-02
1.15174990e+04 8.66133110e-03 1.43828069e-02 1.07306119e+00 1.12176503e-02
1.15180020e+04 8.51374939e-03 1.41228453e-02 1.07254372e+00 1.10209359e-02
1.15184980e+04 7.37048970e-03 1.26874639e-02 1.07203345e+00 9.90617360e-03
1.15190010e+04 7.29831604e-03 1.25166134e-02 1.07151597e+00 9.77813970e-03
1.15195010e+04 7.37974831e-03 1.25277921e-02 1.07100159e+00 9.79221475e-03
1.15199970e+04 6.98058793e-03 1.19717262e-02 1.07049132e+00 9.36264147e-03
1.15205000e+04 8.29773141e-03 1.34426568e-02 1.06997385e+00 1.05187807e-02
1.15210020e+04 7.38117440e-03 1.22741534e-02 1.06945740e+00 9.60970746e-03
1.15215000e+04 7.08148684e-03 1.18352961e-02 1.06894507e+00 9.27116500e-03
1.15220020e+04 6.80897790e-03 1.14278759e-02 1.06842863e+00 8.95693226e-03
1.15225020e+04 6.22107219e-03 1.06480859e-02 1.06791424e+00 8.35031946e-03
1.15230020e+04 6.69042891e-03 1.11176819e-02 1.06739986e+00 8.72335786e-03
1.15235000e+04 6.76209262e-03 1.11176571e-02 1.06688753e+00 8.72810175e-03
1.15239980e+04 5.54628970e-03 9.59620989e-03 1.06637520e+00 7.53778024e-03
1.15245000e+04 4.49229951e-03 8.26529926e-03 1.06585876e+00 6.49593337e-03
1.15250020e+04 4.65524396e-03 8.37246216e-03 1.06534231e+00 6.58378363e-03
1.15255010e+04 3.44401552e-03 6.85625057e-03 1.06482896e+00 5.39444929e-03
1.15260010e+04 3.23341183e-03 6.52232512e-03 1.06431457e+00 5.13454026e-03
1.15264980e+04 2.72480923e-03 5.83675932e-03 1.06380327e+00 4.59735763e-03
1.15270010e+04 -6.08350505e-04 1.81234299e-03 1.06328580e+00 1.42829290e-03
1.15274980e+04 -1.67291978e-03 4.69781366e-04 1.06277450e+00 3.70433553e-04
1.15280020e+04 -4.49521729e-03 -2.95110999e-03 1.06225600e+00 -2.32831133e-03
1.15285010e+04 -5.31021983e-03 -3.99909432e-03 1.06174264e+00 -3.15686614e-03
1.15290000e+04 -7.43031379e-03 -6.58932862e-03 1.06122928e+00 -5.20444812e-03
1.15295020e+04 -6.40446171e-03 -5.46245227e-03 1.06071284e+00 -4.31679811e-03
1.15299980e+04 -7.72276784e-03 -7.10468919e-03 1.06020257e+00 -5.61767988e-03
1.15304960e+04 -1.13469423e-02 -1.14721523e-02 1.05969024e+00 -9.07602574e-03
1.15310010e+04 -1.43668993e-02 -1.51267915e-02 1.05917071e+00 -1.19740217e-02
1.15315000e+04 -1.55141763e-02 -1.65674306e-02 1.05865735e+00 -1.31216375e-02
1.15320000e+04 -1.90026952e-02 -2.07749273e-02 1.05814297e+00 -1.64631396e-02
1.15324940e+04 -1.95989092e-02 -2.15635148e-02 1.05763475e+00 -1.70974057e-02
1.15330000e+04 -2.04269843e-02 -2.26281379e-02 1.05711420e+00 -1.79515893e-02
1.15335010e+04 -2.10496601e-02 -2.34491864e-02 1.05659878e+00 -1.86132846e-02
1.15340020e+04 -1.98054765e-02 -2.20641338e-02 1.05608337e+00 -1.75236029e-02
1.15345000e+04 -1.81130446e-02 -2.01488677e-02 1.05557104e+00 -1.60113201e-02
1.15349990e+04 -1.50446356e-02 -1.66077548e-02 1.05505768e+00 -1.32046839e-02
1.15354990e+04 -1.38452811e-02 -1.52755073e-02 1.05454329e+00 -1.21521726e-02
1.15360030e+04 -1.21011893e-02 -1.33002144e-02 1.05402479e+00 -1.05866900e-02
1.15364990e+04 -9.68489297e-03 -1.05292045e-02 1.05351452e+00 -8.38564857e-03
1.15369990e+04 -8.95647562e-03 -9.75347190e-03 1.05300014e+00 -7.77216373e-03
1.15375000e+04 -7.10156915e-03 -7.64671699e-03 1.05248472e+00 -6.09677188e-03
1.15379990e+04 -5.85029112e-03 -6.25294045e-03 1.05197136e+00 -4.98827759e-03
1.15384990e+04 -4.60095880e-03 -4.86163328e-03 1.05145698e+00 -3.88052537e-03
1.15389990e+04 -2.54221903e-03 -2.51383479e-03 1.05094259e+00 -2.00764633e-03
1.15395020e+04 1.22729039e-03 1.85510062e-03 1.05042512e+00 1.48238728e-03
1.15400020e+04 1.61733883e-03 2.23097657e-03 1.04991073e+00 1.78374035e-03
1.15404980e+04 2.33716763e-03 2.99724033e-03 1.04940046e+00 2.39772187e-03
1.15410010e+04 3.84380147e-03 4.69209502e-03 1.04888299e+00 3.75567652e-03
1.15415030e+04 6.08271860e-03 7.25247212e-03 1.04836655e+00 5.80832946e-03
1.15419990e+04 7.61073257e-03 8.97378280e-03 1.04785628e+00 7.19087507e-03
1.15424990e+04 8.96249195e-03 1.04861299e-02 1.04734189e+00 8.40745431e-03
1.15429990e+04 9.39741219e-03 1.09150316e-02 1.04682751e+00 8.75623711e-03
1.15434960e+04 1.08107390e-02 1.25006444e-02 1.04631621e+00 1.00338319e-02
1.15440030e+04 1.20196227e-02 1.38429619e-02 1.04579462e+00 1.11175824e-02
1.15445010e+04 1.23197837e-02 1.41129565e-02 1.04528229e+00 1.13407559e-02
1.15450070e+04 1.42374615e-02 1.62930390e-02 1.04476173e+00 1.31000453e-02
1.15455000e+04 1.62834794e-02 1.86269944e-02 1.04425455e+00 1.49849047e-02
1.15460020e+04 1.77690310e-02 2.02971059e-02 1.04373810e+00 1.63376785e-02
1.15465010e+04 1.96898684e-02 2.24821128e-02 1.04322475e+00 1.81066060e-02
1.15470010e+04 2.20018121e-02 2.51291269e-02 1.04271036e+00 2.02498427e-02
1.15475010e+04 2.35488887e-02 2.68722840e-02 1.04219597e+00 2.16667263e-02
1.15479960e+04 2.62112829e-02 2.99342821e-02 1.04168673e+00 2.41490315e-02
1.15485000e+04 2.88453253e-02 3.29612457e-02 1.04116823e+00 2.66060977e-02
1.15490010e+04 3.25674486e-02 3.72745243e-02 1.04065282e+00 3.01047512e-02
1.15494980e+04 3.53073357e-02 4.04277572e-02 1.04014152e+00 3.26697736e-02
1.15500000e+04 3.97132580e-02 4.55489232e-02 1.03962507e+00 3.68290676e-02
1.15505010e+04 4.29766670e-02 4.93201308e-02 1.03910966e+00 3.99008926e-02
1.15509980e+04 4.69521088e-02 5.39334409e-02 1.03859836e+00 4.36576623e-02
1.15514990e+04 5.14365841e-02 5.91476045e-02 1.03808294e+00 4.79055210e-02
1.15520030e+04 5.57255094e-02 6.41301729e-02 1.03756444e+00 5.19706911e-02
1.15525010e+04 6.01203498e-02 6.92389236e-02 1.03705211e+00 5.61424360e-02
1.15530030e+04 6.77283027e-02 7.81439867e-02 1.03653567e+00 6.33991564e-02
1.15535010e+04 7.63418244e-02 8.82380290e-02 1.03602334e+00 7.16289946e-02
1.15539980e+04 8.50082929e-02 9.83948095e-02 1.03551204e+00 7.99189985e-02
1.15544990e+04 9.39122205e-02 1.08831519e-01 1.03499663e+00 8.84462517e-02
1.15550020e+04 1.03502840e-01 1.20079365e-01 1.03447916e+00 9.76430072e-02
1.15555010e+04 1.16586826e-01 1.35456065e-01 1.03396580e+00 1.10209089e-01
1.15559970e+04 1.30657907e-01 1.51999744e-01 1.03345553e+00 1.23739017e-01
1.15565010e+04 1.49229665e-01 1.73860592e-01 1.03293703e+00 1.41616514e-01
1.15570050e+04 1.68484726e-01 1.96528912e-01 1.03241853e+00 1.60172620e-01
1.15574990e+04 1.92431587e-01 2.24743317e-01 1.03191031e+00 1.83270640e-01
1.15580000e+04 2.20933536e-01 2.58339360e-01 1.03139490e+00 2.10787363e-01
1.15585020e+04 2.56463142e-01 3.00239943e-01 1.03087845e+00 2.45115614e-01
1.15589930e+04 2.96185740e-01 3.47097331e-01 1.03037333e+00 2.83528678e-01
1.15595010e+04 3.46932185e-01 4.06978904e-01 1.02985071e+00 3.32636109e-01
1.15599940e+04 4.09803227e-01 4.81190883e-01 1.02934353e+00 3.93513254e-01
1.15605020e+04 4.84947612e-01 5.69903940e-01 1.02882091e+00 4.66332514e-01
1.15609950e+04 5.80108949e-01 6.82273941e-01 1.02831372e+00 5.58595690e-01
1.15615020e+04 6.94300386e-01 8.17129772e-01 1.02779214e+00 6.69393799e-01
1.15620000e+04 8.24435392e-01 9.70827935e-01 1.02727981e+00 7.95756952e-01
1.15625040e+04 9.68127348e-01 1.14054557e+00 1.02676131e+00 9.35408841e-01
1.15629980e+04 1.11073520e+00 1.30898380e+00 1.02625309e+00 1.07415986e+00
1.15634970e+04 1.23401221e+00 1.45457757e+00 1.02573974e+00 1.19431802e+00
1.15640040e+04 1.31643030e+00 1.55188627e+00 1.02521815e+00 1.27495708e+00
1.15644990e+04 1.35804716e+00 1.60098146e+00 1.02470891e+00 1.31603887e+00
1.15650010e+04 1.36569575e+00 1.60993454e+00 1.02419246e+00 1.32416165e+00
1.15655080e+04 1.34880200e+00 1.58988466e+00 1.02367088e+00 1.30843279e+00
1.15659970e+04 1.30989107e+00 1.54381973e+00 1.02316781e+00 1.27123710e+00
1.15665010e+04 1.26861805e+00 1.49496093e+00 1.02264931e+00 1.23171894e+00
1.15670000e+04 1.22608989e+00 1.44461975e+00 1.02213595e+00 1.19092599e+00
1.15674980e+04 1.18962174e+00 1.40143998e+00 1.02162362e+00 1.15599198e+00
1.15679980e+04 1.15781282e+00 1.36376575e+00 1.02110923e+00 1.12556437e+00
1.15685050e+04 1.12770272e+00 1.32809787e+00 1.02058765e+00 1.09676738e+00
1.15689980e+04 1.10349208e+00 1.29940386e+00 1.02008046e+00 1.07368186e+00
1.15694990e+04 1.08053504e+00 1.27218989e+00 1.01956505e+00 1.05180341e+00
1.15699990e+04 1.06347828e+00 1.25194856e+00 1.01905066e+00 1.03566652e+00
1.15704980e+04 1.05011591e+00 1.23607312e+00 1.01853730e+00 1.02312353e+00
1.15710020e+04 1.03424801e+00 1.21723601e+00 1.01801880e+00 1.00811904e+00
1.15715000e+04 1.01986885e+00 1.20015919e+00 1.01750648e+00 9.94548864e-01
1.15720000e+04 1.00502912e+00 1.18253776e+00 1.01699209e+00 9.80513742e-01
1.15724990e+04 9.95006344e-01 1.17060879e+00 1.01647873e+00 9.71183928e-01
1.15730040e+04 9.89241989e-01 1.16371104e+00 1.01595920e+00 9.66026563e-01
1.15734980e+04 9.85180697e-01 1.15882771e+00 1.01545099e+00 9.62524066e-01
1.15739990e+04 9.81520843e-01 1.15441757e+00 1.01493557e+00 9.59418610e-01
1.15745000e+04 9.82090113e-01 1.15500507e+00 1.01442016e+00 9.60465412e-01
1.15749990e+04 9.87582580e-01 1.16141074e+00 1.01390680e+00 9.66352209e-01
1.15755000e+04 9.91843345e-01 1.16636054e+00 1.01339139e+00 9.71036039e-01
1.15760010e+04 9.97655985e-01 1.17314422e+00 1.01287597e+00 9.77252988e-01
1.15765020e+04 1.00699156e+00 1.18409101e+00 1.01236056e+00 9.86947169e-01
1.15769960e+04 1.01515653e+00 1.19365567e+00 1.01185234e+00 9.95491861e-01
1.15775030e+04 1.02044903e+00 1.19982367e+00 1.01133076e+00 1.00122716e+00
1.15780040e+04 1.02577991e+00 1.20603805e+00 1.01081534e+00 1.00700092e+00
1.15785000e+04 1.03118941e+00 1.21234618e+00 1.01030507e+00 1.01285386e+00
1.15789980e+04 1.03315637e+00 1.21458587e+00 1.00979274e+00 1.01531499e+00
1.15795000e+04 1.02945985e+00 1.21013223e+00 1.00927630e+00 1.01218527e+00
1.15800010e+04 1.02269672e+00 1.20205490e+00 1.00876088e+00 1.00601798e+00
1.15805010e+04 1.01600022e+00 1.19405646e+00 1.00824650e+00 9.99908363e-01
1.15810020e+04 1.00554619e+00 1.18161753e+00 1.00773108e+00 9.90072084e-01
1.15814970e+04 9.94730269e-01 1.16875196e+00 1.00722184e+00 9.79859692e-01
1.15820000e+04 9.85167782e-01 1.15736624e+00 1.00670437e+00 9.70885948e-01
1.15824980e+04 9.76097946e-01 1.14656354e+00 1.00619204e+00 9.62385355e-01
1.15830040e+04 9.68971692e-01 1.13805624e+00 1.00567148e+00 9.55811607e-01
1.15835020e+04 9.63354691e-01 1.13133382e+00 1.00515915e+00 9.50721063e-01
1.15840000e+04 9.62071838e-01 1.12973314e+00 1.00464683e+00 9.49931158e-01
1.15844990e+04 9.61491763e-01 1.12896277e+00 1.00413347e+00 9.49840020e-01
1.15850010e+04 9.61155170e-01 1.12847962e+00 1.00361703e+00 9.49993914e-01
1.15855010e+04 9.61844855e-01 1.12920959e+00 1.00310264e+00 9.51167595e-01
1.15860030e+04 9.62691281e-01 1.13012443e+00 1.00258620e+00 9.52500725e-01
1.15865030e+04 9.62729360e-01 1.13008438e+00 1.00207181e+00 9.53027895e-01
1.15870000e+04 9.67153225e-01 1.13522760e+00 1.00156051e+00 9.57926057e-01
1.15874970e+04 9.72985272e-01 1.14203489e+00 1.00104921e+00 9.64234959e-01
1.15879990e+04 9.77567804e-01 1.14736476e+00 1.00053277e+00 9.69308838e-01
1.15884990e+04 9.84662863e-01 1.15566407e+00 1.00001838e+00 9.76896533e-01
1.15890000e+04 9.95611797e-01 1.16851740e+00 9.99502966e-01 9.88346201e-01
1.15895000e+04 1.00779863e+00 1.18283375e+00 9.98988580e-01 1.00104642e+00
1.15900010e+04 1.01815329e+00 1.19498481e+00 9.98473165e-01 1.01192927e+00
1.15905000e+04 1.03016270e+00 1.20909166e+00 9.97959808e-01 1.02447976e+00
1.15910000e+04 1.04349159e+00 1.22475761e+00 9.97445422e-01 1.03836814e+00
1.15915010e+04 1.05470041e+00 1.23791805e+00 9.96930007e-01 1.05014875e+00
1.15920000e+04 1.06338785e+00 1.24809927e+00 9.96416650e-01 1.05941202e+00
1.15925000e+04 1.06814420e+00 1.25363489e+00 9.95902264e-01 1.06474190e+00
1.15929960e+04 1.06936821e+00 1.25499695e+00 9.95391993e-01 1.06652624e+00
1.15935000e+04 1.06868542e+00 1.25410435e+00 9.94873492e-01 1.06640562e+00
1.15940000e+04 1.06629451e+00 1.25119392e+00 9.94359106e-01 1.06456294e+00
1.15945010e+04 1.05929743e+00 1.24284012e+00 9.93843691e-01 1.05808515e+00
1.15950020e+04 1.05088792e+00 1.23281723e+00 9.93328277e-01 1.05017782e+00
1.15955000e+04 1.04169723e+00 1.22187171e+00 9.92815948e-01 1.04147092e+00
1.15959970e+04 1.03246295e+00 1.21087487e+00 9.92304649e-01 1.03270869e+00
1.15965000e+04 1.02364697e+00 1.20037130e+00 9.91787176e-01 1.02436436e+00
1.15969980e+04 1.01718237e+00 1.19264726e+00 9.91274848e-01 1.01837733e+00
1.15975000e+04 1.00793870e+00 1.18163845e+00 9.90758404e-01 1.00958155e+00
1.15980000e+04 1.00189768e+00 1.17441462e+00 9.90244018e-01 1.00400861e+00
1.15985020e+04 9.97671913e-01 1.16933556e+00 9.89727575e-01 1.00026607e+00
1.15989990e+04 9.93296756e-01 1.16408082e+00 9.89216275e-01 9.96362708e-01
1.15995010e+04 9.88452854e-01 1.15827130e+00 9.88699832e-01 9.91985512e-01
1.16000020e+04 9.86412033e-01 1.15577440e+00 9.88184417e-01 9.90440624e-01
1.16005000e+04 9.82681373e-01 1.15128110e+00 9.87672088e-01 9.87178492e-01
1.16009980e+04 9.81485513e-01 1.14978322e+00 9.87159760e-01 9.86482455e-01
1.16014980e+04 9.80339718e-01 1.14834417e+00 9.86645374e-01 9.85838448e-01
1.16020000e+04 9.77313014e-01 1.14468206e+00 9.86128931e-01 9.83286429e-01
1.16024990e+04 9.74091400e-01 1.14079015e+00 9.85615573e-01 9.80530269e-01
1.16030010e+04 9.69283721e-01 1.13502343e+00 9.85099130e-01 9.76161939e-01
1.16034990e+04 9.65978292e-01 1.13103264e+00 9.84586801e-01 9.73311932e-01
1.16039940e+04 9.62661027e-01 1.12702836e+00 9.84077559e-01 9.70443406e-01
1.16044980e+04 9.56762168e-01 1.11997184e+00 9.83559058e-01 9.64952168e-01
1.16049980e+04 9.54489302e-01 1.11720091e+00 9.83044672e-01 9.63144266e-01
1.16055000e+04 9.51021613e-01 1.11301769e+00 9.82528229e-01 9.60118228e-01
1.16060020e+04 9.49154209e-01 1.11072555e+00 9.82011785e-01 9.58720814e-01
1.16064980e+04 9.45985159e-01 1.10689625e+00 9.81501514e-01 9.55987191e-01
1.16069990e+04 9.45879510e-01 1.10668619e+00 9.80986099e-01 9.56383735e-01
1.16075010e+04 9.46059813e-01 1.10681386e+00 9.80469656e-01 9.57073966e-01
1.16080000e+04 9.48742151e-01 1.10989875e+00 9.79956299e-01 9.60320235e-01
