# # source: .\new_experimental\norm_err_sim_XANESBridge2.txt
# # site: err_sim_XANESBridge2
# # columns: Energy(eV) Abs_raw Preedge_normalized PredictedPost_raw Final_normalized
# 
1.15245000e+04 1.14109231e-02 1.65191741e-01 1.00754021e+00 1.41848318e-01
1.15250000e+04 1.05398626e-02 1.59473732e-01 1.00748961e+00 1.37500203e-01
1.15255000e+04 9.68087180e-03 1.53768167e-01 1.00743901e+00 1.33127033e-01
1.15260000e+04 8.83445786e-03 1.48075570e-01 1.00738841e+00 1.28728952e-01
1.15265000e+04 8.00115849e-03 1.42396495e-01 1.00733781e+00 1.24306133e-01
1.15270000e+04 7.18154464e-03 1.36731531e-01 1.00728720e+00 1.19858784e-01
1.15275000e+04 6.37621576e-03 1.31081296e-01 1.00723660e+00 1.15387139e-01
1.15280000e+04 5.58581022e-03 1.25446447e-01 1.00718600e+00 1.10891475e-01
1.15285000e+04 4.81100444e-03 1.19827684e-01 1.00713540e+00 1.06372105e-01
1.15290000e+04 4.05251373e-03 1.14225742e-01 1.00708480e+00 1.01829386e-01
1.15295000e+04 3.31109906e-03 1.08641406e-01 1.00703420e+00 9.72637211e-02
1.15300000e+04 2.58756980e-03 1.03075512e-01 1.00698360e+00 9.26755669e-02
1.15305000e+04 1.88278664e-03 9.75289469e-02 1.00693300e+00 8.80654344e-02
1.15310000e+04 1.19766347e-03 9.20026522e-02 1.00688239e+00 8.34338937e-02
1.15315000e+04 5.33177833e-04 8.64976363e-02 1.00683179e+00 7.87815844e-02
1.15320000e+04 -1.09630990e-04 8.10149708e-02 1.00678119e+00 7.41092154e-02
1.15325000e+04 -7.29650562e-04 7.55558026e-02 1.00673059e+00 6.94175776e-02
1.15330000e+04 -1.32569340e-03 7.01213561e-02 1.00667999e+00 6.47075468e-02
1.15335000e+04 -1.89648842e-03 6.47129420e-02 1.00662939e+00 5.99800944e-02
1.15340000e+04 -2.44067334e-03 5.93319647e-02 1.00657879e+00 5.52362965e-02
1.15345000e+04 -2.95678898e-03 5.39799289e-02 1.00652819e+00 5.04773419e-02
1.15350000e+04 -3.44326786e-03 4.86584507e-02 1.00647759e+00 4.57045453e-02
1.15355000e+04 -3.89842280e-03 4.33692698e-02 1.00642698e+00 4.09193616e-02
1.15360000e+04 -4.32044123e-03 3.81142549e-02 1.00637638e+00 3.61233945e-02
1.15365000e+04 -4.70736711e-03 3.28954230e-02 1.00632578e+00 3.13184175e-02
1.15370000e+04 -5.05709054e-03 2.77149494e-02 1.00627518e+00 2.65063882e-02
1.15375000e+04 -5.36732964e-03 2.25751870e-02 1.00622458e+00 2.16894703e-02
1.15380000e+04 -5.63561824e-03 1.74786786e-02 1.00617398e+00 1.68700508e-02
1.15385000e+04 -5.85927927e-03 1.24281844e-02 1.00612338e+00 1.20507714e-02
1.15390000e+04 -6.03540768e-03 7.42669973e-03 1.00607278e+00 7.23455195e-03
1.15395000e+04 -6.16084666e-03 2.47747948e-03 1.00602217e+00 2.42462058e-03
1.15400000e+04 -6.23215630e-03 -2.41592955e-03 1.00597157e+00 -2.37544705e-03
1.15405000e+04 -6.24558130e-03 -7.24965537e-03 1.00592097e+00 -7.16168683e-03
1.15410000e+04 -6.19702151e-03 -1.20194705e-02 1.00587037e+00 -1.19297069e-02
1.15415000e+04 -6.08198350e-03 -1.67207417e-02 1.00581977e+00 -1.66746275e-02
1.15420000e+04 -5.89553778e-03 -2.13483866e-02 1.00576917e+00 -2.13910254e-02
1.15425000e+04 -5.63226467e-03 -2.58968169e-02 1.00571857e+00 -2.60728646e-02
1.15430000e+04 -5.28619350e-03 -3.03598764e-02 1.00566797e+00 -3.07134181e-02
1.15435000e+04 -4.85073040e-03 -3.47307665e-02 1.00561736e+00 -3.53051755e-02
1.15440000e+04 -4.31857853e-03 -3.90019636e-02 1.00556676e+00 -3.98397401e-02
1.15445000e+04 -3.68164113e-03 -4.31651193e-02 1.00551616e+00 -4.43077044e-02
1.15450000e+04 -2.93091423e-03 -4.72109499e-02 1.00546556e+00 -4.86985113e-02
1.15455000e+04 -2.05635836e-03 -5.11291040e-02 1.00541496e+00 -5.30002888e-02
1.15460000e+04 -1.04674371e-03 -5.49080028e-02 1.00536436e+00 -5.71996509e-02
1.15465000e+04 1.10520844e-04 -5.85346640e-02 1.00531376e+00 -6.12814751e-02
1.15470000e+04 1.42959582e-03 -6.19944871e-02 1.00526316e+00 -6.52286337e-02
1.15475000e+04 2.92646381e-03 -6.52709929e-02 1.00521255e+00 -6.90216676e-02
1.15480000e+04 4.61921827e-03 -6.83455257e-02 1.00516195e+00 -7.26384108e-02
1.15485000e+04 6.52841219e-03 -7.11968940e-02 1.00511135e+00 -7.60535376e-02
1.15490000e+04 8.67748745e-03 -7.38009275e-02 1.00506075e+00 -7.92380065e-02
1.15495000e+04 1.10932746e-02 -7.61299619e-02 1.00501015e+00 -8.21584092e-02
1.15500000e+04 1.38066186e-02 -7.81521939e-02 1.00495955e+00 -8.47761569e-02
1.15505000e+04 1.68531082e-02 -7.98309291e-02 1.00490895e+00 -8.70465274e-02
1.15510000e+04 2.02740447e-02 -8.11235826e-02 1.00485835e+00 -8.89174086e-02
1.15515000e+04 2.41175358e-02 -8.19805523e-02 1.00480775e+00 -9.03278640e-02
1.15520000e+04 2.84399250e-02 -8.23437437e-02 1.00475714e+00 -9.12062656e-02
1.15525000e+04 3.33075501e-02 -8.21447580e-02 1.00470654e+00 -9.14679935e-02
1.15530000e+04 3.87989844e-02 -8.13025803e-02 1.00465594e+00 -9.10125019e-02
1.15535000e+04 4.50078208e-02 -7.97207098e-02 1.00460534e+00 -8.97196628e-02
1.15540000e+04 5.20463003e-02 -7.72834180e-02 1.00455474e+00 -8.74450047e-02
1.15545000e+04 6.00498817e-02 -7.38510371e-02 1.00450414e+00 -8.40136947e-02
1.15550000e+04 6.91832166e-02 -6.92537996e-02 1.00445354e+00 -7.92126642e-02
1.15555000e+04 7.96479876e-02 -6.32837563e-02 1.00440294e+00 -7.27802698e-02
1.15560000e+04 9.16930722e-02 -5.56842966e-02 1.00435233e+00 -6.43928364e-02
1.15565000e+04 1.05628119e-01 -4.61361509e-02 1.00430173e+00 -5.36466656e-02
1.15570000e+04 1.21841559e-01 -3.42388190e-02 1.00425113e+00 -4.00340943e-02
1.15575000e+04 1.40824573e-01 -1.94858578e-02 1.00420053e+00 -2.29115285e-02
1.15580000e+04 1.63203252e-01 -1.23172440e-03 1.00414993e+00 -1.45641445e-03
1.15585000e+04 1.89781169e-01 2.13521249e-02 1.00409933e+00 2.53900285e-02
1.15590000e+04 2.21595199e-01 4.93347806e-02 1.00404873e+00 5.89983474e-02
1.15591000e+04 2.23477745e-01 5.03118426e-02 1.00403861e+00 6.02353535e-02
1.15592000e+04 2.25796201e-01 5.17383603e-02 1.00402849e+00 6.20139021e-02
1.15592900e+04 2.25777186e-01 5.08511749e-02 1.00401938e+00 6.10131595e-02
1.15593900e+04 2.26236811e-01 5.03611048e-02 1.00400926e+00 6.04942375e-02
1.15594900e+04 2.26845955e-01 5.00251991e-02 1.00399914e+00 6.01595231e-02
1.15595900e+04 2.27021743e-01 4.92424726e-02 1.00398902e+00 5.92860861e-02
1.15596400e+04 2.27183399e-01 4.89271630e-02 1.00398396e+00 5.89402348e-02
1.15597400e+04 2.28318190e-01 4.91332370e-02 1.00397384e+00 5.92564228e-02
1.15598400e+04 2.28278692e-01 4.81285350e-02 1.00396372e+00 5.81114208e-02
1.15599400e+04 2.28313673e-01 4.72006263e-02 1.00395360e+00 5.70566125e-02
1.15600400e+04 2.28794740e-01 4.67326637e-02 1.00394348e+00 5.65560025e-02
1.15601400e+04 2.29725094e-01 4.67279482e-02 1.00393336e+00 5.66155074e-02
1.15602400e+04 2.29613872e-01 4.56492936e-02 1.00392324e+00 5.53724645e-02
1.15603400e+04 2.30176998e-01 4.52659406e-02 1.00391312e+00 5.49709220e-02
1.15604400e+04 2.32476303e-01 4.66727115e-02 1.00390300e+00 5.67448906e-02
1.15605400e+04 2.33277934e-01 4.65352731e-02 1.00389288e+00 5.66433380e-02
1.15606400e+04 2.33931746e-01 4.62454237e-02 1.00388276e+00 5.63558180e-02
1.15607400e+04 2.34975281e-01 4.63574064e-02 1.00387263e+00 5.65578815e-02
1.15608400e+04 2.34791708e-01 4.52041527e-02 1.00386251e+00 5.52149814e-02
1.15609400e+04 2.35535133e-01 4.50067000e-02 1.00385239e+00 5.50377851e-02
1.15610400e+04 2.35662605e-01 4.41741559e-02 1.00384227e+00 5.40826303e-02
1.15611400e+04 2.37041020e-01 4.46314239e-02 1.00383215e+00 5.47062124e-02
1.15612400e+04 2.38035394e-01 4.46927173e-02 1.00382203e+00 5.48453250e-02
1.15613400e+04 2.37932389e-01 4.36225354e-02 1.00381191e+00 5.35946328e-02
1.15614400e+04 2.39337499e-01 4.41073276e-02 1.00380179e+00 5.42536894e-02
1.15615400e+04 2.39316117e-01 4.31213048e-02 1.00379167e+00 5.31030122e-02
1.15616400e+04 2.39375732e-01 4.22187946e-02 1.00378155e+00 5.20525991e-02
1.15617400e+04 2.41533697e-01 4.34798347e-02 1.00377143e+00 5.36703467e-02
1.15618400e+04 2.42330188e-01 4.33370971e-02 1.00376131e+00 5.35570761e-02
1.15619400e+04 2.42315342e-01 4.23578133e-02 1.00375119e+00 5.24084964e-02
1.15620400e+04 2.42301171e-01 4.13792250e-02 1.00374107e+00 5.12580698e-02
1.15621400e+04 2.42535460e-01 4.06568164e-02 1.00373095e+00 5.04226418e-02
1.15622400e+04 2.43185643e-01 4.03632252e-02 1.00372083e+00 5.01176878e-02
1.15623400e+04 2.43008112e-01 3.92162012e-02 1.00371071e+00 4.87510788e-02
1.15624400e+04 2.51236346e-01 4.67361217e-02 1.00370059e+00 5.81681874e-02
1.15625400e+04 2.58534741e-01 5.32973125e-02 1.00369047e+00 6.64129744e-02
1.15626400e+04 2.67391639e-01 6.14654303e-02 1.00368035e+00 7.66820861e-02
1.15627400e+04 2.76606891e-01 7.00030370e-02 1.00367023e+00 8.74371228e-02
1.15628400e+04 2.86197796e-01 7.89279693e-02 1.00366011e+00 9.87021252e-02
1.15629400e+04 2.96182471e-01 8.82589065e-02 1.00364999e+00 1.10502303e-01
1.15630400e+04 3.06579888e-01 9.80154092e-02 1.00363987e+00 1.22864092e-01
1.15631400e+04 3.17409852e-01 1.08217900e-01 1.00362975e+00 1.35815135e-01
1.15632400e+04 3.28693008e-01 1.18887664e-01 1.00361963e+00 1.49384290e-01
1.15633400e+04 3.40450864e-01 1.30046877e-01 1.00360951e+00 1.63601676e-01
1.15634400e+04 3.52705724e-01 1.41718537e-01 1.00359939e+00 1.78498592e-01
1.15635400e+04 3.65480693e-01 1.53926467e-01 1.00358927e+00 1.94107524e-01
1.15636400e+04 3.78799615e-01 1.66695251e-01 1.00357915e+00 2.10462080e-01
1.15637400e+04 3.92686972e-01 1.80050132e-01 1.00356903e+00 2.27596858e-01
1.15638400e+04 4.07167862e-01 1.94016988e-01 1.00355891e+00 2.45547430e-01
1.15639400e+04 4.22267783e-01 2.08622109e-01 1.00354879e+00 2.64350061e-01
1.15640400e+04 4.38012527e-01 2.23892089e-01 1.00353867e+00 2.84041573e-01
1.15641400e+04 4.54427972e-01 2.39853609e-01 1.00352855e+00 3.04659083e-01
1.15642400e+04 4.71539833e-01 2.56533185e-01 1.00351843e+00 3.26239673e-01
1.15643400e+04 4.89373334e-01 2.73956822e-01 1.00350831e+00 3.48819955e-01
1.15644400e+04 5.07952897e-01 2.92149704e-01 1.00349819e+00 3.72435674e-01
1.15645400e+04 5.27301657e-01 3.11135681e-01 1.00348807e+00 3.97121044e-01
1.15646400e+04 5.47440967e-01 3.30936773e-01 1.00347795e+00 4.22908107e-01
1.15647400e+04 5.68389847e-01 3.51572589e-01 1.00346783e+00 4.49825979e-01
1.15648400e+04 5.90164218e-01 3.73059546e-01 1.00345770e+00 4.77899825e-01
1.15649400e+04 6.12776204e-01 3.95410142e-01 1.00344758e+00 5.07149909e-01
1.15650400e+04 6.36233193e-01 4.18631999e-01 1.00343746e+00 5.37590330e-01
1.15651400e+04 6.60536887e-01 4.42726868e-01 1.00342734e+00 5.69227713e-01
1.15652400e+04 6.85682233e-01 4.67689540e-01 1.00341722e+00 6.02059748e-01
1.15653400e+04 7.11656243e-01 4.93506624e-01 1.00340710e+00 6.36073575e-01
1.15654400e+04 7.38436802e-01 5.20155318e-01 1.00339698e+00 6.71244121e-01
1.15655400e+04 7.65991429e-01 5.47602132e-01 1.00338686e+00 7.07532384e-01
1.15656400e+04 7.94275970e-01 5.75801539e-01 1.00337674e+00 7.44883595e-01
1.15657400e+04 8.23233473e-01 6.04694818e-01 1.00336662e+00 7.83225629e-01
1.15658400e+04 8.52792992e-01 6.34208819e-01 1.00335650e+00 8.22467290e-01
1.15659400e+04 8.82868925e-01 6.64255279e-01 1.00334638e+00 8.62497310e-01
1.15660400e+04 9.13359907e-01 6.94729684e-01 1.00333626e+00 9.03182742e-01
1.15661400e+04 9.44149090e-01 7.25511556e-01 1.00332614e+00 9.44369200e-01
1.15662400e+04 9.75103761e-01 7.56464058e-01 1.00331602e+00 9.85880211e-01
1.15663400e+04 1.00599285e+00 7.87348941e-01 1.00330590e+00 1.02740610e+00
1.15664400e+04 1.03673887e+00 8.18086311e-01 1.00329578e+00 1.06884253e+00
1.15665400e+04 1.06716864e+00 8.48497604e-01 1.00328566e+00 1.10995559e+00
1.15666400e+04 1.09710005e+00 8.78395048e-01 1.00327554e+00 1.15049812e+00
1.15667400e+04 1.12634490e+00 9.07584604e-01 1.00326542e+00 1.19021354e+00
1.15668400e+04 1.15471263e+00 9.35869783e-01 1.00325530e+00 1.22884073e+00
1.15669400e+04 1.18201447e+00 9.63055958e-01 1.00324518e+00 1.26611973e+00
1.15670400e+04 1.20806737e+00 9.88954377e-01 1.00323506e+00 1.30179703e+00
1.15671400e+04 1.23269338e+00 1.01338158e+00 1.00322494e+00 1.33562479e+00
1.15672400e+04 1.25572522e+00 1.03616507e+00 1.00321482e+00 1.36736841e+00
1.15673400e+04 1.27701468e+00 1.05715206e+00 1.00320470e+00 1.39681815e+00
1.15674400e+04 1.29643553e+00 1.07621236e+00 1.00319458e+00 1.42379310e+00
1.15675400e+04 1.31389103e+00 1.09324626e+00 1.00318446e+00 1.44815183e+00
1.15676400e+04 1.32931756e+00 1.10818813e+00 1.00317434e+00 1.46979739e+00
1.15677400e+04 1.34268061e+00 1.12100242e+00 1.00316422e+00 1.48867227e+00
1.15678400e+04 1.35397535e+00 1.13168413e+00 1.00315410e+00 1.50475932e+00
1.15679400e+04 1.36322458e+00 1.14025677e+00 1.00314398e+00 1.51807922e+00
1.15680400e+04 1.37047665e+00 1.14677019e+00 1.00313386e+00 1.52868792e+00
1.15681400e+04 1.37580263e+00 1.15129768e+00 1.00312374e+00 1.53667286e+00
1.15682400e+04 1.37929294e+00 1.15393246e+00 1.00311362e+00 1.54214867e+00
1.15683400e+04 1.38105360e+00 1.15478386e+00 1.00310350e+00 1.54525201e+00
1.15684400e+04 1.38120214e+00 1.15397303e+00 1.00309338e+00 1.54613617e+00
1.15685400e+04 1.37986462e+00 1.15162997e+00 1.00308326e+00 1.54496701e+00
1.15686400e+04 1.37717136e+00 1.14788906e+00 1.00307314e+00 1.54191718e+00
1.15687400e+04 1.37325443e+00 1.14288644e+00 1.00306302e+00 1.53716258e+00
1.15688400e+04 1.36824454e+00 1.13675691e+00 1.00305290e+00 1.53087816e+00
1.15689400e+04 1.36226898e+00 1.12963171e+00 1.00304277e+00 1.52323501e+00
1.15690400e+04 1.35544994e+00 1.12163681e+00 1.00303265e+00 1.51439798e+00
1.15691400e+04 1.34790272e+00 1.11289111e+00 1.00302253e+00 1.50452320e+00
1.15692400e+04 1.33973535e+00 1.10350600e+00 1.00301241e+00 1.49375743e+00
1.15693400e+04 1.33104768e+00 1.09358441e+00 1.00300229e+00 1.48223676e+00
1.15694400e+04 1.32193099e+00 1.08322047e+00 1.00299217e+00 1.47008599e+00
1.15695400e+04 1.31246832e+00 1.07249980e+00 1.00298205e+00 1.45741903e+00
1.15696400e+04 1.30273442e+00 1.06149948e+00 1.00297193e+00 1.44433875e+00
1.15697400e+04 1.29279628e+00 1.05028857e+00 1.00296181e+00 1.43093763e+00
1.15698400e+04 1.28271326e+00 1.03892828e+00 1.00295169e+00 1.41729793e+00
1.15699400e+04 1.27253810e+00 1.02747298e+00 1.00294157e+00 1.40349299e+00
1.15700400e+04 1.26231705e+00 1.01597037e+00 1.00293145e+00 1.38958740e+00
1.15701400e+04 1.25209058e+00 1.00446218e+00 1.00292133e+00 1.37563791e+00
1.15702400e+04 1.24189404e+00 9.92984843e-01 1.00291121e+00 1.36169432e+00
1.15703400e+04 1.23175811e+00 9.81569998e-01 1.00290109e+00 1.34780009e+00
1.15704400e+04 1.22170949e+00 9.70245169e-01 1.00289097e+00 1.33399326e+00
1.15705400e+04 1.21177106e+00 9.59033962e-01 1.00288085e+00 1.32030667e+00
1.15706400e+04 1.20196268e+00 9.47956850e-01 1.00287073e+00 1.30676902e+00
1.15707400e+04 1.19230118e+00 9.37031169e-01 1.00286061e+00 1.29340483e+00
1.15708400e+04 1.18280107e+00 9.26271906e-01 1.00285049e+00 1.28023548e+00
1.15709400e+04 1.17347482e+00 9.15691893e-01 1.00284037e+00 1.26727952e+00
1.15710400e+04 1.16433286e+00 9.05301903e-01 1.00283025e+00 1.25455271e+00
1.15711400e+04 1.15538403e+00 8.95111047e-01 1.00282013e+00 1.24206861e+00
1.15712400e+04 1.14663556e+00 8.85126769e-01 1.00281001e+00 1.22983852e+00
1.15713400e+04 1.13809371e+00 8.75355533e-01 1.00279989e+00 1.21787244e+00
1.15714400e+04 1.12976342e+00 8.65802432e-01 1.00278977e+00 1.20617852e+00
1.15715400e+04 1.12164859e+00 8.56471484e-01 1.00277965e+00 1.19476344e+00
1.15716400e+04 1.11375244e+00 8.47366017e-01 1.00276953e+00 1.18363298e+00
1.15717400e+04 1.10607727e+00 8.38488384e-01 1.00275941e+00 1.17279155e+00
1.15718400e+04 1.09862457e+00 8.29840150e-01 1.00274929e+00 1.16224251e+00
1.15719400e+04 1.09139551e+00 8.21422492e-01 1.00273917e+00 1.15198867e+00
1.15720400e+04 1.08439045e+00 8.13235801e-01 1.00272905e+00 1.14203177e+00
1.15721400e+04 1.07760931e+00 8.05279980e-01 1.00271893e+00 1.13237286e+00
1.15722400e+04 1.07105160e+00 7.97554538e-01 1.00270881e+00 1.12301245e+00
1.15723400e+04 1.06471638e+00 7.90058496e-01 1.00269869e+00 1.11395037e+00
1.15724400e+04 1.05860241e+00 7.82790581e-01 1.00268857e+00 1.10518601e+00
1.15725400e+04 1.05270808e+00 7.75749127e-01 1.00267845e+00 1.09671823e+00
1.15726400e+04 1.04703149e+00 7.68932176e-01 1.00266833e+00 1.08854545e+00
1.15727400e+04 1.04157054e+00 7.62337573e-01 1.00265821e+00 1.08066581e+00
1.15728400e+04 1.03632296e+00 7.55962966e-01 1.00264809e+00 1.07307716e+00
1.15729400e+04 1.03128609e+00 7.49805614e-01 1.00263797e+00 1.06577678e+00
1.15730400e+04 1.02645726e+00 7.43862773e-01 1.00262784e+00 1.05876195e+00
1.15731400e+04 1.02183373e+00 7.38131604e-01 1.00261772e+00 1.05202977e+00
1.15732400e+04 1.01741236e+00 7.32608873e-01 1.00260760e+00 1.04557678e+00
1.15733400e+04 1.01319019e+00 7.27291544e-01 1.00259748e+00 1.03939979e+00
1.15734400e+04 1.00916401e+00 7.22176287e-01 1.00258736e+00 1.03349515e+00
1.15735400e+04 1.00533049e+00 7.17259674e-01 1.00257724e+00 1.02785907e+00
1.15736400e+04 1.00168639e+00 7.12538374e-01 1.00256712e+00 1.02248786e+00
1.15737400e+04 9.98228305e-01 7.08008861e-01 1.00255700e+00 1.01737756e+00
1.15738400e+04 9.94952804e-01 7.03667609e-01 1.00254688e+00 1.01252414e+00
1.15739400e+04 9.91856376e-01 6.99510993e-01 1.00253676e+00 1.00792346e+00
1.15740400e+04 9.88935411e-01 6.95535293e-01 1.00252664e+00 1.00357119e+00
1.15741400e+04 9.86186488e-01 6.91736980e-01 1.00251652e+00 9.99463238e-01
1.15742400e+04 9.83605904e-01 6.88112236e-01 1.00250640e+00 9.95595103e-01
1.15743400e+04 9.81190047e-01 6.84657338e-01 1.00249628e+00 9.91962382e-01
1.15744400e+04 9.78935118e-01 6.81368368e-01 1.00248616e+00 9.88560364e-01
1.15745400e+04 9.76837412e-01 6.78241507e-01 1.00247604e+00 9.85384456e-01
1.15746400e+04 9.74893224e-01 6.75272933e-01 1.00246592e+00 9.82430041e-01
1.15747400e+04 9.73098658e-01 6.72458631e-01 1.00245580e+00 9.79692188e-01
1.15748400e+04 9.71449726e-01 6.69794488e-01 1.00244568e+00 9.77165798e-01
1.15749400e+04 9.69942628e-01 6.67276584e-01 1.00243556e+00 9.74846030e-01
1.15750400e+04 9.68573277e-01 6.64900709e-01 1.00242544e+00 9.72727584e-01
1.15751400e+04 9.67337684e-01 6.62662748e-01 1.00241532e+00 9.70805276e-01
1.15752400e+04 9.66231765e-01 6.60558490e-01 1.00240520e+00 9.69073748e-01
1.15753400e+04 9.65251244e-01 6.58583526e-01 1.00239508e+00 9.67527325e-01
1.15754400e+04 9.64392037e-01 6.56733645e-01 1.00238496e+00 9.66160588e-01
1.15755400e+04 9.63649773e-01 6.55004341e-01 1.00237484e+00 9.64967655e-01
1.15756400e+04 9.63020083e-01 6.53391109e-01 1.00236472e+00 9.63942612e-01
1.15757400e+04 9.62498691e-01 6.51889540e-01 1.00235460e+00 9.63079654e-01
1.15758400e+04 9.62081228e-01 6.50495129e-01 1.00234448e+00 9.62372799e-01
1.15759400e+04 9.61763038e-01 6.49203076e-01 1.00233436e+00 9.61815599e-01
1.15760400e+04 9.61539847e-01 6.48008973e-01 1.00232424e+00 9.61402147e-01
1.15761400e+04 9.61407000e-01 6.46908022e-01 1.00231412e+00 9.61125922e-01
1.15762400e+04 9.61360032e-01 6.45895618e-01 1.00230400e+00 9.60980657e-01
1.15763400e+04 9.61394478e-01 6.44967157e-01 1.00229388e+00 9.60960051e-01
1.15764400e+04 9.61505683e-01 6.44117841e-01 1.00228376e+00 9.61057474e-01
1.15765400e+04 9.61689277e-01 6.43343162e-01 1.00227364e+00 9.61266696e-01
1.15766400e+04 9.61940700e-01 6.42638421e-01 1.00226352e+00 9.61581161e-01
1.15767400e+04 9.62255677e-01 6.41999208e-01 1.00225340e+00 9.61994713e-01
1.15768400e+04 9.62629839e-01 6.41421018e-01 1.00224328e+00 9.62501017e-01
1.15769400e+04 9.63058909e-01 6.40899444e-01 1.00223316e+00 9.63093846e-01
1.15770400e+04 9.63538804e-01 6.40430273e-01 1.00222304e+00 9.63767234e-01
1.15771400e+04 9.64065344e-01 6.40009196e-01 1.00221291e+00 9.64515032e-01
1.15772400e+04 9.64634632e-01 6.39632197e-01 1.00220279e+00 9.65331501e-01
1.15773400e+04 9.65242966e-01 6.39295455e-01 1.00219267e+00 9.66211163e-01
1.15774400e+04 9.65886734e-01 6.38995249e-01 1.00218255e+00 9.67148658e-01
1.15775400e+04 9.66562326e-01 6.38727857e-01 1.00217243e+00 9.68138593e-01
1.15776400e+04 9.67266513e-01 6.38489947e-01 1.00216231e+00 9.69176142e-01
1.15777400e+04 9.67996160e-01 6.38278288e-01 1.00215219e+00 9.70256598e-01
1.15778400e+04 9.68748321e-01 6.38089844e-01 1.00214207e+00 9.71375523e-01
1.15779400e+04 9.69520242e-01 6.37921773e-01 1.00213195e+00 9.72528757e-01
1.15780400e+04 9.70309453e-01 6.37771529e-01 1.00212183e+00 9.73712558e-01
1.15781400e+04 9.71113579e-01 6.37636663e-01 1.00211171e+00 9.74923318e-01
1.15782400e+04 9.71930435e-01 6.37514923e-01 1.00210159e+00 9.76157705e-01
1.15783400e+04 9.72758120e-01 6.37404349e-01 1.00209147e+00 9.77412817e-01
1.15784400e+04 9.73594735e-01 6.37302983e-01 1.00208135e+00 9.78685738e-01
1.15785400e+04 9.74438951e-01 6.37209452e-01 1.00207123e+00 9.79974436e-01
1.15786400e+04 9.75289151e-01 6.37122093e-01 1.00206111e+00 9.81276417e-01
1.15787400e+04 9.76144291e-01 6.37039826e-01 1.00205099e+00 9.82590077e-01
1.15788400e+04 9.77003326e-01 6.36961576e-01 1.00204087e+00 9.83913803e-01
1.15789400e+04 9.77865306e-01 6.36886362e-01 1.00203075e+00 9.85246124e-01
1.15790400e+04 9.78729471e-01 6.36813402e-01 1.00202063e+00 9.86585864e-01
1.15791400e+04 9.79595441e-01 6.36742302e-01 1.00201051e+00 9.87932449e-01
1.15792400e+04 9.80462550e-01 6.36672377e-01 1.00200039e+00 9.89284843e-01
1.15793400e+04 9.81330610e-01 6.36603432e-01 1.00199027e+00 9.90642767e-01
1.15794400e+04 9.82199335e-01 6.36535173e-01 1.00198015e+00 9.92005789e-01
1.15795400e+04 9.83068630e-01 6.36467501e-01 1.00197003e+00 9.93373777e-01
1.15796400e+04 9.83938495e-01 6.36400418e-01 1.00195991e+00 9.94746754e-01
1.15797400e+04 9.84808930e-01 6.36333921e-01 1.00194979e+00 9.96124742e-01
1.15798400e+04 9.85680220e-01 6.36268307e-01 1.00193967e+00 9.97508224e-01
1.15799400e+04 9.86552460e-01 6.36203672e-01 1.00192955e+00 9.98897380e-01
1.15800400e+04 9.87426124e-01 6.36140506e-01 1.00191943e+00 1.00029300e+00
1.15801400e+04 9.88301404e-01 6.36079005e-01 1.00190931e+00 1.00169543e+00
1.15802400e+04 9.89178869e-01 6.36019757e-01 1.00189919e+00 1.00310563e+00
1.15803400e+04 9.90058994e-01 6.35963252e-01 1.00188907e+00 1.00452439e+00
1.15804400e+04 9.90942443e-01 6.35910175e-01 1.00187895e+00 1.00595285e+00
1.15805400e+04 9.91829693e-01 6.35861016e-01 1.00186883e+00 1.00739183e+00
1.15806400e+04 9.92721503e-01 6.35816559e-01 1.00185871e+00 1.00884261e+00
1.15807400e+04 9.93618727e-01 6.35777685e-01 1.00184859e+00 1.01030665e+00
1.15808400e+04 9.94522032e-01 6.35745079e-01 1.00183847e+00 1.01178511e+00
1.15809400e+04 9.95432366e-01 6.35719723e-01 1.00182835e+00 1.01327960e+00
1.15810400e+04 9.96350585e-01 6.35702495e-01 1.00181823e+00 1.01479161e+00
1.15811400e+04 9.97277639e-01 6.35694378e-01 1.00180811e+00 1.01632279e+00
1.15812400e+04 9.98214478e-01 6.35696349e-01 1.00179799e+00 1.01787479e+00
1.15813400e+04 9.99161957e-01 6.35709291e-01 1.00178786e+00 1.01944912e+00
1.15814400e+04 1.00012122e+00 6.35734378e-01 1.00177774e+00 1.02104777e+00
1.15815400e+04 1.00109292e+00 6.35772297e-01 1.00176762e+00 1.02267195e+00
1.15816400e+04 1.00207821e+00 6.35824223e-01 1.00175750e+00 1.02432369e+00
1.15817400e+04 1.00307765e+00 6.35890744e-01 1.00174738e+00 1.02600404e+00
1.15818400e+04 1.00409210e+00 6.35972741e-01 1.00173726e+00 1.02771457e+00
1.15819400e+04 1.00512204e+00 6.36070703e-01 1.00172714e+00 1.02945621e+00
1.15820400e+04 1.00616794e+00 6.36185122e-01 1.00171702e+00 1.03122990e+00
1.15821400e+04 1.00722999e+00 6.36316192e-01 1.00170690e+00 1.03303610e+00
1.15822400e+04 1.00830828e+00 6.36464011e-01 1.00169678e+00 1.03487513e+00
1.15823400e+04 1.00940263e+00 6.36628385e-01 1.00168666e+00 1.03674682e+00
1.15824400e+04 1.01051246e+00 6.36808724e-01 1.00167654e+00 1.03865035e+00
1.15825400e+04 1.01163701e+00 6.37004245e-01 1.00166642e+00 1.04058461e+00
1.15826400e+04 1.01277535e+00 6.37213969e-01 1.00165630e+00 1.04254813e+00
1.15827400e+04 1.01392593e+00 6.37436329e-01 1.00164618e+00 1.04453848e+00
1.15828400e+04 1.01508687e+00 6.37669366e-01 1.00163606e+00 1.04655257e+00
1.15829400e+04 1.01625617e+00 6.37911022e-01 1.00162594e+00 1.04858713e+00
1.15830400e+04 1.01743117e+00 6.38158555e-01 1.00161582e+00 1.05063775e+00
1.15831400e+04 1.01860902e+00 6.38409027e-01 1.00160570e+00 1.05269964e+00
1.15832400e+04 1.01978631e+00 6.38658910e-01 1.00159558e+00 1.05476705e+00
1.15833400e+04 1.02095941e+00 6.38904485e-01 1.00158546e+00 1.05683383e+00
1.15834400e+04 1.02212434e+00 6.39141635e-01 1.00157534e+00 1.05889318e+00
1.15835400e+04 1.02327663e+00 6.39365758e-01 1.00156522e+00 1.06093742e+00
1.15836400e+04 1.02441174e+00 6.39572152e-01 1.00155510e+00 1.06295866e+00
1.15837400e+04 1.02552480e+00 6.39755821e-01 1.00154498e+00 1.06494848e+00
1.15838400e+04 1.02661050e+00 6.39911281e-01 1.00153486e+00 1.06689757e+00
1.15839400e+04 1.02766381e+00 6.40033340e-01 1.00152474e+00 1.06879709e+00
1.15840400e+04 1.02867940e+00 6.40116512e-01 1.00151462e+00 1.07063761e+00
1.15841400e+04 1.02965177e+00 6.40155116e-01 1.00150450e+00 1.07240935e+00
1.15842400e+04 1.03057578e+00 6.40143864e-01 1.00149438e+00 1.07410308e+00
1.15843400e+04 1.03144622e+00 6.40077368e-01 1.00148426e+00 1.07570939e+00
1.15844400e+04 1.03225813e+00 6.39950535e-01 1.00147414e+00 1.07721929e+00
1.15845400e+04 1.03300687e+00 6.39758564e-01 1.00146402e+00 1.07862421e+00
1.15846400e+04 1.03368807e+00 6.39496950e-01 1.00145390e+00 1.07991604e+00
1.15851400e+04 1.03292114e+00 6.33886309e-01 1.00140330e+00 1.07911338e+00
1.15856400e+04 1.03207955e+00 6.28198678e-01 1.00135269e+00 1.07816547e+00
1.15861400e+04 1.03116033e+00 6.22431021e-01 1.00130209e+00 1.07706347e+00
1.15866400e+04 1.03016142e+00 6.16581185e-01 1.00125149e+00 1.07579979e+00
1.15871400e+04 1.02908118e+00 6.10647502e-01 1.00120089e+00 1.07436743e+00
1.15876400e+04 1.02791878e+00 6.04629093e-01 1.00115029e+00 1.07276055e+00
1.15881400e+04 1.02667391e+00 5.98525662e-01 1.00109969e+00 1.07097418e+00
1.15886400e+04 1.02534715e+00 5.92337798e-01 1.00104909e+00 1.06900474e+00
1.15891400e+04 1.02393974e+00 5.86066774e-01 1.00099849e+00 1.06684980e+00
1.15896400e+04 1.02245348e+00 5.79714451e-01 1.00094788e+00 1.06450791e+00
1.15901400e+04 1.02089085e+00 5.73283376e-01 1.00089728e+00 1.06197885e+00
1.15906400e+04 1.01925506e+00 5.66776879e-01 1.00084668e+00 1.05926384e+00
1.15911400e+04 1.01754983e+00 5.60198780e-01 1.00079608e+00 1.05636509e+00
1.15916400e+04 1.01577924e+00 5.53553292e-01 1.00074548e+00 1.05328561e+00
1.15921400e+04 1.01394804e+00 5.46845310e-01 1.00069488e+00 1.05002986e+00
1.15926400e+04 1.01206136e+00 5.40080126e-01 1.00064428e+00 1.04660321e+00
1.15931400e+04 1.01012471e+00 5.33263420e-01 1.00059368e+00 1.04301199e+00
1.15936400e+04 1.00814360e+00 5.26400873e-01 1.00054307e+00 1.03926279e+00
1.15941400e+04 1.00612421e+00 5.19498852e-01 1.00049247e+00 1.03536381e+00
1.15946400e+04 1.00407252e+00 5.12563528e-01 1.00044187e+00 1.03132314e+00
1.15956400e+04 1.00027370e+00 4.99006908e-01 1.00034067e+00 1.02364933e+00
1.15966400e+04 9.96455223e-01 4.85430013e-01 1.00023947e+00 1.01562748e+00
1.15976400e+04 9.92623441e-01 4.71839405e-01 1.00013827e+00 1.00725039e+00
1.15986400e+04 9.88785390e-01 4.58242332e-01 1.00003706e+00 9.98511743e-01
1.15996400e+04 9.84943539e-01 4.44641342e-01 9.99935860e-01 9.89394239e-01
1.16006400e+04 9.81116507e-01 4.31055631e-01 9.99834658e-01 9.79916930e-01
1.16016400e+04 9.77314555e-01 4.17495780e-01 9.99733455e-01 9.70080525e-01
1.16026400e+04 9.73533313e-01 4.03957281e-01 9.99632253e-01 9.59849954e-01
1.16036400e+04 9.69760051e-01 3.90427011e-01 9.99531051e-01 9.49165948e-01
1.16046400e+04 9.65172174e-01 3.76056814e-01 9.99429848e-01 9.35885502e-01
1.16056400e+04 9.61824221e-01 3.62965068e-01 9.99328646e-01 9.25219503e-01
1.16066400e+04 9.60082697e-01 3.51529665e-01 9.99227443e-01 9.18350195e-01
1.16076400e+04 9.60105110e-01 3.41913007e-01 9.99126241e-01 9.16003089e-01
1.16086400e+04 9.61866190e-01 3.34089039e-01 9.99025038e-01 9.18461534e-01
1.16096400e+04 9.65214224e-01 3.27901334e-01 9.98923836e-01 9.25671289e-01
1.16106400e+04 9.69935465e-01 3.23129504e-01 9.98822634e-01 9.37386571e-01
1.16116400e+04 9.75807806e-01 3.19544539e-01 9.98721431e-01 9.53307969e-01
1.16126400e+04 9.82629754e-01 3.16938688e-01 9.98620229e-01 9.73166333e-01
1.16136400e+04 9.90227272e-01 3.15132505e-01 9.98519026e-01 9.96749642e-01
1.16146400e+04 9.98446557e-01 3.13967408e-01 9.98417824e-01 1.02388759e+00
1.16156400e+04 1.00713903e+00 3.13290203e-01 9.98316621e-01 1.05440617e+00
1.16166400e+04 1.01613845e+00 3.12929476e-01 9.98215419e-01 1.08804503e+00
1.16176400e+04 1.02523191e+00 3.12665719e-01 9.98114217e-01 1.12433518e+00
1.16186400e+04 1.03413680e+00 3.12207531e-01 9.98013014e-01 1.16247349e+00
1.16196400e+04 1.04249659e+00 3.11187303e-01 9.97911812e-01 1.20124464e+00
1.16206400e+04 1.04990743e+00 3.09188647e-01 9.97810609e-01 1.23905237e+00
1.16216400e+04 1.05597272e+00 3.05802620e-01 9.97709407e-01 1.27407829e+00
1.16226400e+04 1.06036051e+00 3.00686984e-01 9.97608204e-01 1.30449305e+00
1.16236400e+04 1.06228110e+00 2.93027474e-01 9.97507002e-01 1.32601611e+00
1.16246400e+04 1.06539116e+00 2.86594403e-01 9.97405800e-01 1.35527630e+00
1.16256400e+04 1.06223349e+00 2.73698852e-01 9.97304597e-01 1.35529380e+00
1.16266400e+04 1.05448586e+00 2.56070724e-01 9.97203395e-01 1.33071931e+00
1.16276400e+04 1.04369675e+00 2.35306613e-01 9.97102192e-01 1.28644270e+00
1.16286400e+04 1.03140409e+00 2.12992240e-01 9.97000990e-01 1.22836474e+00
1.16296400e+04 1.01931910e+00 1.90891986e-01 9.96899787e-01 1.16484726e+00
1.16306400e+04 1.00900195e+00 1.70614493e-01 9.96798585e-01 1.10530544e+00
1.16316400e+04 1.00126192e+00 1.52994201e-01 9.96697383e-01 1.05628407e+00
1.16326400e+04 9.95764808e-01 1.37686520e-01 9.96596180e-01 1.01745653e+00
1.16336400e+04 9.91210371e-01 1.23350803e-01 9.96494978e-01 9.80479975e-01
1.16346400e+04 9.86171250e-01 1.08515342e-01 9.96393775e-01 9.33153289e-01
1.16356400e+04 9.80097973e-01 9.26135917e-02 9.96292573e-01 8.67402441e-01
1.16366400e+04 9.73599007e-01 7.62729254e-02 9.96191370e-01 7.84269114e-01
1.16376400e+04 9.67840746e-01 6.06959791e-02 9.96090168e-01 6.91803766e-01
1.16386400e+04 9.63866371e-01 4.69583473e-02 9.95988966e-01 6.00351015e-01
1.16396400e+04 9.62342489e-01 3.57473488e-02 9.95887763e-01 5.20336282e-01
1.16406400e+04 9.63565971e-01 2.73690788e-02 9.95786561e-01 4.62449930e-01
1.16416400e+04 9.67532352e-01 2.18189337e-02 9.95685358e-01 4.39321121e-01
1.16426400e+04 9.74037670e-01 1.88866137e-02 9.95584156e-01 4.70431394e-01
1.16436400e+04 9.82732138e-01 1.82114652e-02 9.95482953e-01 5.94567765e-01
1.16446400e+04 9.93005011e-01 1.91637642e-02 9.95381751e-01 9.07715771e-01
1.16456400e+04 1.00378071e+00 2.06345153e-02 9.95280549e-01 1.77969724e+00
1.16466400e+04 1.01352672e+00 2.10435808e-02 9.95179346e-01 1.01331003e+01
1.16476400e+04 1.02062559e+00 1.87232556e-02 9.95078144e-01 -2.51624108e+00
1.16486400e+04 1.02387673e+00 1.24356412e-02 9.94976941e-01 -7.33292275e-01
1.16496400e+04 1.02276619e+00 1.65082528e-03 9.94875739e-01 -6.23510061e-02
1.16506400e+04 1.01740530e+00 -1.35163941e-02 9.94774536e-01 3.75517968e-01
1.16516400e+04 1.00834897e+00 -3.24938880e-02 9.94673334e-01 7.13968100e-01
1.16526400e+04 9.96484095e-01 -5.43671906e-02 9.94572132e-01 9.87966982e-01
1.16536400e+04 9.82936507e-01 -7.79754905e-02 9.94470929e-01 1.20804132e+00
1.16546400e+04 9.68870415e-01 -1.02118404e-01 9.94369727e-01 1.37877259e+00
1.16556400e+04 9.55233052e-01 -1.25819267e-01 9.94268524e-01 1.50533210e+00
1.16566400e+04 9.42605811e-01 -1.48478623e-01 9.94167322e-01 1.59482813e+00
1.16576400e+04 9.31200539e-01 -1.69878041e-01 9.94066119e-01 1.65544488e+00
