# # source: .\new_experimental\norm_err_sim_XANESAds14.txt
# # site: err_sim_XANESAds14
# # columns: Energy(eV) Abs_raw Preedge_normalized PredictedPost_raw Final_normalized
# 
1.15245000e+04 4.46892315e-03 1.13298368e-01 9.06204200e-01 8.45382275e-02
1.15250000e+04 3.98795260e-03 1.08960707e-01 9.06630575e-01 8.15067987e-02
1.15255000e+04 3.51652223e-03 1.04635216e-01 9.07056950e-01 7.84691595e-02
1.15260000e+04 3.05503347e-03 1.00322406e-01 9.07483324e-01 7.54256480e-02
1.15265000e+04 2.60390898e-03 9.60228177e-02 9.07909699e-01 7.23766255e-02
1.15270000e+04 2.16359878e-03 9.17370239e-02 9.08336074e-01 6.93224838e-02
1.15275000e+04 1.73457637e-03 8.74656290e-02 9.08762449e-01 6.62636412e-02
1.15280000e+04 1.31734334e-03 8.32092729e-02 9.09188824e-01 6.32005476e-02
1.15285000e+04 9.12433175e-04 7.89686361e-02 9.09615199e-01 6.01336885e-02
1.15290000e+04 5.20410444e-04 7.47444387e-02 9.10041573e-01 5.70635844e-02
1.15295000e+04 1.41874633e-04 7.05374456e-02 9.10467948e-01 5.39907957e-02
1.15300000e+04 -2.22538344e-04 6.63484677e-02 9.10894323e-01 5.09159240e-02
1.15305000e+04 -5.72149325e-04 6.21783716e-02 9.11320698e-01 4.78396197e-02
1.15310000e+04 -9.06238925e-04 5.80280748e-02 9.11747073e-01 4.47625794e-02
1.15315000e+04 -1.22403768e-03 5.38985590e-02 9.12173447e-01 4.16855565e-02
1.15320000e+04 -1.52472679e-03 4.97908685e-02 9.12599822e-01 3.86093611e-02
1.15325000e+04 -1.80743132e-03 4.57061196e-02 9.13026197e-01 3.55348673e-02
1.15330000e+04 -2.07121637e-03 4.16455046e-02 9.13452572e-01 3.24630183e-02
1.15335000e+04 -2.31508102e-03 3.76103005e-02 9.13878947e-01 2.93948329e-02
1.15340000e+04 -2.53795455e-03 3.36018731e-02 9.14305322e-01 2.63314104e-02
1.15345000e+04 -2.73868806e-03 2.96216879e-02 9.14731696e-01 2.32739402e-02
1.15350000e+04 -2.91604769e-03 2.56713189e-02 9.15158071e-01 2.02237096e-02
1.15355000e+04 -3.06870849e-03 2.17524562e-02 9.15584446e-01 1.71821116e-02
1.15360000e+04 -3.19524383e-03 1.78669196e-02 9.16010821e-01 1.41506566e-02
1.15365000e+04 -3.29411477e-03 1.40166722e-02 9.16437196e-01 1.11309852e-02
1.15370000e+04 -3.36366402e-03 1.02038282e-02 9.16863570e-01 8.12487552e-03
1.15375000e+04 -3.40209765e-03 6.43067583e-03 9.17289945e-01 5.13426429e-03
1.15380000e+04 -3.40747683e-03 2.69968835e-03 9.17716320e-01 2.16125699e-03
1.15385000e+04 -3.37769804e-03 -9.86450959e-04 9.18142695e-01 -7.91849452e-04
1.15390000e+04 -3.31047945e-03 -4.62483133e-03 9.18569070e-01 -3.72255006e-03
1.15395000e+04 -3.20333962e-03 -8.21228743e-03 9.18995444e-01 -6.62810709e-03
1.15400000e+04 -3.05357784e-03 -1.17453741e-02 9.19421819e-01 -9.50552652e-03
1.15405000e+04 -2.85824525e-03 -1.52203299e-02 9.19848194e-01 -1.23515247e-02
1.15410000e+04 -2.61412207e-03 -1.86330474e-02 9.20274569e-01 -1.51625006e-02
1.15415000e+04 -2.31767969e-03 -2.19790255e-02 9.20700944e-01 -1.79344922e-02
1.15420000e+04 -1.96504951e-03 -2.52533294e-02 9.21127319e-01 -2.06631389e-02
1.15425000e+04 -1.55197898e-03 -2.84505345e-02 9.21553693e-01 -2.33436299e-02
1.15430000e+04 -1.07378224e-03 -3.15646633e-02 9.21980068e-01 -2.59706461e-02
1.15435000e+04 -5.25286262e-04 -3.45891171e-02 9.22406443e-01 -2.85382967e-02
1.15440000e+04 9.92321530e-05 -3.75165952e-02 9.22832818e-01 -3.10400443e-02
1.15445000e+04 8.06123765e-04 -4.03389965e-02 9.23259193e-01 -3.34686143e-02
1.15450000e+04 1.60244658e-03 -4.30473177e-02 9.23685567e-01 -3.58158995e-02
1.15455000e+04 2.49607434e-03 -4.56315147e-02 9.24111942e-01 -3.80728336e-02
1.15460000e+04 3.49580661e-03 -4.80803629e-02 9.24538317e-01 -4.02292597e-02
1.15465000e+04 4.61151063e-03 -5.03812753e-02 9.24964692e-01 -4.22737629e-02
1.15470000e+04 5.85428446e-03 -5.25200950e-02 9.25391067e-01 -4.41934778e-02
1.15475000e+04 7.23664600e-03 -5.44808540e-02 9.25817442e-01 -4.59738641e-02
1.15480000e+04 8.77276741e-03 -5.62454740e-02 9.26243816e-01 -4.75984297e-02
1.15485000e+04 1.04787445e-02 -5.77934228e-02 9.26670191e-01 -4.90484111e-02
1.15490000e+04 1.23729291e-02 -5.91012905e-02 9.27096566e-01 -5.03023798e-02
1.15495000e+04 1.44763261e-02 -6.01422829e-02 9.27522941e-01 -5.13357722e-02
1.15500000e+04 1.68130727e-02 -6.08856101e-02 9.27949316e-01 -5.21203200e-02
1.15505000e+04 1.94110276e-02 -6.12957351e-02 9.28375690e-01 -5.26233523e-02
1.15510000e+04 2.23024878e-02 -6.13314590e-02 9.28802065e-01 -5.28069438e-02
1.15515000e+04 2.55250846e-02 -6.09447789e-02 9.29228440e-01 -5.26268518e-02
1.15520000e+04 2.91228837e-02 -6.00794834e-02 9.29654815e-01 -5.20312077e-02
1.15525000e+04 3.31477599e-02 -5.86694003e-02 9.30081190e-01 -5.09588835e-02
1.15530000e+04 3.76611339e-02 -5.66361802e-02 9.30507564e-01 -4.93374246e-02
1.15535000e+04 4.27361657e-02 -5.38864986e-02 9.30933939e-01 -4.70804389e-02
1.15540000e+04 4.84605473e-02 -5.03084941e-02 9.31360314e-01 -4.40842689e-02
1.15545000e+04 5.49401146e-02 -4.57671603e-02 9.31786689e-01 -4.02236868e-02
1.15550000e+04 6.23035142e-02 -4.00983932e-02 9.32213064e-01 -3.53463258e-02
1.15555000e+04 7.07082365e-02 -3.31012949e-02 9.32639439e-01 -2.92654717e-02
1.15560000e+04 8.03486440e-02 -2.45279331e-02 9.33065813e-01 -2.17504677e-02
1.15565000e+04 9.14665042e-02 -1.40699045e-02 9.33492188e-01 -1.25141046e-02
1.15570000e+04 1.04365021e-01 -1.34043696e-03 9.33918563e-01 -1.19580378e-03
1.15575000e+04 1.19427591e-01 1.41495392e-02 9.34344938e-01 1.26609022e-02
1.15580000e+04 1.37142804e-01 3.30232772e-02 9.34771313e-01 2.96384380e-02
1.15585000e+04 1.58137685e-01 5.60806216e-02 9.35197687e-01 5.04852749e-02
1.15590000e+04 1.83221168e-01 8.43534647e-02 9.35624062e-01 7.61685348e-02
1.15591000e+04 1.84003304e-01 8.46063466e-02 9.35709337e-01 7.64434457e-02
1.15592000e+04 1.85523961e-01 8.58013005e-02 9.35794612e-01 7.75703911e-02
1.15592900e+04 1.88981673e-01 8.95416821e-02 9.35871360e-01 8.09964184e-02
1.15593900e+04 1.88930637e-01 8.87317539e-02 9.35956635e-01 8.03127946e-02
1.15594900e+04 1.92388272e-01 9.23975537e-02 9.36041910e-01 8.36818768e-02
1.15595900e+04 1.92919375e-01 9.23302132e-02 9.36127185e-01 8.36720108e-02
1.15596400e+04 1.93191008e-01 9.23043014e-02 9.36169822e-01 8.36741064e-02
1.15597400e+04 1.99094273e-01 9.90897940e-02 9.36255097e-01 8.98801403e-02
1.15598400e+04 1.99856042e-01 9.93166949e-02 9.36340372e-01 9.01411117e-02
1.15599400e+04 2.05212849e-01 1.05405115e-01 9.36425647e-01 9.57256526e-02
1.15600400e+04 2.11689906e-01 1.12922547e-01 9.36510922e-01 1.02615621e-01
1.15601400e+04 2.18423194e-01 1.20766833e-01 9.36596197e-01 1.09811244e-01
1.15602400e+04 2.25425052e-01 1.28953711e-01 9.36681472e-01 1.17327406e-01
1.15603400e+04 2.32708448e-01 1.37499725e-01 9.36766747e-01 1.25179757e-01
1.15604400e+04 2.40286944e-01 1.46422173e-01 9.36852022e-01 1.33384676e-01
1.15605400e+04 2.48174781e-01 1.55739224e-01 9.36937297e-01 1.41959374e-01
1.15606400e+04 2.56386827e-01 1.65469841e-01 9.37022572e-01 1.50921830e-01
1.15607400e+04 2.64938615e-01 1.75633840e-01 9.37107847e-01 1.60290844e-01
1.15608400e+04 2.73846346e-01 1.86251886e-01 9.37193122e-01 1.70086040e-01
1.15609400e+04 2.83126866e-01 1.97345469e-01 9.37278397e-01 1.80327843e-01
1.15610400e+04 2.92797652e-01 2.08936882e-01 9.37363672e-01 1.91037463e-01
1.15611400e+04 3.02876809e-01 2.21049222e-01 9.37448946e-01 2.02236895e-01
1.15612400e+04 3.13382982e-01 2.33706272e-01 9.37534221e-01 2.13948822e-01
1.15613400e+04 3.24335340e-01 2.46932483e-01 9.37619496e-01 2.26196591e-01
1.15614400e+04 3.35753476e-01 2.60752850e-01 9.37704771e-01 2.39004105e-01
1.15615400e+04 3.47657310e-01 2.75192782e-01 9.37790046e-01 2.52395708e-01
1.15616400e+04 3.60066959e-01 2.90277941e-01 9.37875321e-01 2.66396035e-01
1.15617400e+04 3.73002576e-01 3.06034036e-01 9.37960596e-01 2.81029827e-01
1.15618400e+04 3.86484144e-01 3.22486556e-01 9.38045871e-01 2.96321682e-01
1.15619400e+04 4.00531255e-01 3.39660493e-01 9.38131146e-01 3.12295804e-01
1.15620400e+04 4.15162796e-01 3.57579941e-01 9.38216421e-01 3.28975629e-01
1.15621400e+04 4.30396616e-01 3.76267667e-01 9.38301696e-01 3.46383431e-01
1.15622400e+04 4.46249099e-01 3.95744570e-01 9.38386971e-01 3.64539818e-01
1.15623400e+04 4.62734729e-01 4.16029130e-01 9.38472246e-01 3.83463220e-01
1.15624400e+04 4.79865514e-01 4.37136659e-01 9.38557521e-01 4.03169191e-01
1.15625400e+04 4.97650390e-01 4.59078562e-01 9.38642796e-01 4.23669718e-01
1.15626400e+04 5.16094505e-01 4.81861400e-01 9.38728071e-01 4.44972345e-01
1.15627400e+04 5.35198448e-01 5.05485930e-01 9.38813346e-01 4.67079270e-01
1.15628400e+04 5.54957433e-01 5.29946042e-01 9.38898621e-01 4.89986351e-01
1.15629400e+04 5.75360365e-01 5.55227585e-01 9.38983896e-01 5.13681993e-01
1.15630400e+04 5.96388902e-01 5.81307163e-01 9.39069171e-01 5.38146014e-01
1.15631400e+04 6.18016485e-01 6.08150895e-01 9.39154446e-01 5.63348470e-01
1.15632400e+04 6.40207373e-01 6.35713189e-01 9.39239721e-01 5.89248487e-01
1.15633400e+04 6.62915701e-01 6.63935540e-01 9.39324996e-01 6.15793111e-01
1.15634400e+04 6.86084677e-01 6.92745502e-01 9.39410271e-01 6.42916319e-01
1.15635400e+04 7.09645983e-01 7.22055928e-01 9.39495546e-01 6.70538267e-01
1.15636400e+04 7.33519021e-01 7.51764005e-01 9.39580821e-01 6.98564358e-01
1.15637400e+04 7.57611290e-01 7.81751737e-01 9.39666096e-01 7.26885636e-01
1.15638400e+04 7.82000763e-01 8.12118589e-01 9.39751370e-01 7.55595201e-01
1.15639400e+04 8.06388416e-01 8.42483118e-01 9.39836645e-01 7.84338666e-01
1.15640400e+04 8.30647899e-01 8.72684152e-01 9.39921920e-01 8.12965953e-01
1.15641400e+04 8.54643761e-01 9.02548906e-01 9.40007195e-01 8.41315778e-01
1.15642400e+04 8.78233793e-01 9.31895975e-01 9.40092470e-01 8.69218416e-01
1.15643400e+04 9.01271843e-01 9.60538925e-01 9.40177745e-01 8.96499015e-01
1.15644400e+04 9.23610163e-01 9.88289287e-01 9.40263020e-01 9.22980388e-01
1.15645400e+04 9.45103132e-01 1.01496130e+00 9.40348295e-01 9.48487429e-01
1.15646400e+04 9.65609074e-01 1.04037425e+00 9.40433570e-01 9.72849299e-01
1.15647400e+04 9.84992306e-01 1.06435504e+00 9.40518845e-01 9.95901885e-01
1.15648400e+04 1.00312383e+00 1.08673913e+00 9.40604120e-01 1.01748863e+00
1.15649400e+04 1.01988928e+00 1.10738063e+00 9.40689395e-01 1.03747009e+00
1.15650400e+04 1.03519563e+00 1.12616088e+00 9.40774670e-01 1.05573197e+00
1.15651400e+04 1.04897245e+00 1.14299003e+00 9.40859945e-01 1.07218673e+00
1.15652400e+04 1.06117384e+00 1.15780953e+00 9.40945220e-01 1.08677597e+00
1.15653400e+04 1.07177695e+00 1.17059024e+00 9.41030495e-01 1.09946878e+00
1.15654400e+04 1.08078103e+00 1.18133118e+00 9.41115770e-01 1.11026064e+00
1.15655400e+04 1.08820686e+00 1.19005890e+00 9.41201045e-01 1.11917288e+00
1.15656400e+04 1.09409430e+00 1.19682419e+00 9.41286320e-01 1.12624973e+00
1.15657400e+04 1.09850069e+00 1.20170025e+00 9.41371595e-01 1.13155662e+00
1.15658400e+04 1.10149754e+00 1.20477826e+00 9.41456870e-01 1.13517608e+00
1.15659400e+04 1.10316808e+00 1.20616441e+00 9.41542145e-01 1.13720501e+00
1.15660400e+04 1.10360421e+00 1.20597592e+00 9.41627420e-01 1.13775097e+00
1.15661400e+04 1.10290367e+00 1.20433747e+00 9.41712695e-01 1.13692881e+00
1.15662400e+04 1.10116746e+00 1.20137790e+00 9.41797970e-01 1.13485765e+00
1.15663400e+04 1.09849726e+00 1.19722693e+00 9.41883245e-01 1.13165768e+00
1.15664400e+04 1.09499378e+00 1.19201300e+00 9.41968520e-01 1.12744825e+00
1.15665400e+04 1.09075491e+00 1.18586098e+00 9.42053794e-01 1.12234560e+00
1.15666400e+04 1.08587413e+00 1.17889014e+00 9.42139069e-01 1.11646097e+00
1.15667400e+04 1.08044000e+00 1.17121343e+00 9.42224344e-01 1.10989990e+00
1.15668400e+04 1.07453485e+00 1.16293590e+00 9.42309619e-01 1.10276070e+00
1.15669400e+04 1.06823519e+00 1.15415510e+00 9.42394894e-01 1.09513483e+00
1.15670400e+04 1.06161058e+00 1.14495980e+00 9.42480169e-01 1.08710563e+00
1.15671400e+04 1.05472448e+00 1.13543093e+00 9.42565444e-01 1.07874923e+00
1.15672400e+04 1.04763395e+00 1.12564129e+00 9.42650719e-01 1.07013419e+00
1.15673400e+04 1.04038990e+00 1.11565582e+00 9.42735994e-01 1.06132181e+00
1.15674400e+04 1.03303772e+00 1.10553241e+00 9.42821269e-01 1.05236680e+00
1.15675400e+04 1.02561740e+00 1.09532208e+00 9.42906544e-01 1.04331748e+00
1.15676400e+04 1.01816429e+00 1.08506993e+00 9.42991819e-01 1.03421667e+00
1.15677400e+04 1.01070913e+00 1.07481516e+00 9.43077094e-01 1.02510165e+00
1.15678400e+04 1.00327879e+00 1.06459205e+00 9.43162369e-01 1.01600511e+00
1.15679400e+04 9.95896785e-01 1.05443060e+00 9.43247644e-01 1.00695572e+00
1.15680400e+04 9.88583228e-01 1.04435646e+00 9.43332919e-01 9.97978112e-01
1.15681400e+04 9.81355572e-01 1.03439190e+00 9.43418194e-01 9.89093695e-01
1.15682400e+04 9.74228843e-01 1.02455608e+00 9.43503469e-01 9.80320994e-01
1.15683400e+04 9.67215940e-01 1.01486547e+00 9.43588744e-01 9.71675980e-01
1.15684400e+04 9.60327866e-01 1.00533408e+00 9.43674019e-01 9.63172347e-01
1.15685400e+04 9.53573880e-01 9.95973745e-01 9.43759294e-01 9.54821693e-01
1.15686400e+04 9.46962102e-01 9.86794809e-01 9.43844569e-01 9.46634250e-01
1.15687400e+04 9.40498981e-01 9.77805503e-01 9.43929844e-01 9.38618233e-01
1.15688400e+04 9.34190284e-01 9.69013185e-01 9.44015119e-01 9.30781042e-01
1.15689400e+04 9.28040565e-01 9.60423661e-01 9.44100394e-01 9.23128608e-01
1.15690400e+04 9.22053618e-01 9.52041772e-01 9.44185669e-01 9.15665945e-01
1.15691400e+04 9.16232403e-01 9.43871293e-01 9.44270944e-01 9.08397055e-01
1.15692400e+04 9.10579347e-01 9.35915322e-01 9.44356218e-01 9.01325301e-01
1.15693400e+04 9.05096120e-01 9.28175989e-01 9.44441493e-01 8.94453118e-01
1.15694400e+04 8.99784088e-01 9.20655035e-01 9.44526768e-01 8.87782575e-01
1.15695400e+04 8.94644010e-01 9.13353428e-01 9.44612043e-01 8.81315002e-01
1.15696400e+04 8.89676190e-01 9.06271557e-01 9.44697318e-01 8.75051169e-01
1.15697400e+04 8.84880627e-01 8.99409420e-01 9.44782593e-01 8.68991473e-01
1.15698400e+04 8.80257018e-01 8.92766631e-01 9.44867868e-01 8.63135940e-01
1.15699400e+04 8.75804755e-01 8.86342415e-01 9.44953143e-01 8.57484221e-01
1.15700400e+04 8.71522853e-01 8.80135514e-01 9.45038418e-01 8.52035496e-01
1.15701400e+04 8.67410173e-01 8.74144476e-01 9.45123693e-01 8.46788757e-01
1.15702400e+04 8.63465501e-01 8.68367752e-01 9.45208968e-01 8.41742899e-01
1.15703400e+04 8.59687092e-01 8.62803116e-01 9.45294243e-01 8.36896157e-01
1.15704400e+04 8.56073427e-01 8.57448631e-01 9.45379518e-01 8.32247042e-01
1.15705400e+04 8.52622535e-01 8.52301782e-01 9.45464793e-01 8.27793500e-01
1.15706400e+04 8.49332517e-01 8.47360147e-01 9.45550068e-01 8.23533562e-01
1.15707400e+04 8.46201249e-01 8.42621017e-01 9.45635343e-01 8.19464974e-01
1.15708400e+04 8.43226530e-01 8.38081584e-01 9.45720618e-01 8.15585381e-01
1.15709400e+04 8.40406160e-01 8.33739041e-01 9.45805893e-01 8.11892421e-01
1.15710400e+04 8.37737711e-01 8.29590291e-01 9.45891168e-01 8.08383445e-01
1.15711400e+04 8.35218753e-01 8.25632236e-01 9.45976443e-01 8.05055795e-01
1.15712400e+04 8.32846860e-01 8.21861778e-01 9.46061718e-01 8.01906806e-01
1.15713400e+04 8.30619526e-01 8.18275724e-01 9.46146993e-01 7.98933714e-01
1.15714400e+04 8.28534096e-01 8.14870684e-01 9.46232268e-01 7.96133555e-01
1.15715400e+04 8.26587990e-01 8.11643369e-01 9.46317543e-01 7.93503454e-01
1.15716400e+04 8.24778551e-01 8.08590389e-01 9.46402818e-01 7.91040433e-01
1.15717400e+04 8.23102972e-01 8.05708163e-01 9.46488093e-01 7.88741318e-01
1.15718400e+04 8.21558597e-01 8.02993304e-01 9.46573368e-01 7.86603115e-01
1.15719400e+04 8.20142542e-01 8.00442133e-01 9.46658642e-01 7.84622536e-01
1.15720400e+04 8.18852001e-01 7.98051068e-01 9.46743917e-01 7.82796382e-01
1.15721400e+04 8.17684012e-01 7.95816334e-01 9.46829192e-01 7.81121254e-01
1.15722400e+04 8.16635769e-01 7.93734350e-01 9.46914467e-01 7.79593934e-01
1.15723400e+04 8.15704084e-01 7.91801050e-01 9.46999742e-01 7.78210721e-01
1.15724400e+04 8.14885922e-01 7.90012562e-01 9.47085017e-01 7.76968094e-01
1.15725400e+04 8.14178324e-01 7.88365111e-01 9.47170292e-01 7.75862616e-01
1.15726400e+04 8.13577950e-01 7.86854438e-01 9.47255567e-01 7.74890368e-01
1.15727400e+04 8.13081614e-01 7.85476476e-01 9.47340842e-01 7.74047609e-01
1.15728400e+04 8.12686052e-01 7.84227065e-01 9.47426117e-01 7.73330491e-01
1.15729400e+04 8.12387849e-01 7.83101847e-01 9.47511392e-01 7.72734969e-01
1.15730400e+04 8.12183592e-01 7.82096467e-01 9.47596667e-01 7.72256983e-01
1.15731400e+04 8.12069788e-01 7.81206472e-01 9.47681942e-01 7.71892369e-01
1.15732400e+04 8.12042948e-01 7.80427409e-01 9.47767217e-01 7.71636951e-01
1.15733400e+04 8.12099353e-01 7.79754535e-01 9.47852492e-01 7.71486256e-01
1.15734400e+04 8.12235512e-01 7.79183398e-01 9.47937767e-01 7.71436084e-01
1.15735400e+04 8.12447708e-01 7.78709253e-01 9.48023042e-01 7.71481938e-01
1.15736400e+04 8.12732070e-01 7.78327165e-01 9.48108317e-01 7.71619116e-01
1.15737400e+04 8.13085031e-01 7.78032584e-01 9.48193592e-01 7.71843288e-01
1.15738400e+04 8.13502721e-01 7.77820572e-01 9.48278867e-01 7.72149729e-01
1.15739400e+04 8.13981422e-01 7.77686388e-01 9.48364142e-01 7.72533891e-01
1.15740400e+04 8.14517340e-01 7.77625190e-01 9.48449417e-01 7.72991121e-01
1.15741400e+04 8.15106757e-01 7.77632236e-01 9.48534692e-01 7.73516847e-01
1.15742400e+04 8.15745953e-01 7.77702782e-01 9.48619967e-01 7.74106485e-01
1.15743400e+04 8.16431288e-01 7.77832182e-01 9.48705242e-01 7.74755538e-01
1.15744400e+04 8.17159041e-01 7.78015694e-01 9.48790517e-01 7.75459396e-01
1.15745400e+04 8.17925800e-01 7.78248960e-01 9.48875792e-01 7.76213826e-01
1.15746400e+04 8.18728148e-01 7.78527625e-01 9.48961066e-01 7.77014583e-01
1.15747400e+04 8.19562671e-01 7.78847333e-01 9.49046341e-01 7.77857410e-01
1.15748400e+04 8.20426105e-01 7.79203922e-01 9.49131616e-01 7.78738232e-01
1.15749400e+04 8.21315493e-01 7.79593616e-01 9.49216891e-01 7.79653350e-01
1.15750400e+04 8.22227797e-01 7.80012544e-01 9.49302166e-01 7.80598960e-01
1.15751400e+04 8.23160287e-01 7.80457220e-01 9.49387441e-01 7.81571632e-01
1.15752400e+04 8.24110306e-01 7.80924257e-01 9.49472716e-01 7.82568028e-01
1.15753400e+04 8.25075274e-01 7.81410364e-01 9.49557991e-01 7.83584894e-01
1.15754400e+04 8.26053066e-01 7.81912830e-01 9.49643266e-01 7.84619553e-01
1.15755400e+04 8.27041407e-01 7.82428750e-01 9.49728541e-01 7.85669124e-01
1.15756400e+04 8.28038474e-01 7.82955803e-01 9.49813816e-01 7.86731304e-01
1.15757400e+04 8.29042446e-01 7.83491665e-01 9.49899091e-01 7.87803782e-01
1.15758400e+04 8.30051807e-01 7.84034399e-01 9.49984366e-01 7.88884631e-01
1.15759400e+04 8.31065113e-01 7.84582167e-01 9.50069641e-01 7.89972017e-01
1.15760400e+04 8.32081152e-01 7.85133419e-01 9.50154916e-01 7.91064392e-01
1.15761400e+04 8.33098935e-01 7.85686898e-01 9.50240191e-01 7.92160498e-01
1.15762400e+04 8.34117478e-01 7.86241345e-01 9.50325466e-01 7.93259073e-01
1.15763400e+04 8.35136096e-01 7.86795889e-01 9.50410741e-01 7.94359242e-01
1.15764400e+04 8.36154259e-01 7.87349852e-01 9.50496016e-01 7.95460324e-01
1.15765400e+04 8.37171435e-01 7.87902557e-01 9.50581291e-01 7.96561636e-01
1.15766400e+04 8.38187322e-01 7.88453616e-01 9.50666566e-01 7.97662786e-01
1.15767400e+04 8.39201691e-01 7.89002739e-01 9.50751841e-01 7.98763480e-01
1.15768400e+04 8.40214542e-01 7.89549926e-01 9.50837116e-01 7.99863717e-01
1.15769400e+04 8.41225723e-01 7.90094983e-01 9.50922391e-01 8.00963301e-01
1.15770400e+04 8.42235463e-01 7.90638201e-01 9.51007666e-01 8.02062524e-01
1.15771400e+04 8.43243913e-01 7.91179774e-01 9.51092941e-01 8.03161582e-01
1.15772400e+04 8.44251225e-01 7.91719895e-01 9.51178216e-01 8.04260671e-01
1.15773400e+04 8.45257777e-01 7.92259047e-01 9.51263490e-01 8.05360284e-01
1.15774400e+04 8.46263875e-01 7.92797619e-01 9.51348765e-01 8.06460815e-01
1.15775400e+04 8.47270048e-01 7.93336288e-01 9.51434040e-01 8.07562956e-01
1.15776400e+04 8.48276601e-01 7.93875440e-01 9.51519315e-01 8.08667105e-01
1.15777400e+04 8.49284140e-01 7.94415852e-01 9.51604590e-01 8.09774055e-01
1.15778400e+04 8.50293197e-01 7.94958199e-01 9.51689865e-01 8.10884504e-01
1.15779400e+04 8.51304454e-01 7.95503353e-01 9.51775140e-01 8.11999347e-01
1.15780400e+04 8.52318368e-01 7.96051895e-01 9.51860415e-01 8.13119187e-01
1.15781400e+04 8.53335696e-01 7.96604793e-01 9.51945690e-01 8.14245024e-01
1.15782400e+04 8.54357198e-01 7.97163015e-01 9.52030965e-01 8.15377861e-01
1.15783400e+04 8.55383556e-01 7.97727433e-01 9.52116240e-01 8.16518603e-01
1.15784400e+04 8.56415530e-01 7.98299013e-01 9.52201515e-01 8.17668258e-01
1.15785400e+04 8.57453954e-01 7.98878822e-01 9.52286790e-01 8.18827937e-01
1.15786400e+04 8.58499588e-01 7.99467826e-01 9.52372065e-01 8.19998653e-01
1.15787400e+04 8.59553416e-01 8.00067285e-01 9.52457340e-01 8.21181720e-01
1.15788400e+04 8.60616123e-01 8.00678069e-01 9.52542615e-01 8.22378059e-01
1.15789400e+04 8.61688695e-01 8.01301437e-01 9.52627890e-01 8.23588992e-01
1.15790400e+04 8.62771815e-01 8.01938261e-01 9.52713165e-01 8.24815443e-01
1.15791400e+04 8.63866394e-01 8.02589701e-01 9.52798440e-01 8.26058643e-01
1.15792400e+04 8.64973190e-01 8.03256726e-01 9.52883715e-01 8.27319621e-01
1.15793400e+04 8.66092810e-01 8.03940109e-01 9.52968990e-01 8.28599213e-01
1.15794400e+04 8.67225862e-01 8.04640627e-01 9.53054265e-01 8.29898258e-01
1.15795400e+04 8.68372952e-01 8.05359052e-01 9.53139540e-01 8.31217595e-01
1.15796400e+04 8.69534385e-01 8.06095773e-01 9.53224815e-01 8.32557666e-01
1.15797400e+04 8.70710387e-01 8.06851079e-01 9.53310090e-01 8.33918814e-01
1.15798400e+04 8.71900960e-01 8.07624970e-01 9.53395365e-01 8.35301085e-01
1.15799400e+04 8.73106026e-01 8.08417350e-01 9.53480640e-01 8.36704421e-01
1.15800400e+04 8.74325206e-01 8.09227735e-01 9.53565914e-01 8.38128366e-01
1.15801400e+04 8.75557818e-01 8.10055253e-01 9.53651189e-01 8.39572060e-01
1.15802400e+04 8.76802952e-01 8.10898744e-01 9.53736464e-01 8.41034340e-01
1.15803400e+04 8.78059543e-01 8.11756851e-01 9.53821739e-01 8.42513839e-01
1.15804400e+04 8.79326075e-01 8.12627638e-01 9.53907014e-01 8.44008580e-01
1.15805400e+04 8.80600803e-01 8.13508880e-01 9.53992289e-01 8.45516284e-01
1.15806400e+04 8.81881526e-01 8.14397770e-01 9.54077564e-01 8.47034057e-01
1.15807400e+04 8.83165967e-01 8.15291402e-01 9.54162839e-01 8.48558899e-01
1.15808400e+04 8.84451319e-01 8.16186196e-01 9.54248114e-01 8.50087093e-01
1.15809400e+04 8.85734546e-01 8.17078280e-01 9.54333389e-01 8.51614611e-01
1.15810400e+04 8.87012233e-01 8.17963297e-01 9.54418664e-01 8.53136908e-01
1.15811400e+04 8.88280966e-01 8.18836892e-01 9.54503939e-01 8.54649428e-01
1.15812400e+04 8.89536723e-01 8.19693934e-01 9.54589214e-01 8.56146790e-01
1.15813400e+04 8.90775482e-01 8.20529293e-01 9.54674489e-01 8.57623600e-01
1.15814400e+04 8.91992993e-01 8.21337548e-01 9.54759764e-01 8.59074145e-01
1.15815400e+04 8.93184931e-01 8.22113182e-01 9.54845039e-01 8.60492595e-01
1.15816400e+04 8.94346667e-01 8.22850290e-01 9.54930314e-01 8.61872695e-01
1.15817400e+04 8.95473800e-01 8.23543257e-01 9.55015589e-01 8.63208482e-01
1.15818400e+04 8.96561853e-01 8.24186372e-01 9.55100864e-01 8.64493868e-01
1.15819400e+04 8.97606499e-01 8.24774118e-01 9.55186139e-01 8.65722957e-01
1.15820400e+04 8.98603415e-01 8.25300977e-01 9.55271414e-01 8.66889833e-01
1.15821400e+04 8.99548729e-01 8.25762013e-01 9.55356689e-01 8.67989173e-01
1.15822400e+04 9.00438647e-01 8.26152385e-01 9.55441964e-01 8.69015745e-01
1.15823400e+04 9.01269907e-01 8.26467931e-01 9.55527239e-01 8.69965010e-01
1.15824400e+04 9.02039473e-01 8.26704778e-01 9.55612514e-01 8.70832725e-01
1.15825400e+04 9.02744841e-01 8.26859734e-01 9.55697789e-01 8.71615350e-01
1.15826400e+04 9.03383962e-01 8.26930183e-01 9.55783064e-01 8.72309945e-01
1.15827400e+04 9.03955470e-01 8.26914385e-01 9.55868338e-01 8.72914483e-01
1.15828400e+04 9.04458302e-01 8.26810982e-01 9.55953613e-01 8.73427340e-01
1.15829400e+04 9.04892308e-01 8.26619783e-01 9.56038888e-01 8.73848115e-01
1.15830400e+04 9.05257638e-01 8.26340980e-01 9.56124163e-01 8.74176817e-01
1.15831400e+04 9.05555051e-01 8.25975541e-01 9.56209438e-01 8.74414271e-01
1.15832400e+04 9.05786142e-01 8.25525500e-01 9.56294713e-01 8.74562436e-01
1.15833400e+04 9.05952731e-01 8.24993179e-01 9.56379988e-01 8.74623584e-01
1.15834400e+04 9.06057399e-01 8.24381869e-01 9.56465263e-01 8.74601020e-01
1.15835400e+04 9.06103104e-01 8.23695347e-01 9.56550538e-01 8.74498571e-01
1.15836400e+04 9.06093338e-01 8.22938064e-01 9.56635813e-01 8.74320796e-01
1.15837400e+04 9.06031970e-01 8.22114957e-01 9.56721088e-01 8.74072783e-01
1.15838400e+04 9.05923175e-01 8.21231351e-01 9.56806363e-01 8.73760045e-01
1.15839400e+04 9.05771505e-01 8.20293053e-01 9.56891638e-01 8.73388625e-01
1.15840400e+04 9.05581818e-01 8.19306258e-01 9.56976913e-01 8.72964998e-01
1.15841400e+04 9.05359044e-01 8.18277259e-01 9.57062188e-01 8.72495761e-01
1.15842400e+04 9.05108497e-01 8.17212831e-01 9.57147463e-01 8.71988046e-01
1.15843400e+04 9.04835261e-01 8.16119461e-01 9.57232738e-01 8.71448693e-01
1.15844400e+04 9.04544950e-01 8.15004310e-01 9.57318013e-01 8.70885290e-01
1.15845400e+04 9.04242726e-01 8.13873962e-01 9.57403288e-01 8.70304822e-01
1.15846400e+04 9.03929119e-01 8.12729093e-01 9.57488563e-01 8.69707979e-01
1.15851400e+04 9.03690502e-01 8.08700583e-01 9.57914938e-01 8.68532085e-01
1.15856400e+04 9.03473967e-01 8.04700241e-01 9.58341312e-01 8.67378003e-01
1.15861400e+04 9.03269725e-01 8.00715581e-01 9.58767687e-01 8.66232462e-01
1.15866400e+04 9.02143868e-01 7.95555291e-01 9.59194062e-01 8.63802049e-01
1.15871400e+04 9.01887798e-01 7.91504517e-01 9.59620437e-01 8.62562893e-01
1.15876400e+04 9.02871070e-01 7.89034672e-01 9.60046812e-01 8.63043808e-01
1.15881400e+04 9.05279222e-01 7.88382431e-01 9.60473186e-01 8.65523737e-01
1.15886400e+04 9.09130087e-01 7.89570542e-01 9.60899561e-01 8.70050038e-01
1.15891400e+04 9.14318565e-01 7.92464938e-01 9.61325936e-01 8.76497330e-01
1.15896400e+04 9.20674827e-01 7.96848981e-01 9.61752311e-01 8.84646687e-01
1.15901400e+04 9.28014323e-01 8.02487256e-01 9.62178686e-01 8.94254967e-01
1.15906400e+04 9.36168284e-01 8.09164479e-01 9.62605061e-01 9.05097876e-01
1.15911400e+04 9.44992153e-01 8.16696248e-01 9.63031435e-01 9.16982396e-01
1.15916400e+04 9.54360340e-01 8.24922360e-01 9.63457810e-01 9.29739847e-01
1.15921400e+04 9.64153859e-01 8.33691034e-01 9.63884185e-01 9.43208503e-01
1.15926400e+04 9.74241960e-01 8.42835482e-01 9.64310560e-01 9.57207119e-01
1.15931400e+04 9.84458762e-01 8.52144103e-01 9.64736935e-01 9.71500568e-01
1.15936400e+04 9.94581315e-01 8.61332499e-01 9.65163309e-01 9.85766780e-01
1.15941400e+04 1.00432096e+00 8.70032445e-01 9.65589684e-01 9.99582385e-01
1.15946400e+04 1.01333856e+00 8.77811343e-01 9.66016059e-01 1.01244318e+00
1.15956400e+04 1.02137645e+00 8.80616387e-01 9.66868809e-01 1.02364331e+00
1.15966400e+04 1.02804714e+00 8.81677395e-01 9.67721558e-01 1.03297717e+00
1.15976400e+04 1.03289259e+00 8.80410084e-01 9.68574308e-01 1.03971015e+00
1.15986400e+04 1.03830830e+00 8.79870222e-01 9.69427058e-01 1.04741724e+00
1.15996400e+04 1.03841045e+00 8.72552265e-01 9.70279807e-01 1.04711501e+00
1.16006400e+04 1.03477665e+00 8.60468676e-01 9.71132557e-01 1.04104212e+00
1.16016400e+04 1.02873080e+00 8.45308218e-01 9.71985306e-01 1.03111608e+00
1.16026400e+04 1.02145213e+00 8.28575155e-01 9.72838056e-01 1.01909113e+00
1.16036400e+04 1.01425662e+00 8.11948184e-01 9.73690806e-01 1.00699653e+00
1.16046400e+04 1.00841391e+00 7.97046859e-01 9.74543555e-01 9.96856082e-01
1.16056400e+04 1.00465847e+00 7.84808100e-01 9.75396305e-01 9.89901431e-01
1.16066400e+04 1.00281927e+00 7.75013722e-01 9.76249055e-01 9.85937037e-01
1.16076400e+04 1.00189743e+00 7.66389553e-01 9.77101804e-01 9.83405580e-01
1.16086400e+04 1.00069246e+00 7.57404225e-01 9.77954554e-01 9.80362440e-01
1.16096400e+04 9.98640704e-01 7.47338711e-01 9.78807304e-01 9.75855208e-01
1.16106400e+04 9.96129086e-01 7.36686593e-01 9.79660053e-01 9.70495080e-01
1.16116400e+04 9.94054107e-01 7.26591458e-01 9.80512803e-01 9.65779163e-01
1.16126400e+04 9.93265520e-01 7.18137269e-01 9.81365552e-01 9.63178770e-01
1.16136400e+04 9.94359849e-01 7.12084966e-01 9.82218302e-01 9.63781757e-01
1.16146400e+04 9.97674555e-01 7.08865016e-01 9.83071052e-01 9.68264672e-01
1.16156400e+04 1.00330123e+00 7.08594256e-01 9.83923801e-01 9.76896848e-01
1.16166400e+04 1.01112126e+00 7.11121389e-01 9.84776551e-01 9.89584602e-01
1.16176400e+04 1.02085039e+00 7.16083803e-01 9.85629301e-01 1.00593385e+00
1.16186400e+04 1.03199765e+00 7.22855207e-01 9.86482050e-01 1.02516147e+00
1.16196400e+04 1.04373165e+00 7.30375064e-01 9.87334800e-01 1.04583229e+00
1.16206400e+04 1.05484301e+00 7.37100681e-01 9.88187549e-01 1.06575799e+00
1.16216400e+04 1.06398647e+00 7.41315997e-01 9.89040299e-01 1.08241089e+00
1.16226400e+04 1.07010495e+00 7.41672595e-01 9.89893049e-01 1.09370489e+00
1.16236400e+04 1.07271272e+00 7.37550861e-01 9.90745798e-01 1.09855554e+00
1.16246400e+04 1.07186752e+00 7.29024459e-01 9.91598548e-01 1.09687747e+00
1.16256400e+04 1.06799013e+00 7.16630144e-01 9.92451298e-01 1.08928572e+00
1.16266400e+04 1.06175222e+00 7.01224686e-01 9.93304047e-01 1.07691227e+00
1.16276400e+04 1.05402818e+00 6.83923507e-01 9.94156797e-01 1.06133789e+00
1.16286400e+04 1.04576142e+00 6.65930018e-01 9.95009546e-01 1.04434825e+00
1.16296400e+04 1.03775001e+00 6.48262259e-01 9.95862296e-01 1.02751156e+00
1.16306400e+04 1.03049980e+00 6.31565497e-01 9.96715046e-01 1.01186659e+00
1.16316400e+04 1.02420952e+00 6.16093247e-01 9.97567795e-01 9.97863034e-01
1.16326400e+04 1.01883676e+00 6.01791401e-01 9.98420545e-01 9.85466672e-01
1.16336400e+04 1.01419317e+00 5.88419700e-01 9.99273295e-01 9.74333539e-01
1.16346400e+04 1.01004594e+00 5.75681166e-01 1.00012604e+00 9.64009136e-01
1.16356400e+04 1.00620248e+00 5.63330119e-01 1.00097879e+00 9.54105083e-01
1.16366400e+04 1.00255085e+00 5.51223782e-01 1.00183154e+00 9.44391339e-01
1.16376400e+04 9.99048943e-01 5.39308430e-01 1.00268429e+00 9.34781459e-01
1.16386400e+04 9.95684917e-01 5.27568963e-01 1.00353704e+00 9.25252647e-01
1.16396400e+04 9.92443520e-01 5.15985924e-01 1.00438979e+00 9.15773283e-01
1.16406400e+04 9.89294095e-01 5.04520206e-01 1.00524254e+00 9.06274916e-01
1.16416400e+04 9.86203328e-01 4.93129313e-01 1.00609529e+00 8.96679577e-01
1.16426400e+04 9.83160976e-01 4.81800179e-01 1.00694804e+00 8.86959594e-01
1.16436400e+04 9.80196405e-01 4.70570265e-01 1.00780079e+00 8.77180098e-01
1.16446400e+04 9.77369716e-01 4.59516235e-01 1.00865354e+00 8.67483543e-01
1.16456400e+04 9.74739719e-01 4.48713109e-01 1.00950629e+00 8.58016591e-01
1.16466400e+04 9.72334567e-01 4.38196800e-01 1.01035904e+00 8.48857812e-01
1.16476400e+04 9.70143561e-01 4.27953660e-01 1.01121179e+00 8.39992657e-01
1.16486400e+04 9.68131490e-01 4.17938772e-01 1.01206454e+00 8.31343604e-01
1.16496400e+04 9.66264434e-01 4.08108869e-01 1.01291729e+00 8.22832233e-01
1.16506400e+04 9.64535336e-01 3.98454947e-01 1.01377004e+00 8.14445837e-01
1.16516400e+04 9.62981530e-01 3.89024632e-01 1.01462279e+00 8.06288366e-01
1.16526400e+04 9.61689905e-01 3.79928759e-01 1.01547554e+00 7.98602534e-01
1.16536400e+04 9.60787870e-01 3.71329854e-01 1.01632829e+00 7.91755233e-01
1.16546400e+04 9.60424007e-01 3.63417452e-01 1.01718104e+00 7.86193202e-01
1.16556400e+04 9.60745076e-01 3.56378762e-01 1.01803379e+00 7.82384543e-01
1.16566400e+04 9.61872795e-01 3.50369050e-01 1.01888654e+00 7.80754325e-01
1.16576400e+04 9.63879862e-01 3.45481051e-01 1.01973929e+00 7.81612092e-01
