# # source: .\new_experimental\norm_sim_XANESAds25_err.txt
# # site: sim_XANESAds25_err
# # columns: Energy(eV) Abs_raw Preedge_normalized PredictedPost_raw Final_normalized
# 
1.15245000e+04 4.26938256e-03 4.19261075e-02 7.96516992e-01 8.71478290e-03
1.15250000e+04 3.80940501e-03 3.88256820e-02 7.97435230e-01 8.06193049e-03
1.15255000e+04 3.35860349e-03 3.57774167e-02 7.98353468e-01 7.42125465e-03
1.15260000e+04 2.91736156e-03 3.27834922e-02 7.99271705e-01 6.79316925e-03
1.15265000e+04 2.48608516e-03 2.98462157e-02 8.00189943e-01 6.17811275e-03
1.15270000e+04 2.06520328e-03 2.69680260e-02 8.01108181e-01 5.57654892e-03
1.15275000e+04 1.65516803e-03 2.41514929e-02 8.02026418e-01 4.98896674e-03
1.15280000e+04 1.25646055e-03 2.13993516e-02 8.02944656e-01 4.41588723e-03
1.15285000e+04 8.69589541e-04 1.87144936e-02 8.03862894e-01 3.85786155e-03
1.15290000e+04 4.95093504e-04 1.60999800e-02 8.04781132e-01 3.31547347e-03
1.15295000e+04 1.33545193e-04 1.35590666e-02 8.05699369e-01 2.78934439e-03
1.15300000e+04 -2.14447629e-04 1.10952082e-02 8.06617607e-01 2.28013407e-03
1.15305000e+04 -5.48238469e-04 8.71207962e-03 8.07535845e-01 1.78854474e-03
1.15310000e+04 -8.67139126e-04 6.41359297e-03 8.08454082e-01 1.31532439e-03
1.15315000e+04 -1.17041745e-03 4.20391004e-03 8.09372320e-01 8.61269080e-04
1.15320000e+04 -1.45729215e-03 2.08747207e-03 8.10290558e-01 4.27228816e-04
1.15325000e+04 -1.72692978e-03 6.90166830e-05 8.11208795e-01 1.41107086e-05
1.15330000e+04 -1.97843955e-03 -1.84639252e-03 8.12127033e-01 -3.77115261e-04
1.15335000e+04 -2.21086884e-03 -3.65334052e-03 8.13045271e-01 -7.45411378e-04
1.15340000e+04 -2.42319804e-03 -5.34603127e-03 8.13963508e-01 -1.08966650e-03
1.15345000e+04 -2.61433300e-03 -6.91824532e-03 8.14881746e-01 -1.40868782e-03
1.15350000e+04 -2.78310140e-03 -8.36331869e-03 8.15799984e-01 -1.70119695e-03
1.15355000e+04 -2.92824303e-03 -9.67408781e-03 8.16718221e-01 -1.96581920e-03
1.15360000e+04 -3.04840086e-03 -1.08428387e-02 8.17636459e-01 -2.20107374e-03
1.15365000e+04 -3.14211430e-03 -1.18612690e-02 8.18554697e-01 -2.40536644e-03
1.15370000e+04 -3.20780885e-03 -1.27204283e-02 8.19472934e-01 -2.57697837e-03
1.15375000e+04 -3.24378113e-03 -1.34106341e-02 8.20391172e-01 -2.71404938e-03
1.15380000e+04 -3.24819072e-03 -1.39214246e-02 8.21309410e-01 -2.81456933e-03
1.15385000e+04 -3.21904377e-03 -1.42414659e-02 8.22227648e-01 -2.87636009e-03
1.15390000e+04 -3.15417737e-03 -1.43584632e-02 8.23145885e-01 -2.89705841e-03
1.15395000e+04 -3.05123866e-03 -1.42590420e-02 8.24064123e-01 -2.87409297e-03
1.15400000e+04 -2.90766997e-03 -1.39286633e-02 8.24982361e-01 -2.80466841e-03
1.15405000e+04 -2.72068127e-03 -1.33514675e-02 8.25900598e-01 -2.68573491e-03
1.15410000e+04 -2.48722331e-03 -1.25101213e-02 8.26818836e-01 -2.51395884e-03
1.15415000e+04 -2.20396159e-03 -1.13856701e-02 8.27737074e-01 -2.28569449e-03
1.15420000e+04 -1.86723985e-03 -9.95733030e-03 8.28655311e-01 -1.99694396e-03
1.15425000e+04 -1.47303837e-03 -8.20225205e-03 8.29573549e-01 -1.64331150e-03
1.15430000e+04 -1.01693523e-03 -6.09529939e-03 8.30491787e-01 -1.21996138e-03
1.15435000e+04 -4.94048962e-04 -3.60872405e-03 8.31410024e-01 -7.21554944e-04
1.15440000e+04 1.01017306e-04 -7.11848000e-04 8.32328262e-01 -1.42189698e-04
1.15445000e+04 7.74246610e-04 2.62933878e-03 8.33246500e-01 5.24678144e-04
1.15450000e+04 1.53228933e-03 6.45263980e-03 8.34164737e-01 1.28632244e-03
1.15455000e+04 2.38255258e-03 1.08001601e-02 8.35082975e-01 2.15084468e-03
1.15460000e+04 3.33331264e-03 1.57189455e-02 8.36001213e-01 3.12729700e-03
1.15465000e+04 4.39384386e-03 2.12617151e-02 8.36919450e-01 4.22582309e-03
1.15470000e+04 5.57456684e-03 2.74877040e-02 8.37837688e-01 5.45782000e-03
1.15475000e+04 6.88722792e-03 3.44636832e-02 8.38755926e-01 6.83613433e-03
1.15480000e+04 8.34511521e-03 4.22651876e-02 8.39674164e-01 8.37529832e-03
1.15485000e+04 9.96330882e-03 5.09779389e-02 8.40592401e-01 1.00918031e-02
1.15490000e+04 1.17589847e-02 6.06995725e-02 8.41510639e-01 1.20044307e-02
1.15495000e+04 1.37517858e-02 7.15417460e-02 8.42428877e-01 1.41346591e-02
1.15500000e+04 1.59642639e-02 8.36326543e-02 8.43347114e-01 1.65071454e-02
1.15505000e+04 1.84224264e-02 9.71201329e-02 8.44265352e-01 1.91503221e-02
1.15510000e+04 2.11563835e-02 1.12175341e-01 8.45183590e-01 2.20971038e-02
1.15515000e+04 2.42011858e-02 1.28997521e-01 8.46101827e-01 2.53858018e-02
1.15520000e+04 2.75978499e-02 1.47819828e-01 8.47020065e-01 2.90612439e-02
1.15525000e+04 3.13945722e-02 1.68916229e-01 8.47938303e-01 3.31760971e-02
1.15530000e+04 3.56483752e-02 1.92610865e-01 8.48856540e-01 3.77926656e-02
1.15535000e+04 4.04270884e-02 2.19289305e-01 8.49774778e-01 4.29850507e-02
1.15540000e+04 4.58119181e-02 2.49413161e-01 8.50693016e-01 4.88419533e-02
1.15545000e+04 5.19007396e-02 2.83538793e-01 8.51611253e-01 5.54702637e-02
1.15550000e+04 5.88123270e-02 3.22341365e-01 8.52529491e-01 6.29996719e-02
1.15555000e+04 6.66919328e-02 3.66646550e-01 8.53447729e-01 7.15887483e-02
1.15560000e+04 7.57185043e-02 4.17471558e-01 8.54365966e-01 8.14328048e-02
1.15565000e+04 8.61143291e-02 4.76079964e-01 8.55284204e-01 9.27744000e-02
1.15570000e+04 9.81577491e-02 5.44053976e-01 8.56202442e-01 1.05917178e-01
1.15575000e+04 1.12200194e-01 6.23391266e-01 8.57120680e-01 1.21244404e-01
1.15580000e+04 1.28688898e-01 7.16634096e-01 8.58038917e-01 1.39243665e-01
1.15585000e+04 1.48197080e-01 8.27040875e-01 8.58957155e-01 1.60539666e-01
1.15590000e+04 1.71463559e-01 9.58811353e-01 8.59875393e-01 1.85937231e-01
1.15590400e+04 1.73454980e-01 9.70092548e-01 8.59948852e-01 1.88110312e-01
1.15590900e+04 1.75919754e-01 9.84054760e-01 8.60040675e-01 1.90799182e-01
1.15591000e+04 1.76543617e-01 9.87591342e-01 8.60059040e-01 1.91481172e-01
1.15591000e+04 1.76696752e-01 9.88461825e-01 8.60059040e-01 1.91649948e-01
1.15591300e+04 1.78057417e-01 9.96167260e-01 8.60114134e-01 1.93132674e-01
1.15591400e+04 1.78635445e-01 9.99443294e-01 8.60132499e-01 1.93764054e-01
1.15591800e+04 1.80802447e-01 1.01172256e+00 8.60205958e-01 1.96129418e-01
1.15592100e+04 1.82287513e-01 1.02013514e+00 8.60261052e-01 1.97748730e-01
1.15592200e+04 1.82988218e-01 1.02410852e+00 8.60279417e-01 1.98515097e-01
1.15592600e+04 1.84815275e-01 1.03445540e+00 8.60352876e-01 2.00505176e-01
1.15592600e+04 1.85255965e-01 1.03696047e+00 8.60352876e-01 2.00990725e-01
1.15592800e+04 1.86019498e-01 1.04128127e+00 8.60389606e-01 2.01820372e-01
1.15593000e+04 1.87004680e-01 1.04686202e+00 8.60426335e-01 2.02894148e-01
1.15593500e+04 1.89963798e-01 1.06363429e+00 8.60518159e-01 2.06124793e-01
1.15593500e+04 1.90129796e-01 1.06457789e+00 8.60518159e-01 2.06307656e-01
1.15593600e+04 1.90529134e-01 1.06683818e+00 8.60536524e-01 2.06741670e-01
1.15593600e+04 1.90696890e-01 1.06779177e+00 8.60536524e-01 2.06926466e-01
1.15593800e+04 1.91730981e-01 1.07365054e+00 8.60573253e-01 2.08053751e-01
1.15593900e+04 1.92246632e-01 1.07657199e+00 8.60591618e-01 2.08615824e-01
1.15594000e+04 1.92706943e-01 1.07917888e+00 8.60609983e-01 2.09116920e-01
1.15594100e+04 1.93232388e-01 1.08215601e+00 8.60628347e-01 2.09689739e-01
1.15594100e+04 1.93285078e-01 1.08245552e+00 8.60628347e-01 2.09747776e-01
1.15594200e+04 1.94128210e-01 1.08723851e+00 8.60646712e-01 2.10670487e-01
1.15594800e+04 1.98034139e-01 1.10938313e+00 8.60756901e-01 2.14936333e-01
1.15595800e+04 2.04238186e-01 1.14455233e+00 8.60940548e-01 2.21707110e-01
1.15596800e+04 2.10687296e-01 1.18111457e+00 8.61124196e-01 2.28745048e-01
1.15597800e+04 2.17393254e-01 1.21913684e+00 8.61307843e-01 2.36062961e-01
1.15598800e+04 2.24368429e-01 1.25868945e+00 8.61491491e-01 2.43674300e-01
1.15599800e+04 2.31625767e-01 1.29984599e+00 8.61675138e-01 2.51593137e-01
1.15600800e+04 2.39178845e-01 1.34268364e+00 8.61858786e-01 2.59834228e-01
1.15601800e+04 2.47041830e-01 1.38728292e+00 8.62042434e-01 2.68412967e-01
1.15602800e+04 2.55229529e-01 1.43372801e+00 8.62226081e-01 2.77345439e-01
1.15603800e+04 2.63757366e-01 1.48210659e+00 8.62409729e-01 2.86648397e-01
1.15604800e+04 2.72641363e-01 1.53250973e+00 8.62593376e-01 2.96339234e-01
1.15605800e+04 2.81898143e-01 1.58503191e+00 8.62777024e-01 3.06435996e-01
1.15606800e+04 2.91544897e-01 1.63977087e+00 8.62960671e-01 3.16957334e-01
1.15607800e+04 3.01599313e-01 1.69682715e+00 8.63144319e-01 3.27922434e-01
1.15608800e+04 3.12079565e-01 1.75630405e+00 8.63327966e-01 3.39350998e-01
1.15609800e+04 3.23004184e-01 1.81830692e+00 8.63511614e-01 3.51263107e-01
1.15610800e+04 3.34391999e-01 1.88294278e+00 8.63695261e-01 3.63679151e-01
1.15611800e+04 3.46261964e-01 1.95031939e+00 8.63878909e-01 3.76619646e-01
1.15612800e+04 3.58633036e-01 2.02054449e+00 8.64062556e-01 3.90105090e-01
1.15613800e+04 3.71523953e-01 2.09372460e+00 8.64246204e-01 4.04155729e-01
1.15614800e+04 3.84953030e-01 2.16996384e+00 8.64429851e-01 4.18791328e-01
1.15615800e+04 3.98937808e-01 2.24936191e+00 8.64613499e-01 4.34030786e-01
1.15616800e+04 4.13494800e-01 2.33201267e+00 8.64797147e-01 4.49891861e-01
1.15617800e+04 4.28639019e-01 2.41800147e+00 8.64980794e-01 4.66390657e-01
1.15618800e+04 4.44383575e-01 2.50740284e+00 8.65164442e-01 4.83541172e-01
1.15619800e+04 4.60739119e-01 2.60027731e+00 8.65348089e-01 5.01354703e-01
1.15620800e+04 4.77713269e-01 2.69666820e+00 8.65531737e-01 5.19839214e-01
1.15621800e+04 4.95309923e-01 2.79659764e+00 8.65715384e-01 5.38998585e-01
1.15622800e+04 5.13528542e-01 2.90006260e+00 8.65899032e-01 5.58831836e-01
1.15623800e+04 5.32363347e-01 3.00703021e+00 8.66082679e-01 5.79332249e-01
1.15624800e+04 5.51802482e-01 3.11743307e+00 8.66266327e-01 6.00486453e-01
1.15625800e+04 5.71827109e-01 3.23116412e+00 8.66449974e-01 6.22273450e-01
1.15626800e+04 5.92410528e-01 3.34807156e+00 8.66633622e-01 6.44663648e-01
1.15627800e+04 6.13517293e-01 3.46795392e+00 8.66817269e-01 6.67617909e-01
1.15628800e+04 6.35102395e-01 3.59055535e+00 8.67000917e-01 6.91086664e-01
1.15629800e+04 6.57110548e-01 3.71556157e+00 8.67184565e-01 7.15009137e-01
1.15630800e+04 6.79475650e-01 3.84259683e+00 8.67368212e-01 7.39312772e-01
1.15631800e+04 7.02120300e-01 3.97122116e+00 8.67551860e-01 7.63912714e-01
1.15632800e+04 7.24956067e-01 4.10093188e+00 8.67735507e-01 7.88712113e-01
1.15633800e+04 7.47883297e-01 4.23116251e+00 8.67919155e-01 8.13601928e-01
1.15634800e+04 7.70994904e-01 4.36244121e+00 8.68102802e-01 8.38683645e-01
1.15635800e+04 7.93969093e-01 4.49293878e+00 8.68286450e-01 8.63605555e-01
1.15636800e+04 8.16679323e-01 4.62193589e+00 8.68470097e-01 8.88229514e-01
1.15637800e+04 8.38993241e-01 4.74868020e+00 8.68653745e-01 9.12411137e-01
1.15638800e+04 8.60775292e-01 4.87240117e+00 8.68837392e-01 9.36002657e-01
1.15639800e+04 8.81889401e-01 4.99232527e+00 8.69021040e-01 9.58855847e-01
1.15640800e+04 9.02201277e-01 5.10768916e+00 8.69204687e-01 9.80824548e-01
1.15641800e+04 9.21579240e-01 5.21774430e+00 8.69388335e-01 1.00176556e+00
1.15642800e+04 9.39898907e-01 5.32178365e+00 8.69571983e-01 1.02154375e+00
1.15643800e+04 9.57046545e-01 5.41916071e+00 8.69755630e-01 1.04003572e+00
1.15644800e+04 9.72920637e-01 5.50929841e+00 8.69939278e-01 1.05713148e+00
1.15645800e+04 9.87437915e-01 5.59172343e+00 8.70122925e-01 1.07274103e+00
1.15646800e+04 1.00053864e+00 5.66609619e+00 8.70306573e-01 1.08680010e+00
1.15647800e+04 1.01218417e+00 5.73219699e+00 8.70490220e-01 1.09926744e+00
1.15648800e+04 1.02235646e+00 5.78992334e+00 8.70673868e-01 1.11012433e+00
1.15649800e+04 1.03105769e+00 5.83928755e+00 8.70857515e-01 1.11937405e+00
1.15650800e+04 1.03830908e+00 5.88041025e+00 8.71041163e-01 1.12704065e+00
1.15651800e+04 1.04414913e+00 5.91351036e+00 8.71224810e-01 1.13316699e+00
1.15652800e+04 1.04863140e+00 5.93889226e+00 8.71408458e-01 1.13781227e+00
1.15653800e+04 1.05182210e+00 5.95693235e+00 8.71592105e-01 1.14104944e+00
1.15654800e+04 1.05379764e+00 5.96806502e+00 8.71775753e-01 1.14296251e+00
1.15655800e+04 1.05464190e+00 5.97276698e+00 8.71959401e-01 1.14364351e+00
1.15656800e+04 1.05444343e+00 5.97154164e+00 8.72143048e-01 1.14318954e+00
1.15657800e+04 1.05329376e+00 5.96490933e+00 8.72326696e-01 1.14170083e+00
1.15658800e+04 1.05128459e+00 5.95339122e+00 8.72510343e-01 1.13927771e+00
1.15659800e+04 1.04850670e+00 5.93750342e+00 8.72693991e-01 1.13601947e+00
1.15660800e+04 1.04504784e+00 5.91774467e+00 8.72877638e-01 1.13202200e+00
1.15661800e+04 1.04099223e+00 5.89459381e+00 8.73061286e-01 1.12737729e+00
1.15662800e+04 1.03641906e+00 5.86850089e+00 8.73244933e-01 1.12217179e+00
1.15663800e+04 1.03140258e+00 5.83988801e+00 8.73428581e-01 1.11648651e+00
1.15664800e+04 1.02601109e+00 5.80914343e+00 8.73612228e-01 1.11039594e+00
1.15665800e+04 1.02030730e+00 5.77662361e+00 8.73795876e-01 1.10396844e+00
1.15666800e+04 1.01434827e+00 5.74265288e+00 8.73979523e-01 1.09726617e+00
1.15667800e+04 1.00818538e+00 5.70752336e+00 8.74163171e-01 1.09034509e+00
1.15668800e+04 1.00186475e+00 5.67149712e+00 8.74346818e-01 1.08325539e+00
1.15669800e+04 9.95427547e-01 5.63480829e+00 8.74530466e-01 1.07604188e+00
1.15670800e+04 9.88910132e-01 5.59766349e+00 8.74714114e-01 1.06874406e+00
1.15671800e+04 9.82344974e-01 5.56024730e+00 8.74897761e-01 1.06139723e+00
1.15672800e+04 9.75760303e-01 5.52272018e+00 8.75081409e-01 1.05403205e+00
1.15673800e+04 9.69181217e-01 5.48522482e+00 8.75265056e-01 1.04667573e+00
1.15674800e+04 9.62629541e-01 5.44788526e+00 8.75448704e-01 1.03935196e+00
1.15675800e+04 9.56124490e-01 5.41081073e+00 8.75632351e-01 1.03208154e+00
1.15676800e+04 9.49682598e-01 5.37409523e+00 8.75815999e-01 1.02488237e+00
1.15677800e+04 9.43318464e-01 5.33782174e+00 8.75999646e-01 1.01777022e+00
1.15678800e+04 9.37044749e-01 5.30206223e+00 8.76183294e-01 1.01075878e+00
1.15679800e+04 9.30872478e-01 5.26687936e+00 8.76366941e-01 1.00385992e+00
1.15680800e+04 9.24811108e-01 5.23232691e+00 8.76550589e-01 9.97083829e-01
1.15681800e+04 9.18868981e-01 5.19845228e+00 8.76734236e-01 9.90439470e-01
1.15682800e+04 9.13053100e-01 5.16529528e+00 8.76917884e-01 9.83934348e-01
1.15683800e+04 9.07369571e-01 5.13289063e+00 8.77101532e-01 9.77574995e-01
1.15684800e+04 9.01823682e-01 5.10126837e+00 8.77285179e-01 9.71367052e-01
1.15685800e+04 8.96419902e-01 5.07045393e+00 8.77468827e-01 9.65315268e-01
1.15686800e+04 8.91161807e-01 5.04046762e+00 8.77652474e-01 9.59423422e-01
1.15687800e+04 8.86052598e-01 5.01132763e+00 8.77836122e-01 9.53694888e-01
1.15688800e+04 8.81094660e-01 4.98304754e+00 8.78019769e-01 9.48132150e-01
1.15689800e+04 8.76290152e-01 4.95563960e+00 8.78203417e-01 9.42737448e-01
1.15690800e+04 8.71640489e-01 4.92911187e+00 8.78387064e-01 9.37512216e-01
1.15691800e+04 8.67146789e-01 4.90347069e+00 8.78570712e-01 9.32457566e-01
1.15692800e+04 8.62809797e-01 4.87872030e+00 8.78754359e-01 9.27574204e-01
1.15693800e+04 8.58629735e-01 4.85486197e+00 8.78938007e-01 9.22862275e-01
1.15694800e+04 8.54606828e-01 4.83189697e+00 8.79121654e-01 9.18321922e-01
1.15695800e+04 8.50740628e-01 4.80982276e+00 8.79305302e-01 9.13952563e-01
1.15696800e+04 8.47030763e-01 4.78863722e+00 8.79488950e-01 9.09753700e-01
1.15697800e+04 8.43476339e-01 4.76833527e+00 8.79672597e-01 9.05724269e-01
1.15698800e+04 8.40076388e-01 4.74891142e+00 8.79856245e-01 9.01863130e-01
1.15699800e+04 8.36829719e-01 4.73035887e+00 8.80039892e-01 8.98168898e-01
1.15700800e+04 8.33734916e-01 4.71266960e+00 8.80223540e-01 8.94639954e-01
1.15701800e+04 8.30790414e-01 4.69583470e+00 8.80407187e-01 8.91274513e-01
1.15702800e+04 8.27994502e-01 4.67984444e+00 8.80590835e-01 8.88070636e-01
1.15703800e+04 8.25345391e-01 4.66468867e+00 8.80774482e-01 8.85026302e-01
1.15704800e+04 8.22841146e-01 4.65035636e+00 8.80958130e-01 8.82139332e-01
1.15705800e+04 8.20479531e-01 4.63683483e+00 8.81141777e-01 8.79407227e-01
1.15706800e+04 8.18258460e-01 4.62411221e+00 8.81325425e-01 8.76827652e-01
1.15707800e+04 8.16175627e-01 4.61217538e+00 8.81509072e-01 8.74398031e-01
1.15708800e+04 8.14228720e-01 4.60101122e+00 8.81692720e-01 8.72115791e-01
1.15709800e+04 8.12415134e-01 4.59060491e+00 8.81876367e-01 8.69978040e-01
1.15710800e+04 8.10732559e-01 4.58094332e+00 8.82060015e-01 8.67982208e-01
1.15711800e+04 8.09178166e-01 4.57201037e+00 8.82243663e-01 8.66125167e-01
1.15712800e+04 8.07749496e-01 4.56379208e+00 8.82427310e-01 8.64404192e-01
1.15713800e+04 8.06443719e-01 4.55627236e+00 8.82610958e-01 8.62816158e-01
1.15714800e+04 8.05258006e-01 4.54943514e+00 8.82794605e-01 8.61357944e-01
1.15715800e+04 8.04189673e-01 4.54326515e+00 8.82978253e-01 8.60026591e-01
1.15716800e+04 8.03235669e-01 4.53774506e+00 8.83161900e-01 8.58818742e-01
1.15717800e+04 8.02393163e-01 4.53285876e+00 8.83345548e-01 8.57731281e-01
1.15718800e+04 8.01659025e-01 4.52858848e+00 8.83529195e-01 8.56760776e-01
1.15719800e+04 8.01030353e-01 4.52491770e+00 8.83712843e-01 8.55904037e-01
1.15720800e+04 8.00504017e-01 4.52182864e+00 8.83896490e-01 8.55157637e-01
1.15721800e+04 8.00076815e-01 4.51930311e+00 8.84080138e-01 8.54518070e-01
1.15722800e+04 7.99745618e-01 4.51732330e+00 8.84263785e-01 8.53981916e-01
1.15723800e+04 7.99507224e-01 4.51587103e+00 8.84447433e-01 8.53545672e-01
1.15724800e+04 7.99358356e-01 4.51492766e+00 8.84631081e-01 8.53205764e-01
1.15725800e+04 7.99295737e-01 4.51447456e+00 8.84814728e-01 8.52958615e-01
1.15726800e+04 7.99316090e-01 4.51449311e+00 8.84998376e-01 8.52800655e-01
1.15727800e+04 7.99415987e-01 4.51496382e+00 8.85182023e-01 8.52728155e-01
1.15728800e+04 7.99592153e-01 4.51586808e+00 8.85365671e-01 8.52737548e-01
1.15729800e+04 7.99841236e-01 4.51718682e+00 8.85549318e-01 8.52825191e-01
1.15730800e+04 8.00159809e-01 4.51890058e+00 8.85732966e-01 8.52987363e-01
1.15731800e+04 8.00544447e-01 4.52098987e+00 8.85916613e-01 8.53220347e-01
1.15732800e+04 8.00991946e-01 4.52343649e+00 8.86100261e-01 8.53520667e-01
1.15733800e+04 8.01498806e-01 4.52622055e+00 8.86283908e-01 8.53884532e-01
1.15734800e+04 8.02061750e-01 4.52932341e+00 8.86467556e-01 8.54308391e-01
1.15735800e+04 8.02677502e-01 4.53272645e+00 8.86651203e-01 8.54788697e-01
1.15736800e+04 8.03342782e-01 4.53641103e+00 8.86834851e-01 8.55321906e-01
1.15737800e+04 8.04054390e-01 4.54035896e+00 8.87018499e-01 8.55904556e-01
1.15738800e+04 8.04809197e-01 4.54455244e+00 8.87202146e-01 8.56533269e-01
1.15739800e+04 8.05604000e-01 4.54897328e+00 8.87385794e-01 8.57204586e-01
1.15740800e+04 8.06435968e-01 4.55360539e+00 8.87569441e-01 8.57915453e-01
1.15741800e+04 8.07302123e-01 4.55843183e+00 8.87753089e-01 8.58662657e-01
1.15742800e+04 8.08199635e-01 4.56343651e+00 8.87936736e-01 8.59443148e-01
1.15743800e+04 8.09125747e-01 4.56860376e+00 8.88120384e-01 8.60253958e-01
1.15744800e+04 8.10077853e-01 4.57391878e+00 8.88304031e-01 8.61092278e-01
1.15745800e+04 8.11053495e-01 4.57936758e+00 8.88487679e-01 8.61955465e-01
1.15746800e+04 8.12050290e-01 4.58493663e+00 8.88671326e-01 8.62840955e-01
1.15747800e+04 8.13066002e-01 4.59061321e+00 8.88854974e-01 8.63746344e-01
1.15748800e+04 8.14098473e-01 4.59638505e+00 8.89038621e-01 8.64669312e-01
1.15749800e+04 8.15145765e-01 4.60224114e+00 8.89222269e-01 8.65607779e-01
1.15750800e+04 8.16205943e-01 4.60817048e+00 8.89405917e-01 8.66559665e-01
1.15751800e+04 8.17277292e-01 4.61416333e+00 8.89589564e-01 8.67523133e-01
1.15752800e+04 8.18358325e-01 4.62021121e+00 8.89773212e-01 8.68496585e-01
1.15753800e+04 8.19447401e-01 4.62630482e+00 8.89956859e-01 8.69478263e-01
1.15754800e+04 8.20543329e-01 4.63243738e+00 8.90140507e-01 8.70466890e-01
1.15755800e+04 8.21644769e-01 4.63860127e+00 8.90324154e-01 8.71461032e-01
1.15756800e+04 8.22750752e-01 4.64479099e+00 8.90507802e-01 8.72459650e-01
1.15757800e+04 8.23860161e-01 4.65100018e+00 8.90691449e-01 8.73461550e-01
1.15758800e+04 8.24972177e-01 4.65722419e+00 8.90875097e-01 8.74465855e-01
1.15759800e+04 8.26085981e-01 4.66345836e+00 8.91058744e-01 8.75471690e-01
1.15760800e+04 8.27200976e-01 4.66969931e+00 8.91242392e-01 8.76478418e-01
1.15761800e+04 8.28316344e-01 4.67594237e+00 8.91426039e-01 8.77485165e-01
1.15762800e+04 8.29431786e-01 4.68218586e+00 8.91609687e-01 8.78491612e-01
1.15763800e+04 8.30546632e-01 4.68842596e+00 8.91793334e-01 8.79497046e-01
1.15764800e+04 8.31660660e-01 4.69466140e+00 8.91976982e-01 8.80501228e-01
1.15765800e+04 8.32773495e-01 4.70089007e+00 8.92160630e-01 8.81503763e-01
1.15766800e+04 8.33884841e-01 4.70711027e+00 8.92344277e-01 8.82504333e-01
1.15767800e+04 8.34994473e-01 4.71332073e+00 8.92527925e-01 8.83502702e-01
1.15768800e+04 8.36102319e-01 4.71952103e+00 8.92711572e-01 8.84498792e-01
1.15769800e+04 8.37208227e-01 4.72571032e+00 8.92895220e-01 8.85492445e-01
1.15770800e+04 8.38312050e-01 4.73188776e+00 8.93078867e-01 8.86483504e-01
1.15771800e+04 8.39413863e-01 4.73805377e+00 8.93262515e-01 8.87472050e-01
1.15772800e+04 8.40513813e-01 4.74420919e+00 8.93446162e-01 8.88458243e-01
1.15773800e+04 8.41611752e-01 4.75035318e+00 8.93629810e-01 8.89441926e-01
1.15774800e+04 8.42708053e-01 4.75648786e+00 8.93813457e-01 8.90423495e-01
1.15775800e+04 8.43802789e-01 4.76261365e+00 8.93997105e-01 8.91403033e-01
1.15776800e+04 8.44896260e-01 4.76873224e+00 8.94180752e-01 8.92380856e-01
1.15777800e+04 8.45988836e-01 4.77484575e+00 8.94364400e-01 8.93357362e-01
1.15778800e+04 8.47080743e-01 4.78095544e+00 8.94548048e-01 8.94332789e-01
1.15779800e+04 8.48172500e-01 4.78706430e+00 8.94731695e-01 8.95307692e-01
1.15780800e+04 8.49264481e-01 4.79317442e+00 8.94915343e-01 8.96282467e-01
1.15781800e+04 8.50357281e-01 4.79928920e+00 8.95098990e-01 8.97257747e-01
1.15782800e+04 8.51451422e-01 4.80541160e+00 8.95282638e-01 8.98234087e-01
1.15783800e+04 8.52547499e-01 4.81154500e+00 8.95466285e-01 8.99212118e-01
1.15784800e+04 8.53646034e-01 4.81769238e+00 8.95649933e-01 9.00192394e-01
1.15785800e+04 8.54747623e-01 4.82385712e+00 8.95833580e-01 9.01175546e-01
1.15786800e+04 8.55852936e-01 4.83004303e+00 8.96017228e-01 9.02162283e-01
1.15787800e+04 8.56962494e-01 4.83625306e+00 8.96200875e-01 9.03153158e-01
1.15788800e+04 8.58076819e-01 4.84249020e+00 8.96384523e-01 9.04148721e-01
1.15789800e+04 8.59196357e-01 4.84875697e+00 8.96568170e-01 9.05149444e-01
1.15790800e+04 8.60321408e-01 4.85505507e+00 8.96751818e-01 9.06155640e-01
1.15791800e+04 8.61452416e-01 4.86138705e+00 8.96935466e-01 9.07167781e-01
1.15792800e+04 8.62589309e-01 4.86775246e+00 8.97119113e-01 9.08185783e-01
1.15793800e+04 8.63732235e-01 4.87415218e+00 8.97302761e-01 9.09209801e-01
1.15794800e+04 8.64880895e-01 4.88058449e+00 8.97486408e-01 9.10239517e-01
1.15795800e+04 8.66034993e-01 4.88704771e+00 8.97670056e-01 9.11274611e-01
1.15796800e+04 8.67193783e-01 4.89353760e+00 8.97853703e-01 9.12314291e-01
1.15797800e+04 8.68356520e-01 4.90004993e+00 8.98037351e-01 9.13357766e-01
1.15798800e+04 8.69522088e-01 4.90657835e+00 8.98220998e-01 9.14403848e-01
1.15799800e+04 8.70689145e-01 4.91311524e+00 8.98404646e-01 9.15451118e-01
1.15800800e+04 8.71856128e-01 4.91965170e+00 8.98588293e-01 9.16497918e-01
1.15801800e+04 8.73021026e-01 4.92617631e+00 8.98771941e-01 9.17542120e-01
1.15802800e+04 8.74181678e-01 4.93267679e+00 8.98955588e-01 9.18581437e-01
1.15803800e+04 8.75335775e-01 4.93914001e+00 8.99139236e-01 9.19613430e-01
1.15804800e+04 8.76480563e-01 4.94555031e+00 8.99322883e-01 9.20635186e-01
1.15805800e+04 8.77613210e-01 4.95189159e+00 8.99506531e-01 9.21643716e-01
1.15806800e+04 8.78730440e-01 4.95814524e+00 8.99690179e-01 9.22635562e-01
1.15807800e+04 8.79829050e-01 4.96429304e+00 8.99873826e-01 9.23607346e-01
1.15808800e+04 8.80905538e-01 4.97031510e+00 9.00057474e-01 9.24555377e-01
1.15809800e+04 8.81956406e-01 4.97619152e+00 9.00241121e-01 9.25475969e-01
1.15810800e+04 8.82978077e-01 4.98190197e+00 9.00424769e-01 9.26365356e-01
1.15811800e+04 8.83966753e-01 4.98742487e+00 9.00608416e-01 9.27219544e-01
1.15812800e+04 8.84919008e-01 4.99274073e+00 9.00792064e-01 9.28034930e-01
1.15813800e+04 8.85831267e-01 4.99782924e+00 9.00975711e-01 9.28807761e-01
1.15814800e+04 8.86700178e-01 5.00267134e+00 9.01159359e-01 9.29534520e-01
1.15815800e+04 8.87522613e-01 5.00724925e+00 9.01343006e-01 9.30211929e-01
1.15816800e+04 8.88295742e-01 5.01154689e+00 9.01526654e-01 9.30837028e-01
1.15817800e+04 8.89016957e-01 5.01554943e+00 9.01710301e-01 9.31407094e-01
1.15818800e+04 8.89684100e-01 5.01924460e+00 9.01893949e-01 9.31919878e-01
1.15819800e+04 8.90295308e-01 5.02262181e+00 9.02077597e-01 9.32373447e-01
1.15820800e+04 8.90849315e-01 5.02567386e+00 9.02261244e-01 9.32766499e-01
1.15821800e+04 8.91345077e-01 5.02839484e+00 9.02444892e-01 9.33097967e-01
1.15822800e+04 8.91782373e-01 5.03078346e+00 9.02628539e-01 9.33367649e-01
1.15823800e+04 8.92161126e-01 5.03283930e+00 9.02812187e-01 9.33575503e-01
1.15824800e+04 8.92481934e-01 5.03456576e+00 9.02995834e-01 9.33722191e-01
1.15825800e+04 8.92746062e-01 5.03597003e+00 9.03179482e-01 9.33809080e-01
1.15826800e+04 8.92954925e-01 5.03706014e+00 9.03363129e-01 9.33837697e-01
1.15827800e+04 8.93110608e-01 5.03784797e+00 9.03546777e-01 9.33810270e-01
1.15828800e+04 8.93215645e-01 5.03834790e+00 9.03730424e-01 9.33729499e-01
1.15829800e+04 8.93272866e-01 5.03857602e+00 9.03914072e-01 9.33598394e-01
1.15830800e+04 8.93285546e-01 5.03855095e+00 9.04097719e-01 9.33420435e-01
1.15831800e+04 8.93257263e-01 5.03829303e+00 9.04281367e-01 9.33199412e-01
1.15832800e+04 8.93191888e-01 5.03782427e+00 9.04465015e-01 9.32939425e-01
1.15833800e+04 8.93093518e-01 5.03716795e+00 9.04648662e-01 9.32644808e-01
1.15834800e+04 8.92966473e-01 5.03634863e+00 9.04832310e-01 9.32320126e-01
1.15835800e+04 8.92815147e-01 5.03539129e+00 9.05015957e-01 9.31970019e-01
1.15836800e+04 8.92644159e-01 5.03432218e+00 9.05199605e-01 9.31599358e-01
1.15837800e+04 8.92458125e-01 5.03316754e+00 9.05383252e-01 9.31213012e-01
1.15838800e+04 8.92261664e-01 5.03195363e+00 9.05566900e-01 9.30815845e-01
1.15839800e+04 8.92059468e-01 5.03070712e+00 9.05750547e-01 9.30412795e-01
1.15840800e+04 8.91852952e-01 5.02943605e+00 9.05934195e-01 9.30005355e-01
1.15841800e+04 8.91655523e-01 5.02821664e+00 9.06117842e-01 9.29607614e-01
1.15842800e+04 8.91472394e-01 5.02707851e+00 9.06301490e-01 9.29225047e-01
1.15843800e+04 8.91308332e-01 5.02604877e+00 9.06485137e-01 9.28862652e-01
1.15844800e+04 8.91169147e-01 5.02516044e+00 9.06668785e-01 9.28526520e-01
1.15849800e+04 8.90768238e-01 5.02239579e+00 9.07587023e-01 9.27157308e-01
1.15854800e+04 8.91286049e-01 5.02485352e+00 9.08505260e-01 9.26753811e-01
1.15859800e+04 8.93006426e-01 5.03414712e+00 9.09423498e-01 9.27610662e-01
1.15864800e+04 8.96058219e-01 5.05100904e+00 9.10341736e-01 9.29859214e-01
1.15869800e+04 9.00430109e-01 5.07537493e+00 9.11259973e-01 9.33483782e-01
1.15874800e+04 9.06010672e-01 5.10661141e+00 9.12178211e-01 9.38364179e-01
1.15879800e+04 9.12639327e-01 5.14380568e+00 9.13096449e-01 9.44329363e-01
1.15884800e+04 9.20151994e-01 5.18602503e+00 9.14014686e-01 9.51205269e-01
1.15889800e+04 9.28406414e-01 5.23246081e+00 9.14932924e-01 9.58841204e-01
1.15894800e+04 9.37287217e-01 5.28245721e+00 9.15851162e-01 9.67115008e-01
1.15899800e+04 9.46695343e-01 5.33545114e+00 9.16769399e-01 9.75921933e-01
1.15904800e+04 9.56530020e-01 5.39086975e+00 9.17687637e-01 9.85155830e-01
1.15909800e+04 9.66666791e-01 5.44800559e+00 9.18605875e-01 9.94686360e-01
1.15914800e+04 9.76934276e-01 5.50588445e+00 9.19524113e-01 1.00433501e+00
1.15919800e+04 9.87096445e-01 5.56316466e+00 9.20442350e-01 1.01385693e+00
1.15924800e+04 9.96851651e-01 5.61813153e+00 9.21360588e-01 1.02294027e+00
1.15929800e+04 1.00585453e+00 5.66882185e+00 9.22278826e-01 1.03122909e+00
1.15934800e+04 1.01375986e+00 5.71327326e+00 9.23197063e-01 1.03836892e+00
1.15939800e+04 1.02027910e+00 5.74984558e+00 9.24115301e-01 1.04406506e+00
1.15944800e+04 1.02490266e+00 5.77564207e+00 9.25033539e-01 1.04779593e+00
1.15954800e+04 1.03016350e+00 5.80457538e+00 9.26870014e-01 1.05113399e+00
1.15964800e+04 1.03009919e+00 5.80323837e+00 9.28706489e-01 1.04898832e+00
1.15974800e+04 1.02633982e+00 5.78089711e+00 9.30542965e-01 1.04306056e+00
1.15984800e+04 1.02027251e+00 5.74543661e+00 9.32379440e-01 1.03479133e+00
1.15994800e+04 1.01310066e+00 5.70369740e+00 9.34215915e-01 1.02542311e+00
1.16004800e+04 1.00611947e+00 5.66304204e+00 9.36052391e-01 1.01628308e+00
1.16014800e+04 1.00053346e+00 5.63031742e+00 9.37888866e-01 1.00859655e+00
1.16024800e+04 9.97009525e-01 5.60931446e+00 9.39725342e-01 1.00303359e+00
1.16034800e+04 9.95366821e-01 5.59900521e+00 9.41561817e-01 9.99399314e-01
1.16044800e+04 9.94654679e-01 5.59398565e+00 9.43398292e-01 9.96720517e-01
1.16054800e+04 9.93716115e-01 5.58767902e+00 9.45234768e-01 9.93822350e-01
1.16064800e+04 9.91998409e-01 5.57694342e+00 9.47071243e-01 9.90148163e-01
1.16074800e+04 9.89926398e-01 5.56419381e+00 9.48907718e-01 9.86130088e-01
1.16084800e+04 9.88482482e-01 5.55501456e+00 9.50744194e-01 9.82757904e-01
1.16094800e+04 9.88563559e-01 5.55450398e+00 9.52580669e-01 9.80928550e-01
1.16104800e+04 9.90698442e-01 5.56566808e+00 9.54417145e-01 9.81163770e-01
1.16114800e+04 9.95063352e-01 5.58950857e+00 9.56253620e-01 9.83628923e-01
1.16124800e+04 1.00158068e+00 5.62558428e+00 9.58090095e-01 9.88234733e-01
1.16134800e+04 1.01002825e+00 5.67263228e+00 9.59926571e-01 9.94748448e-01
1.16144800e+04 1.02009212e+00 5.72886803e+00 9.61763046e-01 1.00284764e+00
1.16154800e+04 1.03128788e+00 5.79153786e+00 9.63599521e-01 1.01204279e+00
1.16164800e+04 1.04281009e+00 5.85606337e+00 9.65435997e-01 1.02152950e+00
1.16174800e+04 1.05352493e+00 5.91599944e+00 9.67272472e-01 1.03018392e+00
1.16184800e+04 1.06223772e+00 5.96455510e+00 9.69108947e-01 1.03682991e+00
1.16194800e+04 1.06806491e+00 5.99670778e+00 9.70945423e-01 1.04060638e+00
1.16204800e+04 1.07061860e+00 6.01025254e+00 9.72781898e-01 1.04114632e+00
1.16214800e+04 1.06993960e+00 6.00542138e+00 9.74618374e-01 1.03850667e+00
1.16224800e+04 1.06636926e+00 5.98415466e+00 9.76454849e-01 1.03303890e+00
1.16234800e+04 1.06050700e+00 5.94985972e+00 9.78291324e-01 1.02534486e+00
1.16244800e+04 1.05317613e+00 5.90721660e+00 9.80127800e-01 1.01624116e+00
1.16254800e+04 1.04527198e+00 5.86131473e+00 9.81964275e-01 1.00660916e+00
1.16264800e+04 1.03754361e+00 5.81641204e+00 9.83800750e-01 9.97181549e-01
1.16274800e+04 1.03046426e+00 5.77519866e+00 9.85637226e-01 9.88417701e-01
1.16284800e+04 1.02423243e+00 5.73880292e+00 9.87473701e-01 9.80506981e-01
1.16294800e+04 1.01884327e+00 5.70719728e+00 9.89310177e-01 9.73440322e-01
1.16304800e+04 1.01417419e+00 5.67968488e+00 9.91146652e-01 9.67094743e-01
1.16314800e+04 1.01005902e+00 5.65532114e+00 9.92983127e-01 9.61306001e-01
1.16324800e+04 1.00634754e+00 5.63325211e+00 9.94819603e-01 9.55926343e-01
1.16334800e+04 1.00293719e+00 5.61289481e+00 9.96656078e-01 9.50854926e-01
1.16344800e+04 9.99773886e-01 5.59394185e+00 9.98492553e-01 9.46038199e-01
1.16354800e+04 9.96826578e-01 5.57621669e+00 1.00032903e+00 9.41445062e-01
1.16364800e+04 9.94059141e-01 5.55951399e+00 1.00216550e+00 9.37039774e-01
1.16374800e+04 9.91418916e-01 5.54353443e+00 1.00400198e+00 9.32771018e-01
1.16384800e+04 9.88851906e-01 5.52797104e+00 1.00583845e+00 9.28586543e-01
1.16394800e+04 9.86333383e-01 5.51268327e+00 1.00767493e+00 9.24462352e-01
1.16404800e+04 9.83890384e-01 5.49782481e+00 1.00951141e+00 9.20423872e-01
1.16414800e+04 9.81593292e-01 5.48379575e+00 1.01134788e+00 9.16537542e-01
1.16424800e+04 9.79521653e-01 5.47104826e+00 1.01318436e+00 9.12878046e-01
1.16434800e+04 9.77727455e-01 5.45987785e+00 1.01502083e+00 9.09493474e-01
1.16444800e+04 9.76218518e-01 5.45032899e+00 1.01685731e+00 9.06389846e-01
1.16454800e+04 9.74964305e-01 5.44222808e+00 1.01869378e+00 9.03536939e-01
1.16464800e+04 9.73918415e-01 5.43531136e+00 1.02053026e+00 9.00889785e-01
1.16474800e+04 9.73045767e-01 5.42937942e+00 1.02236673e+00 8.98414365e-01
1.16484800e+04 9.72346584e-01 5.42443353e+00 1.02420321e+00 8.96110035e-01
1.16494800e+04 9.71869801e-01 5.42075185e+00 1.02603968e+00 8.94021823e-01
1.16504800e+04 9.71710603e-01 5.41887546e+00 1.02787616e+00 8.92237748e-01
1.16514800e+04 9.71995683e-01 5.41952452e+00 1.02971263e+00 8.90874692e-01
1.16524800e+04 9.72860893e-01 5.42347128e+00 1.03154911e+00 8.90057311e-01
1.16534800e+04 9.74425030e-01 5.43139102e+00 1.03338559e+00 8.89893559e-01
1.16544800e+04 9.76762351e-01 5.44370587e+00 1.03522206e+00 8.90449268e-01
1.16554800e+04 9.79879560e-01 5.46045391e+00 1.03705854e+00 8.91727128e-01
1.16564800e+04 9.83705155e-01 5.48122871e+00 1.03889501e+00 8.93657333e-01
1.16574800e+04 9.88095984e-01 5.50521653e+00 1.04073149e+00 8.96104237e-01
1.16584800e+04 9.92858695e-01 5.53131829e+00 1.04256796e+00 8.98886703e-01
1.16594800e+04 9.97777145e-01 5.55830533e+00 1.04440444e+00 9.01803754e-01
1.16604800e+04 1.00263601e+00 5.58495366e+00 1.04624091e+00 9.04656472e-01
1.16614800e+04 1.00723844e+00 5.61014430e+00 1.04807739e+00 9.07264207e-01
1.16624800e+04 1.01141975e+00 5.63294116e+00 1.04991386e+00 9.09477012e-01
1.16634800e+04 1.01506183e+00 5.65267275e+00 1.05175034e+00 9.11188559e-01
