# # source: .\new_experimental\norm_Pt_PVP_261mV.txt
# # site: Pt_PVP_261mV
# # columns: Energy(eV) Abs_raw Preedge_normalized PredictedPost_raw Final_normalized
# 
1.15154970e+04 9.28493217e-03 1.74482463e-02 1.15824434e+00 1.29508975e-02
1.15160070e+04 9.52588336e-03 1.75633115e-02 1.15717936e+00 1.30498227e-02
1.15165050e+04 8.64503993e-03 1.63915046e-02 1.15613943e+00 1.21914963e-02
1.15170030e+04 7.35073765e-03 1.47439902e-02 1.15509950e+00 1.09772525e-02
1.15174990e+04 7.56125547e-03 1.48284916e-02 1.15406375e+00 1.10513339e-02
1.15179960e+04 6.01649688e-03 1.28931311e-02 1.15302591e+00 9.61870399e-03
1.15185000e+04 6.02964183e-03 1.27480002e-02 1.15197345e+00 9.52022733e-03
1.15190020e+04 5.72510010e-03 1.22379889e-02 1.15092517e+00 9.14873594e-03
1.15195010e+04 4.41892924e-03 1.05765010e-02 1.14988315e+00 7.91473947e-03
1.15199990e+04 2.66629394e-03 8.40164879e-03 1.14884323e+00 6.29364529e-03
1.15205000e+04 2.89426823e-03 8.50464500e-03 1.14779703e+00 6.37734907e-03
1.15209980e+04 2.31057820e-03 7.67472980e-03 1.14675711e+00 5.76091059e-03
1.15214980e+04 2.64872165e-03 7.90479978e-03 1.14571300e+00 5.93970939e-03
1.15220020e+04 1.53199803e-03 6.45969176e-03 1.14466054e+00 4.85888293e-03
1.15225000e+04 7.43684898e-04 5.39434621e-03 1.14362062e+00 4.06170962e-03
1.15230020e+04 4.33839725e-04 4.87823301e-03 1.14257234e+00 3.67690197e-03
1.15235020e+04 -1.51300287e-03 2.47929843e-03 1.14152823e+00 1.87066683e-03
1.15240020e+04 -8.68201296e-04 3.06219577e-03 1.14048413e+00 2.31285913e-03
1.15244990e+04 -9.18219295e-04 2.84661813e-03 1.13944629e+00 2.15224546e-03
1.15250000e+04 5.81751015e-05 3.81071364e-03 1.13840009e+00 2.88415980e-03
1.15254990e+04 -3.05690902e-03 6.79696457e-05 1.13735808e+00 5.14964267e-05
1.15260050e+04 -2.36021523e-03 7.08664095e-04 1.13630144e+00 5.37475132e-04
1.15265010e+04 -3.33551864e-03 -5.71188323e-04 1.13526569e+00 -4.33655221e-04
1.15270050e+04 -2.50625356e-03 2.22672759e-04 1.13421324e+00 1.69233894e-04
1.15275050e+04 -3.61579714e-03 -1.21290236e-03 1.13316913e+00 -9.22779552e-04
1.15280000e+04 -4.19888874e-03 -2.04117513e-03 1.13213547e+00 -1.55453389e-03
1.15285000e+04 -4.15126471e-03 -2.14536404e-03 1.13109136e+00 -1.63558727e-03
1.15290020e+04 -5.22092707e-03 -3.53568951e-03 1.13004308e+00 -2.69837266e-03
1.15295000e+04 -5.27476528e-03 -3.75598048e-03 1.12900315e+00 -2.86947910e-03
1.15299960e+04 -6.51232647e-03 -5.33757518e-03 1.12796740e+00 -4.08201248e-03
1.15305050e+04 -5.53869200e-03 -4.37919884e-03 1.12690450e+00 -3.35264730e-03
1.15310020e+04 -6.41160834e-03 -5.54156716e-03 1.12586666e+00 -4.24696075e-03
1.15315010e+04 -5.81483735e-03 -5.01361373e-03 1.12482465e+00 -3.84637175e-03
1.15319970e+04 -6.04810357e-03 -5.43971076e-03 1.12378890e+00 -4.17761747e-03
1.15325030e+04 -7.13951461e-03 -6.85633118e-03 1.12273226e+00 -5.27116651e-03
1.15329990e+04 -5.78074175e-03 -5.45069797e-03 1.12169651e+00 -4.19488924e-03
1.15335000e+04 -7.08508019e-03 -7.11071347e-03 1.12065032e+00 -5.47822723e-03
1.15340000e+04 -6.91530045e-03 -7.07435538e-03 1.11960621e+00 -5.45596767e-03
1.15345020e+04 -6.30879066e-03 -6.53615083e-03 1.11855793e+00 -5.04623360e-03
1.15350030e+04 -6.99781430e-03 -7.48821214e-03 1.11751174e+00 -5.78739820e-03
1.15355020e+04 -5.76759126e-03 -6.23143661e-03 1.11646973e+00 -4.82116501e-03
1.15359960e+04 -5.37333723e-03 -5.93490048e-03 1.11543815e+00 -4.59654723e-03
1.15365010e+04 -5.72952094e-03 -6.50528266e-03 1.11438360e+00 -5.04370342e-03
1.15369970e+04 -5.13532182e-03 -5.97933442e-03 1.11334785e+00 -4.64080684e-03
1.15375000e+04 -4.44638485e-03 -5.34661073e-03 1.11229748e+00 -4.15416211e-03
1.15379990e+04 -5.02240432e-03 -6.16801848e-03 1.11125547e+00 -4.79746225e-03
1.15385000e+04 -4.29815110e-03 -5.49402553e-03 1.11020928e+00 -4.27779471e-03
1.15389990e+04 -3.26931119e-03 -4.46895260e-03 1.10916726e+00 -3.48334926e-03
1.15395000e+04 -2.10354112e-03 -3.28696976e-03 1.10812107e+00 -2.56478719e-03
1.15400030e+04 -1.28530945e-03 -2.50548527e-03 1.10707070e+00 -1.95710528e-03
1.15405000e+04 -1.23649791e-04 -1.32695983e-03 1.10603286e+00 -1.03762815e-03
1.15410010e+04 -1.10619816e-03 -2.61673780e-03 1.10498666e+00 -2.04837763e-03
1.15414980e+04 1.35371413e-03 5.55000813e-05 1.10394883e+00 4.34916674e-05
1.15420010e+04 1.52438243e-03 9.19266086e-05 1.10289846e+00 7.21144650e-05
1.15425030e+04 1.95306562e-03 4.25531693e-04 1.10185018e+00 3.34180682e-04
1.15429990e+04 5.42286982e-03 4.26002480e-03 1.10081442e+00 3.34907396e-03
1.15435010e+04 6.21426881e-03 5.01095475e-03 1.09976614e+00 3.94368647e-03
1.15440010e+04 7.66184255e-03 6.51748648e-03 1.09872204e+00 5.13487601e-03
1.15445000e+04 1.01002202e-02 9.16431166e-03 1.09768002e+00 7.22798367e-03
1.15450030e+04 1.32002617e-02 1.25711462e-02 1.09662965e+00 9.92576383e-03
1.15454960e+04 1.71651444e-02 1.69762088e-02 1.09560017e+00 1.34181498e-02
1.15459980e+04 1.80770798e-02 1.78658227e-02 1.09455189e+00 1.41366586e-02
1.15465010e+04 2.04812734e-02 2.04720453e-02 1.09350152e+00 1.62165425e-02
1.15469990e+04 2.24516043e-02 2.25806744e-02 1.09246159e+00 1.79061831e-02
1.15474960e+04 2.50859238e-02 2.54535775e-02 1.09142375e+00 2.02061508e-02
1.15480030e+04 2.79715408e-02 2.86124329e-02 1.09036503e+00 2.27388315e-02
1.15485040e+04 3.10795159e-02 3.20290315e-02 1.08931883e+00 2.54818301e-02
1.15489990e+04 3.57249614e-02 3.72164838e-02 1.08828517e+00 2.96408352e-02
1.15495020e+04 3.99731827e-02 4.19443636e-02 1.08723480e+00 3.34429888e-02
1.15499990e+04 4.38383463e-02 4.62334220e-02 1.08619696e+00 3.69027491e-02
1.15504990e+04 4.95888130e-02 5.26906733e-02 1.08515286e+00 4.21028018e-02
1.15510000e+04 5.43171523e-02 5.79715917e-02 1.08410667e+00 4.63733544e-02
1.15515010e+04 6.15925946e-02 6.61830950e-02 1.08306047e+00 5.30001282e-02
1.15520020e+04 6.86921908e-02 7.41922775e-02 1.08201428e+00 5.94792706e-02
1.15524990e+04 7.71444377e-02 8.37590323e-02 1.08097644e+00 6.72221463e-02
1.15530000e+04 8.64319954e-02 9.42855872e-02 1.07993025e+00 7.57537548e-02
1.15535020e+04 9.63760995e-02 1.05567217e-01 1.07888197e+00 8.49117011e-02
1.15540020e+04 1.08452007e-01 1.19302243e-01 1.07783786e+00 9.60650261e-02
1.15544990e+04 1.23821763e-01 1.36827980e-01 1.07680002e+00 1.10297964e-01
1.15549970e+04 1.38571481e-01 1.53640010e-01 1.07576009e+00 1.23986463e-01
1.15555000e+04 1.56919116e-01 1.74590056e-01 1.07470973e+00 1.41049690e-01
1.15559990e+04 1.78091739e-01 1.98791682e-01 1.07366771e+00 1.60779332e-01
1.15565000e+04 2.01721393e-01 2.25819621e-01 1.07262152e+00 1.82841815e-01
1.15570000e+04 2.29213736e-01 2.57292120e-01 1.07157741e+00 2.08555545e-01
1.15574990e+04 2.60470758e-01 2.93096412e-01 1.07053540e+00 2.37841007e-01
1.15579990e+04 2.95794761e-01 3.33579674e-01 1.06949129e+00 2.70993136e-01
1.15585040e+04 3.38952922e-01 3.83074986e-01 1.06843675e+00 3.11551861e-01
1.15590000e+04 3.90578161e-01 4.42315007e-01 1.06740099e+00 3.60128851e-01
1.15594940e+04 4.50724733e-01 5.11359935e-01 1.06636942e+00 4.16803366e-01
1.15600030e+04 5.21663550e-01 5.92817176e-01 1.06530652e+00 4.83747408e-01
1.15604990e+04 6.03517764e-01 6.86837327e-01 1.06427077e+00 5.61090678e-01
1.15609970e+04 6.98024147e-01 7.95413872e-01 1.06323084e+00 6.50513172e-01
1.15615000e+04 8.08225711e-01 9.22047014e-01 1.06218047e+00 7.54927376e-01
1.15620000e+04 9.22681452e-01 1.05357578e+00 1.06113637e+00 8.63584205e-01
1.15624970e+04 1.03654579e+00 1.18442505e+00 1.06009853e+00 9.71920901e-01
1.15630060e+04 1.14213661e+00 1.30575137e+00 1.05903563e+00 1.07270550e+00
1.15634980e+04 1.22209313e+00 1.39758939e+00 1.05800823e+00 1.14942396e+00
1.15639980e+04 1.27901855e+00 1.46292630e+00 1.05696413e+00 1.20451467e+00
1.15644950e+04 1.30851867e+00 1.49670981e+00 1.05592629e+00 1.23371219e+00
1.15650010e+04 1.31083472e+00 1.49921366e+00 1.05486965e+00 1.23718818e+00
1.15655010e+04 1.29516981e+00 1.48103132e+00 1.05382555e+00 1.22356523e+00
1.15660010e+04 1.27142816e+00 1.45355623e+00 1.05278144e+00 1.20222550e+00
1.15664980e+04 1.24035508e+00 1.41764689e+00 1.05174361e+00 1.17384560e+00
1.15669960e+04 1.20929427e+00 1.38175134e+00 1.05070368e+00 1.14541576e+00
1.15675000e+04 1.17492096e+00 1.34204266e+00 1.04965122e+00 1.11377227e+00
1.15679990e+04 1.15000968e+00 1.31322218e+00 1.04860920e+00 1.09109042e+00
1.15684990e+04 1.12209825e+00 1.28094953e+00 1.04756510e+00 1.06548798e+00
1.15690020e+04 1.10029872e+00 1.25570800e+00 1.04651473e+00 1.04568946e+00
1.15695020e+04 1.08418722e+00 1.23701183e+00 1.04547063e+00 1.03129534e+00
1.15699990e+04 1.06759775e+00 1.21776669e+00 1.04443279e+00 1.01640317e+00
1.15704960e+04 1.05352312e+00 1.20141501e+00 1.04339495e+00 1.00389491e+00
1.15710010e+04 1.04552206e+00 1.19204877e+00 1.04234040e+00 9.97220092e-01
1.15714980e+04 1.03080110e+00 1.17495345e+00 1.04130256e+00 9.84038453e-01
1.15719970e+04 1.02371102e+00 1.16663725e+00 1.04026054e+00 9.78192244e-01
1.15725010e+04 1.01602240e+00 1.15763081e+00 1.03920809e+00 9.71764384e-01
1.15730000e+04 1.00736398e+00 1.14751014e+00 1.03816607e+00 9.64374125e-01
1.15734990e+04 1.00210111e+00 1.14129626e+00 1.03712406e+00 9.60253936e-01
1.15740020e+04 9.99522173e-01 1.13816911e+00 1.03607369e+00 9.58733184e-01
1.15744980e+04 9.99520903e-01 1.13800993e+00 1.03503793e+00 9.59696368e-01
1.15749950e+04 1.00082403e+00 1.13935123e+00 1.03400009e+00 9.61930792e-01
1.15755000e+04 1.00385391e+00 1.14267670e+00 1.03294555e+00 9.65865356e-01
1.15760010e+04 1.00244880e+00 1.14090074e+00 1.03189936e+00 9.65483064e-01
1.15764970e+04 1.00858945e+00 1.14780819e+00 1.03086361e+00 9.72445457e-01
1.15769950e+04 1.01185994e+00 1.15141272e+00 1.02982368e+00 9.76626894e-01
1.15774990e+04 1.02006537e+00 1.16069328e+00 1.02877122e+00 9.85651726e-01
1.15780030e+04 1.02017428e+00 1.16065833e+00 1.02771876e+00 9.86777782e-01
1.15785020e+04 1.02175837e+00 1.16232225e+00 1.02667675e+00 9.89341024e-01
1.15790000e+04 1.02545589e+00 1.16641811e+00 1.02563682e+00 9.93980322e-01
1.15795000e+04 1.02373039e+00 1.16427384e+00 1.02459271e+00 9.93311250e-01
1.15800030e+04 1.02125544e+00 1.16126634e+00 1.02354235e+00 9.91910236e-01
1.15805030e+04 1.01533710e+00 1.15429797e+00 1.02249824e+00 9.87111783e-01
1.15810010e+04 1.00780545e+00 1.14547404e+00 1.02145831e+00 9.80708828e-01
1.15815010e+04 1.00424580e+00 1.14121948e+00 1.02041421e+00 9.78212188e-01
1.15819990e+04 9.96469674e-01 1.13211426e+00 1.01937428e+00 9.71542427e-01
1.15824990e+04 9.92282851e-01 1.12713810e+00 1.01833018e+00 9.68409171e-01
1.15829970e+04 9.85568402e-01 1.11925441e+00 1.01729025e+00 9.62762981e-01
1.15834990e+04 9.79603797e-01 1.11223217e+00 1.01624197e+00 9.57854454e-01
1.15840000e+04 9.76915562e-01 1.10897991e+00 1.01519577e+00 9.56182584e-01
1.15844990e+04 9.74943221e-01 1.10655195e+00 1.01415376e+00 9.55213821e-01
1.15849990e+04 9.71487224e-01 1.10241665e+00 1.01310965e+00 9.52769445e-01
1.15855010e+04 9.76994245e-01 1.10859317e+00 1.01206137e+00 9.59246419e-01
1.15859990e+04 9.76837493e-01 1.10825447e+00 1.01102145e+00 9.60085492e-01
1.15865010e+04 1.00210147e+00 1.13716247e+00 1.00997316e+00 9.86302399e-01
1.15870020e+04 1.00346079e+00 1.13856714e+00 1.00892697e+00 9.88696410e-01
1.15874980e+04 1.00261765e+00 1.13743936e+00 1.00789122e+00 9.88882637e-01
1.15880020e+04 1.00520996e+00 1.14026169e+00 1.00683876e+00 9.92526485e-01
1.15885010e+04 1.00817259e+00 1.14351171e+00 1.00579675e+00 9.96539927e-01
1.15890000e+04 1.00854374e+00 1.14378007e+00 1.00475473e+00 9.97961404e-01
1.15895000e+04 1.01513433e+00 1.15120393e+00 1.00371063e+00 1.00563937e+00
1.15900010e+04 1.02118184e+00 1.15800263e+00 1.00266443e+00 1.01279139e+00
1.15904980e+04 1.02591965e+00 1.16329572e+00 1.00162659e+00 1.01863241e+00
1.15910000e+04 1.03271104e+00 1.17094998e+00 1.00057831e+00 1.02656969e+00
1.15915030e+04 1.03638111e+00 1.17501266e+00 9.99527944e-01 1.03137606e+00
1.15920000e+04 1.03967108e+00 1.17863992e+00 9.98490104e-01 1.03579646e+00
1.15924990e+04 1.04109026e+00 1.18011411e+00 9.97448088e-01 1.03833804e+00
1.15930020e+04 1.03998722e+00 1.17868506e+00 9.96397719e-01 1.03833823e+00
1.15935000e+04 1.04088400e+00 1.17955850e+00 9.95357791e-01 1.04035665e+00
1.15940000e+04 1.03884758e+00 1.17705651e+00 9.94313687e-01 1.03940428e+00
1.15945010e+04 1.03505282e+00 1.17253113e+00 9.93267494e-01 1.03666319e+00
1.15950000e+04 1.03082397e+00 1.16750693e+00 9.92225478e-01 1.03346889e+00
1.15954980e+04 1.02749983e+00 1.16352397e+00 9.91185550e-01 1.03118718e+00
1.15959970e+04 1.01982208e+00 1.15453162e+00 9.90143534e-01 1.02445742e+00
1.15964980e+04 1.01528903e+00 1.14915679e+00 9.89097341e-01 1.02093016e+00
1.15970010e+04 1.01289520e+00 1.14624263e+00 9.88046972e-01 1.01958801e+00
1.15974970e+04 1.00496834e+00 1.13696462e+00 9.87011220e-01 1.01255769e+00
1.15980020e+04 1.00074371e+00 1.13194337e+00 9.85956675e-01 1.00932810e+00
1.15984980e+04 9.94981459e-01 1.12515586e+00 9.84920923e-01 1.00449157e+00
1.15990010e+04 9.87839294e-01 1.11677847e+00 9.83870554e-01 9.98239293e-01
1.15994950e+04 9.84652203e-01 1.11295446e+00 9.82838979e-01 9.96024747e-01
1.16000000e+04 9.84494119e-01 1.11261201e+00 9.81784434e-01 9.96951267e-01
1.16004970e+04 9.78808670e-01 1.10591255e+00 9.80746594e-01 9.92157372e-01
1.16010020e+04 9.75254120e-01 1.10166227e+00 9.79692049e-01 9.89571159e-01
1.16015000e+04 9.70305104e-01 1.09580980e+00 9.78652121e-01 9.85520582e-01
1.16020050e+04 9.67733799e-01 1.09269080e+00 9.77597575e-01 9.83938404e-01
1.16024980e+04 9.64807433e-01 1.08916709e+00 9.76568088e-01 9.81958332e-01
1.16029990e+04 9.59694242e-01 1.08312478e+00 9.75521896e-01 9.77719297e-01
1.16034990e+04 9.58465706e-01 1.08155230e+00 9.74477791e-01 9.77507183e-01
1.16039980e+04 9.54683641e-01 1.07704215e+00 9.73435775e-01 9.74633785e-01
1.16044990e+04 9.51964101e-01 1.07375387e+00 9.72389582e-01 9.72865149e-01
1.16049950e+04 9.50772160e-01 1.07222476e+00 9.71353831e-01 9.72675911e-01
1.16054950e+04 9.48398015e-01 1.06933419e+00 9.70309726e-01 9.71259279e-01
1.16059970e+04 9.46756685e-01 1.06728613e+00 9.69261446e-01 9.70610142e-01
1.16064980e+04 9.43815180e-01 1.06374246e+00 9.68215253e-01 9.68595134e-01
1.16070000e+04 9.41832853e-01 1.06130207e+00 9.67166972e-01 9.67583346e-01
1.16074970e+04 9.43302560e-01 1.06283502e+00 9.66129132e-01 9.70183924e-01
1.16080030e+04 9.39341950e-01 1.05811722e+00 9.65072499e-01 9.67099799e-01
