# # source: .\new_experimental\norm_Pt_GO_func_160mV.txt
# # site: Pt_GO_func_160mV
# # columns: Energy(eV) Abs_raw Preedge_normalized PredictedPost_raw Final_normalized
# 
1.15155010e+04 1.28727003e-02 2.31979206e-02 1.12158410e+00 1.67537297e-02
1.15160020e+04 1.96128419e-02 3.12888592e-02 1.12075325e+00 2.26160339e-02
1.15164930e+04 7.35266540e-03 1.61797750e-02 1.11993898e+00 1.17045977e-02
1.15170030e+04 2.03037401e-02 3.18528690e-02 1.11909321e+00 2.30623735e-02
1.15174990e+04 1.05069031e-02 1.97505697e-02 1.11827066e+00 1.43118776e-02
1.15180000e+04 8.26472183e-04 7.78902610e-03 1.11743981e+00 5.64892281e-03
1.15185000e+04 -2.50029836e-03 3.58672783e-03 1.11661062e+00 2.60343041e-03
1.15190050e+04 1.98267581e-02 3.07109846e-02 1.11577314e+00 2.23105524e-02
1.15194990e+04 2.20568232e-02 3.32962620e-02 1.11495390e+00 2.42088055e-02
1.15200000e+04 1.33847851e-02 2.25661480e-02 1.11412305e+00 1.64210921e-02
1.15205040e+04 5.85177343e-03 1.32261525e-02 1.11328723e+00 9.63268518e-03
1.15210040e+04 5.43836144e-03 1.25815908e-02 1.11245804e+00 9.17098554e-03
1.15215000e+04 -7.41871546e-04 4.89581763e-03 1.11163548e+00 3.57165639e-03
1.15219980e+04 4.31646301e-03 1.09338047e-02 1.11080961e+00 7.98328276e-03
1.15225000e+04 9.15461701e-03 1.67017938e-02 1.10997711e+00 1.22051278e-02
1.15230000e+04 3.61574703e-03 9.79812294e-03 1.10914792e+00 7.16621692e-03
1.15235020e+04 5.14977372e-04 5.87125368e-03 1.10831541e+00 4.29781334e-03
1.15240000e+04 -7.24561936e-03 -3.74498763e-03 1.10748954e+00 -2.74368403e-03
1.15244980e+04 -8.66699669e-03 -5.61989812e-03 1.10666367e+00 -4.12078034e-03
1.15250000e+04 2.03093062e-03 7.30393167e-03 1.10583116e+00 5.36016679e-03
1.15254990e+04 -3.32414008e-03 6.24992314e-04 1.10500363e+00 4.59055248e-04
1.15259920e+04 -1.91326465e-02 -1.88178019e-02 1.10418605e+00 -1.38332340e-02
1.15264960e+04 2.52442068e-03 7.48855644e-03 1.10335023e+00 5.50967453e-03
1.15270000e+04 -1.27687811e-02 -1.13280314e-02 1.10251440e+00 -8.34171999e-03
1.15275020e+04 -6.76114404e-03 -4.13189245e-03 1.10168190e+00 -3.04524566e-03
1.15280000e+04 -4.88344914e-03 -1.97804041e-03 1.10085603e+00 -1.45907628e-03
1.15285010e+04 -1.84032044e-02 -1.86280919e-02 1.10002518e+00 -1.37525509e-02
1.15290000e+04 -2.31240331e-03 8.82248291e-04 1.09919765e+00 6.51893431e-04
1.15295020e+04 -3.53123406e-03 -7.46433955e-04 1.09836514e+00 -5.52014649e-04
1.15300010e+04 -9.89510728e-03 -8.65730323e-03 1.09753761e+00 -6.40786523e-03
1.15305010e+04 -7.15505918e-03 -5.45092116e-03 1.09670842e+00 -4.03806428e-03
1.15310040e+04 -5.05163093e-03 -3.02280507e-03 1.09587426e+00 -2.24124129e-03
1.15315000e+04 -1.08790523e-02 -1.02777316e-02 1.09505170e+00 -7.62686376e-03
1.15320000e+04 -6.78476517e-03 -5.41757926e-03 1.09422251e+00 -4.02371802e-03
1.15325060e+04 -1.85899109e-03 4.56292130e-04 1.09338337e+00 3.39190438e-04
1.15330000e+04 -4.50623389e-03 -2.91450361e-03 1.09256413e+00 -2.16837766e-03
1.15335010e+04 -7.06962593e-03 -6.18485840e-03 1.09173329e+00 -4.60548478e-03
1.15340060e+04 -3.24300547e-03 -1.65297251e-03 1.09089581e+00 -1.23194072e-03
1.15345030e+04 -6.90887768e-03 -6.26853684e-03 1.09007159e+00 -4.67587912e-03
1.15349990e+04 -1.19944388e-02 -1.26175181e-02 1.08924904e+00 -9.41983969e-03
1.15355000e+04 -1.95030728e-02 -2.19269058e-02 1.08841819e+00 -1.63841339e-02
1.15360030e+04 -1.47425202e-02 -1.62539614e-02 1.08758402e+00 -1.21558059e-02
1.15365010e+04 -1.89515203e-02 -2.15330622e-02 1.08675815e+00 -1.61177823e-02
1.15370040e+04 7.48327571e-03 1.06080446e-02 1.08592399e+00 7.94719518e-03
1.15375000e+04 -1.26675027e-02 -1.41382856e-02 1.08510143e+00 -1.06010624e-02
1.15380030e+04 -1.22036637e-03 -2.99815781e-04 1.08426727e+00 -2.25002240e-04
1.15385030e+04 -4.31181529e-03 -4.21474389e-03 1.08343808e+00 -3.16578427e-03
1.15390020e+04 -2.15166707e-03 -1.71624479e-03 1.08261055e+00 -1.29022872e-03
1.15394980e+04 -1.00248423e-02 -1.14694059e-02 1.08178799e+00 -8.62986095e-03
1.15399980e+04 -4.15995146e-03 -4.44702696e-03 1.08095880e+00 -3.34897109e-03
1.15405000e+04 4.39401389e-03 5.85863838e-03 1.08012630e+00 4.41589700e-03
1.15410020e+04 4.49324257e-03 5.83954455e-03 1.07929379e+00 4.40536767e-03
1.15414990e+04 -5.66240254e-03 -6.70120360e-03 1.07846958e+00 -5.05980143e-03
1.15419990e+04 -1.00108477e-03 -1.14860457e-03 1.07764039e+00 -8.68023104e-04
1.15424970e+04 2.92794957e-03 3.51030312e-03 1.07681451e+00 2.65512067e-03
1.15429970e+04 1.73274138e-03 1.91102713e-03 1.07598533e+00 1.44672920e-03
1.15434990e+04 6.23932580e-04 4.16701537e-04 1.07515282e+00 3.15738911e-04
1.15440010e+04 1.11246313e-02 1.30996796e-02 1.07432031e+00 9.93451398e-03
1.15445000e+04 2.04671757e-02 2.43691806e-02 1.07349278e+00 1.84972801e-02
1.15450000e+04 2.50368691e-02 2.98098898e-02 1.07266359e+00 2.26469337e-02
1.15455020e+04 1.92112223e-02 2.25554538e-02 1.07183109e+00 1.71508074e-02
1.15460020e+04 1.57710532e-02 1.82146754e-02 1.07100190e+00 1.38623610e-02
1.15465020e+04 1.90437769e-02 2.20715505e-02 1.07017271e+00 1.68124775e-02
1.15469970e+04 2.93469460e-02 3.45152652e-02 1.06935181e+00 2.63141712e-02
1.15475030e+04 4.31703173e-02 5.12547085e-02 1.06851267e+00 3.91111545e-02
1.15480000e+04 5.96163146e-02 7.11993660e-02 1.06768846e+00 5.43781980e-02
1.15485000e+04 3.92581212e-02 4.61986271e-02 1.06685927e+00 3.53152444e-02
1.15490040e+04 4.47923496e-02 5.28160898e-02 1.06602345e+00 4.04098532e-02
1.15494960e+04 5.83806371e-02 6.92723652e-02 1.06520753e+00 5.30469018e-02
1.15499990e+04 4.57819520e-02 5.37465478e-02 1.06437336e+00 4.11944187e-02
1.15504990e+04 7.05103017e-02 8.38046141e-02 1.06354417e+00 6.42897239e-02
1.15510000e+04 5.44042291e-02 6.39962024e-02 1.06271332e+00 4.91376945e-02
1.15515040e+04 7.68530211e-02 9.12693997e-02 1.06187750e+00 7.01415524e-02
1.15520020e+04 8.30651519e-02 9.87163802e-02 1.06105163e+00 7.59319783e-02
1.15525010e+04 8.60313022e-02 1.02199153e-01 1.06022410e+00 7.86808821e-02
1.15530050e+04 1.16631769e-01 1.39427017e-01 1.05938828e+00 1.07438394e-01
1.15535020e+04 1.28481057e-01 1.53758262e-01 1.05856406e+00 1.18586870e-01
1.15540000e+04 1.34105181e-01 1.60487180e-01 1.05773819e+00 1.23886841e-01
1.15545030e+04 1.39818225e-01 1.67323288e-01 1.05690403e+00 1.29280239e-01
1.15549970e+04 1.60258269e-01 1.92146236e-01 1.05608479e+00 1.48590795e-01
1.15555000e+04 1.75102309e-01 2.10132939e-01 1.05525062e+00 1.62646896e-01
1.15560010e+04 2.26487527e-01 2.72743572e-01 1.05441977e+00 2.11298582e-01
1.15565040e+04 2.47994952e-01 2.98867470e-01 1.05358561e+00 2.31746419e-01
1.15570030e+04 2.63781466e-01 3.18006220e-01 1.05275808e+00 2.46808184e-01
1.15574960e+04 3.10269092e-01 3.74638246e-01 1.05194050e+00 2.91018950e-01
1.15580020e+04 3.35946739e-01 4.05853899e-01 1.05110136e+00 3.15554669e-01
1.15584980e+04 3.80820332e-01 4.60514060e-01 1.05027880e+00 3.58373627e-01
1.15590030e+04 4.31203720e-01 5.21900160e-01 1.04944132e+00 4.06514685e-01
1.15595030e+04 4.79423840e-01 5.80645917e-01 1.04861213e+00 4.52681019e-01
1.15600000e+04 5.37747727e-01 6.51731035e-01 1.04778792e+00 5.08556733e-01
1.15605010e+04 6.27504308e-01 7.61200028e-01 1.04695707e+00 5.94515790e-01
1.15610000e+04 7.11302831e-01 8.63393714e-01 1.04612954e+00 6.74941072e-01
1.15615030e+04 7.78614839e-01 9.45453273e-01 1.04529538e+00 7.39763544e-01
1.15620020e+04 8.77894462e-01 1.06655218e+00 1.04446785e+00 8.35272246e-01
1.15625020e+04 9.82369530e-01 1.19399538e+00 1.04363866e+00 9.35928828e-01
1.15630020e+04 1.07131748e+00 1.30247717e+00 1.04280947e+00 1.02189174e+00
1.15635000e+04 1.12653118e+00 1.36976390e+00 1.04198360e+00 1.07565712e+00
1.15640020e+04 1.18035007e+00 1.43534620e+00 1.04115109e+00 1.12818858e+00
1.15644990e+04 1.19666584e+00 1.45513183e+00 1.04032688e+00 1.14477641e+00
1.15649970e+04 1.17761593e+00 1.43172931e+00 1.03950100e+00 1.12738873e+00
1.15654990e+04 1.18280194e+00 1.43792208e+00 1.03866850e+00 1.13330317e+00
1.15660020e+04 1.21290328e+00 1.47454071e+00 1.03783433e+00 1.16323284e+00
1.15664980e+04 1.16802688e+00 1.41959993e+00 1.03701178e+00 1.12090755e+00
1.15670030e+04 1.15427369e+00 1.40266370e+00 1.03617430e+00 1.10855907e+00
1.15675030e+04 1.11800402e+00 1.35823218e+00 1.03534511e+00 1.07442756e+00
1.15679970e+04 1.11789236e+00 1.35795779e+00 1.03452587e+00 1.07518408e+00
1.15685010e+04 1.11184318e+00 1.35042981e+00 1.03369005e+00 1.07021328e+00
1.15690070e+04 1.10698291e+00 1.34435316e+00 1.03285091e+00 1.06638842e+00
1.15695000e+04 1.07841498e+00 1.30932880e+00 1.03203333e+00 1.03954787e+00
1.15700010e+04 1.05729479e+00 1.28339725e+00 1.03120248e+00 1.01989943e+00
1.15705040e+04 1.07762354e+00 1.30808178e+00 1.03036831e+00 1.04047964e+00
1.15710060e+04 1.07040263e+00 1.29912348e+00 1.02953581e+00 1.03431099e+00
1.15714940e+04 1.05557679e+00 1.28088209e+00 1.02872652e+00 1.02070683e+00
1.15720020e+04 1.08960611e+00 1.32229608e+00 1.02788406e+00 1.05469806e+00
1.15725010e+04 1.06235369e+00 1.28887652e+00 1.02705653e+00 1.02899075e+00
1.15729970e+04 1.06961063e+00 1.29759997e+00 1.02623398e+00 1.03690666e+00
1.15735010e+04 1.04066792e+00 1.26211486e+00 1.02539815e+00 1.00949274e+00
1.15739970e+04 1.04328850e+00 1.26517647e+00 1.02457560e+00 1.01287265e+00
1.15744980e+04 1.03586032e+00 1.25596534e+00 1.02374475e+00 1.00643379e+00
1.15750040e+04 1.04386335e+00 1.26559709e+00 1.02290561e+00 1.01510567e+00
1.15755040e+04 1.04694340e+00 1.26921867e+00 1.02207642e+00 1.01895734e+00
1.15759990e+04 1.05744552e+00 1.28190535e+00 1.02125553e+00 1.03009103e+00
1.15765060e+04 1.05063226e+00 1.27344346e+00 1.02041473e+00 1.02425830e+00
1.15769980e+04 1.03504928e+00 1.25427635e+00 1.01959881e+00 1.00976770e+00
1.15774980e+04 1.05480962e+00 1.27826758e+00 1.01876962e+00 1.03004283e+00
1.15779970e+04 1.08036834e+00 1.30933996e+00 1.01794209e+00 1.05606528e+00
1.15784990e+04 1.05537026e+00 1.27867253e+00 1.01710958e+00 1.03229858e+00
1.15790020e+04 1.05150264e+00 1.27380892e+00 1.01627542e+00 1.02934065e+00
1.15795000e+04 1.02102206e+00 1.23644747e+00 1.01544954e+00 1.00008214e+00
1.15800030e+04 1.03051248e+00 1.24789644e+00 1.01461538e+00 1.01029490e+00
1.15805010e+04 1.02453953e+00 1.24046324e+00 1.01378951e+00 1.00521610e+00
1.15810020e+04 1.02858583e+00 1.24526451e+00 1.01295866e+00 1.01005703e+00
1.15815010e+04 1.00015040e+00 1.21040029e+00 1.01213113e+00 9.82699666e-01
1.15820040e+04 9.99490372e-01 1.20945372e+00 1.01129696e+00 9.82861222e-01
1.15824990e+04 1.02065211e+00 1.23515771e+00 1.01047607e+00 1.00468601e+00
1.15830020e+04 1.00019362e+00 1.21003366e+00 1.00964190e+00 9.85183938e-01
1.15835000e+04 9.96091041e-01 1.20488451e+00 1.00881603e+00 9.81914139e-01
1.15840000e+04 1.00223103e+00 1.21224283e+00 1.00798684e+00 9.88844409e-01
1.15845020e+04 9.46417962e-01 1.14394474e+00 1.00715433e+00 9.34018891e-01
1.15850020e+04 1.02282795e+00 1.23711541e+00 1.00632515e+00 1.01104819e+00
1.15854970e+04 9.91639687e-01 1.19889060e+00 1.00550425e+00 9.80727813e-01
1.15860010e+04 9.69261200e-01 1.17142160e+00 1.00466843e+00 9.59173696e-01
1.15865010e+04 1.00077520e+00 1.20976617e+00 1.00383924e+00 9.91511287e-01
1.15870030e+04 9.76820213e-01 1.18037254e+00 1.00300673e+00 9.68343763e-01
1.15874980e+04 9.76652558e-01 1.18002948e+00 1.00218583e+00 9.68974102e-01
1.15880010e+04 9.78472395e-01 1.18211128e+00 1.00135167e+00 9.71613464e-01
1.15885010e+04 1.01475096e+00 1.22627424e+00 1.00052248e+00 1.00887308e+00
1.15889960e+04 9.79436997e-01 1.18301121e+00 9.99701582e-01 9.74199275e-01
1.15894970e+04 1.01175827e+00 1.22234133e+00 9.98870735e-01 1.00755049e+00
1.15899990e+04 9.86005224e-01 1.19075194e+00 9.98038229e-01 9.82454006e-01
1.15904970e+04 1.00174469e+00 1.20983352e+00 9.97212356e-01 9.99148924e-01
1.15909990e+04 1.00040085e+00 1.20805217e+00 9.96379851e-01 9.98637131e-01
1.15914990e+04 1.02525919e+00 1.23826898e+00 9.95550661e-01 1.02459718e+00
1.15919970e+04 1.03327835e+00 1.24792268e+00 9.94724789e-01 1.03357194e+00
1.15924960e+04 1.02106235e+00 1.23286530e+00 9.93897258e-01 1.02207971e+00
1.15929980e+04 1.00319992e+00 1.21091178e+00 9.93064752e-01 1.00484865e+00
1.15934960e+04 1.02869511e+00 1.24190685e+00 9.92238880e-01 1.03155703e+00
1.15939980e+04 1.03463334e+00 1.24901824e+00 9.91406374e-01 1.03846728e+00
1.15944990e+04 1.05122495e+00 1.26913960e+00 9.90575527e-01 1.05621617e+00
1.15950000e+04 9.95434813e-01 1.20086978e+00 9.89744679e-01 1.00036647e+00
1.15955000e+04 1.00614239e+00 1.21380595e+00 9.88915490e-01 1.01211959e+00
1.15960020e+04 9.96731997e-01 1.20217390e+00 9.88082984e-01 1.00339355e+00
1.15965000e+04 9.87078894e-01 1.19024656e+00 9.87257112e-01 9.94396152e-01
1.15969990e+04 9.79874737e-01 1.18130956e+00 9.86429581e-01 9.87883997e-01
1.15974970e+04 1.00650077e+00 1.21368560e+00 9.85603708e-01 1.01593923e+00
1.15980040e+04 1.02784009e+00 1.23960309e+00 9.84762911e-01 1.03865537e+00
1.15985000e+04 9.90379160e-01 1.19371794e+00 9.83940355e-01 1.00117264e+00
1.15989990e+04 9.97904715e-01 1.20276857e+00 9.83112824e-01 1.00974262e+00
1.15994970e+04 9.91285231e-01 1.19454583e+00 9.82286952e-01 1.00381196e+00
1.15999990e+04 9.93684294e-01 1.19733525e+00 9.81454446e-01 1.00714045e+00
1.16004980e+04 9.82321630e-01 1.18331996e+00 9.80626915e-01 9.96320479e-01
1.16010050e+04 9.98051672e-01 1.20238751e+00 9.79786117e-01 1.01337718e+00
1.16014960e+04 9.70364874e-01 1.16843974e+00 9.78971854e-01 9.85711034e-01
1.16019980e+04 9.96527951e-01 1.20024930e+00 9.78139348e-01 1.01354059e+00
1.16024960e+04 9.62737962e-01 1.15884648e+00 9.77313475e-01 9.79532818e-01
1.16029990e+04 9.78934553e-01 1.17848489e+00 9.76479311e-01 9.97114830e-01
1.16035010e+04 9.54348767e-01 1.14832094e+00 9.75646805e-01 9.72550322e-01
1.16040010e+04 9.77391848e-01 1.17632099e+00 9.74817616e-01 9.97243010e-01
1.16044990e+04 9.74499485e-01 1.17264974e+00 9.73991744e-01 9.95104143e-01
1.16050010e+04 9.48674402e-01 1.14097238e+00 9.73159238e-01 9.69179588e-01
1.16055000e+04 9.51913832e-01 1.14478888e+00 9.72331707e-01 9.73377468e-01
1.16060000e+04 9.39489298e-01 1.12947657e+00 9.71502518e-01 9.61304887e-01
1.16065000e+04 9.37000657e-01 1.12629778e+00 9.70673329e-01 9.59545583e-01
1.16070020e+04 9.24054156e-01 1.11034749e+00 9.69840823e-01 9.46895165e-01
1.16075030e+04 9.59023751e-01 1.15291169e+00 9.69009975e-01 9.84167891e-01
1.16079990e+04 9.67319387e-01 1.16290356e+00 9.68187419e-01 9.93672212e-01
