# # source: .\new_experimental\norm_Pt_foil_5.txt
# # site: Pt_foil_5
# # columns: Energy(eV) Abs_raw Preedge_normalized PredictedPost_raw Final_normalized
# 
1.15155000e+04 1.43099752e-03 -2.33270376e-03 1.03093541e+00 -1.29153435e-03
1.15159970e+04 1.23316076e-03 -2.47126639e-03 1.03071097e+00 -1.36839310e-03
1.15165000e+04 9.17588796e-04 -2.81181446e-03 1.03048383e+00 -1.55712494e-03
1.15169990e+04 4.58825654e-04 -3.40267992e-03 1.03025849e+00 -1.88452988e-03
1.15174970e+04 4.93355096e-04 -3.13730023e-03 1.03003360e+00 -1.73773303e-03
1.15180040e+04 1.94749947e-03 -4.02888434e-04 1.02980465e+00 -2.23181215e-04
1.15185010e+04 2.13752638e-03 1.32117494e-04 1.02958022e+00 7.31944462e-05
1.15190010e+04 1.63650940e-03 -5.31713997e-04 1.02935443e+00 -2.94605693e-04
1.15195040e+04 1.22317356e-03 -1.04203994e-03 1.02912728e+00 -5.77421464e-04
1.15199990e+04 1.83013752e-03 2.16198733e-04 1.02890375e+00 1.19813705e-04
1.15205020e+04 1.17746845e-03 -7.09756080e-04 1.02867660e+00 -3.93376128e-04
1.15210020e+04 1.28477612e-03 -3.17163916e-04 1.02845081e+00 -1.75803659e-04
1.15214980e+04 1.79741893e-03 7.77688054e-04 1.02822683e+00 4.31116324e-04
1.15220020e+04 7.71589620e-04 -7.95888695e-04 1.02799924e+00 -4.41252324e-04
1.15225090e+04 1.41545301e-03 5.31379733e-04 1.02777028e+00 2.94635832e-04
1.15230050e+04 1.20383584e-03 3.68473399e-04 1.02754630e+00 2.04329764e-04
1.15235000e+04 1.27596490e-03 6.97911577e-04 1.02732277e+00 3.87053255e-04
1.15240020e+04 1.43308181e-03 1.17782802e-03 1.02709608e+00 6.53277455e-04
1.15244980e+04 6.98138391e-04 1.06107247e-04 1.02687209e+00 5.88580360e-05
1.15250040e+04 1.52222645e-03 1.74594344e-03 1.02664359e+00 9.68582749e-04
1.15255010e+04 2.22462987e-03 3.17074836e-03 1.02641916e+00 1.75919250e-03
1.15260040e+04 1.45539961e-03 2.04237203e-03 1.02619201e+00 1.13326642e-03
1.15264980e+04 2.29065211e-03 3.69664675e-03 1.02596893e+00 2.05139780e-03
1.15270010e+04 2.16127574e-03 3.67944813e-03 1.02574179e+00 2.04206802e-03
1.15274980e+04 2.22723281e-03 3.99899292e-03 1.02551735e+00 2.21964338e-03
1.15279990e+04 2.92624981e-03 5.41956686e-03 1.02529111e+00 3.00844837e-03
1.15285010e+04 3.52793023e-03 6.67151745e-03 1.02506442e+00 3.70380506e-03
1.15289970e+04 2.63168454e-03 5.31967728e-03 1.02484044e+00 2.95361410e-03
1.15295020e+04 1.89268950e-03 4.24463274e-03 1.02461239e+00 2.35697176e-03
1.15300030e+04 3.54213972e-04 1.77955118e-03 1.02438615e+00 9.88257632e-04
1.15304960e+04 -9.72339738e-05 1.19891450e-03 1.02416352e+00 6.65874860e-04
1.15310010e+04 1.88886270e-03 4.85629587e-03 1.02393547e+00 2.69746210e-03
1.15315000e+04 1.15443588e-03 3.78670967e-03 1.02371013e+00 2.10357252e-03
1.15320000e+04 1.93574419e-03 5.34977917e-03 1.02348434e+00 2.97219089e-03
1.15325010e+04 1.33348533e-03 4.51054235e-03 1.02325810e+00 2.50619619e-03
1.15330020e+04 2.36508145e-04 2.81217194e-03 1.02303186e+00 1.56269289e-03
1.15335000e+04 -4.77089202e-04 1.77834597e-03 1.02280697e+00 9.88310057e-04
1.15340010e+04 -2.81163700e-03 -2.06920394e-03 1.02258073e+00 -1.15007385e-03
1.15345020e+04 -4.99901026e-03 -5.66116882e-03 1.02235449e+00 -3.14683531e-03
1.15350040e+04 -5.19567068e-03 -5.79562621e-03 1.02212780e+00 -3.22191330e-03
1.15355040e+04 -5.90291046e-03 -6.81758660e-03 1.02190201e+00 -3.79043925e-03
1.15360000e+04 -6.35127039e-03 -7.39162316e-03 1.02167802e+00 -4.11001808e-03
1.15365010e+04 -8.11098294e-03 -1.02409075e-02 1.02145178e+00 -5.69492298e-03
1.15370040e+04 -9.77231949e-03 -1.29185260e-02 1.02122464e+00 -7.18469036e-03
1.15375000e+04 -1.06754638e-02 -1.42823463e-02 1.02100065e+00 -7.94400857e-03
1.15380030e+04 -1.14149908e-02 -1.53591396e-02 1.02077351e+00 -8.54383251e-03
1.15385010e+04 -1.24008544e-02 -1.68657864e-02 1.02054862e+00 -9.38291269e-03
1.15390020e+04 -1.20349540e-02 -1.60237066e-02 1.02032238e+00 -8.91537437e-03
1.15395000e+04 -1.20335192e-02 -1.58157994e-02 1.02009750e+00 -8.80061458e-03
1.15400020e+04 -1.12612205e-02 -1.42675512e-02 1.01987080e+00 -7.93993439e-03
1.15405020e+04 -1.07537942e-02 -1.31801083e-02 1.01964501e+00 -7.33553671e-03
1.15410070e+04 -8.97275771e-03 -9.87883686e-03 1.01941697e+00 -5.49875832e-03
1.15415010e+04 -6.53456942e-03 -5.44088523e-03 1.01919388e+00 -3.02881879e-03
1.15419990e+04 -4.55601447e-03 -1.79948827e-03 1.01896900e+00 -1.00183921e-03
1.15424990e+04 -1.42480825e-03 3.84444122e-03 1.01874321e+00 2.14056140e-03
1.15429970e+04 1.98240081e-03 9.96685550e-03 1.01851832e+00 5.55006298e-03
1.15435010e+04 4.95292812e-03 1.53333981e-02 1.01829073e+00 8.53933390e-03
1.15440030e+04 7.11768003e-03 1.92997968e-02 1.01806403e+00 1.07493940e-02
1.15445010e+04 1.05484080e-02 2.54630543e-02 1.01783915e+00 1.41836184e-02
1.15449980e+04 1.40713907e-02 3.17861099e-02 1.01761471e+00 1.77075769e-02
1.15455020e+04 1.57456988e-02 3.49016231e-02 1.01738712e+00 1.94452368e-02
1.15460020e+04 1.84881192e-02 3.98703826e-02 1.01716133e+00 2.22158795e-02
1.15464970e+04 2.23264704e-02 4.67402859e-02 1.01693779e+00 2.60465087e-02
1.15469990e+04 2.65499177e-02 5.42818390e-02 1.01671110e+00 3.02522996e-02
1.15474940e+04 2.97766053e-02 6.00895200e-02 1.01648757e+00 3.34925049e-02
1.15479960e+04 3.21564095e-02 6.44293810e-02 1.01626088e+00 3.59152216e-02
1.15485020e+04 3.52689065e-02 7.00432948e-02 1.01603238e+00 3.90487579e-02
1.15489960e+04 3.84762376e-02 7.58169488e-02 1.01580930e+00 4.22719165e-02
1.15494980e+04 4.29011384e-02 8.37083482e-02 1.01558260e+00 4.66766973e-02
1.15500000e+04 4.52706845e-02 8.80303949e-02 1.01535591e+00 4.90918855e-02
1.15504990e+04 4.96604686e-02 9.58595728e-02 1.01513057e+00 5.34635755e-02
1.15510000e+04 5.54719136e-02 1.06158449e-01 1.01490433e+00 5.92137695e-02
1.15514940e+04 5.90710965e-02 1.12612597e-01 1.01468125e+00 6.28203166e-02
1.15520020e+04 6.39943238e-02 1.21371871e-01 1.01445185e+00 6.77138450e-02
1.15524990e+04 6.91076637e-02 1.30456759e-01 1.01422741e+00 7.27899296e-02
1.15529960e+04 7.46550502e-02 1.40295418e-01 1.01400298e+00 7.82876920e-02
1.15535040e+04 8.18466711e-02 1.52994011e-01 1.01377358e+00 8.53828660e-02
1.15540020e+04 9.08232013e-02 1.68788173e-01 1.01354869e+00 9.42071141e-02
1.15545000e+04 1.00433091e-01 1.85682235e-01 1.01332380e+00 1.03647167e-01
1.15549980e+04 1.12251573e-01 2.06411762e-01 1.01309892e+00 1.15230361e-01
1.15555000e+04 1.24227225e-01 2.27415884e-01 1.01287222e+00 1.26969394e-01
1.15560020e+04 1.38778747e-01 2.52893292e-01 1.01264553e+00 1.41208661e-01
1.15564980e+04 1.55895757e-01 2.82823480e-01 1.01242155e+00 1.57937303e-01
1.15569970e+04 1.76497466e-01 3.18806475e-01 1.01219621e+00 1.78049968e-01
1.15575030e+04 1.98951504e-01 3.58009135e-01 1.01196771e+00 1.99965478e-01
1.15580020e+04 2.27237634e-01 4.07336983e-01 1.01174237e+00 2.27541324e-01
1.15585000e+04 2.61331256e-01 4.66749779e-01 1.01151748e+00 2.60757009e-01
1.15590000e+04 3.01332564e-01 5.36422756e-01 1.01129169e+00 2.99712381e-01
1.15594980e+04 3.49987496e-01 6.21122891e-01 1.01106681e+00 3.47072711e-01
1.15600030e+04 4.11805106e-01 7.28684372e-01 1.01083876e+00 4.07219413e-01
1.15605010e+04 4.85189203e-01 8.56329462e-01 1.01061387e+00 4.78602934e-01
1.15609970e+04 5.75833995e-01 1.01394885e+00 1.01038989e+00 5.66755563e-01
1.15615020e+04 6.87788197e-01 1.20857812e+00 1.01016184e+00 6.75617006e-01
1.15620020e+04 8.14910597e-01 1.42954660e+00 1.00993605e+00 7.99226379e-01
1.15624980e+04 9.53114372e-01 1.66975747e+00 1.00971207e+00 9.33620064e-01
1.15630020e+04 1.09193713e+00 1.91104657e+00 1.00948447e+00 1.06864652e+00
1.15634980e+04 1.21257237e+00 2.12074772e+00 1.00926049e+00 1.18603392e+00
1.15639980e+04 1.29394595e+00 2.26226826e+00 1.00903470e+00 1.26531272e+00
1.15644990e+04 1.33677513e+00 2.33685256e+00 1.00880846e+00 1.30716631e+00
1.15649950e+04 1.34220987e+00 2.34649519e+00 1.00858447e+00 1.31269707e+00
1.15655010e+04 1.32294689e+00 2.31325160e+00 1.00835597e+00 1.29423741e+00
1.15660010e+04 1.28704368e+00 2.25110791e+00 1.00813019e+00 1.25960124e+00
1.15665000e+04 1.24937255e+00 2.18589360e+00 1.00790485e+00 1.22323919e+00
1.15670020e+04 1.21230363e+00 2.12172635e+00 1.00767815e+00 1.18745625e+00
1.15674980e+04 1.17282377e+00 2.05336977e+00 1.00745417e+00 1.14931942e+00
1.15680010e+04 1.13887385e+00 1.99461942e+00 1.00722703e+00 1.11655368e+00
1.15685030e+04 1.11429583e+00 1.95214400e+00 1.00700033e+00 1.09289215e+00
1.15689980e+04 1.08762343e+00 1.90602859e+00 1.00677680e+00 1.06718601e+00
1.15695000e+04 1.06640747e+00 1.86939176e+00 1.00655011e+00 1.04678368e+00
1.15699980e+04 1.05333147e+00 1.84688925e+00 1.00632522e+00 1.03429164e+00
1.15704980e+04 1.03716408e+00 1.81901901e+00 1.00609943e+00 1.01879107e+00
1.15710010e+04 1.01919054e+00 1.78801344e+00 1.00587229e+00 1.00153165e+00
1.15714980e+04 1.00675390e+00 1.76662081e+00 1.00564785e+00 9.89652464e-01
1.15720000e+04 9.99227434e-01 1.75375734e+00 1.00542116e+00 9.82550309e-01
1.15724990e+04 9.86670834e-01 1.73215723e+00 1.00519582e+00 9.70550783e-01
1.15730040e+04 9.78310506e-01 1.71784689e+00 1.00496777e+00 9.62634935e-01
1.15735010e+04 9.74673592e-01 1.71173599e+00 1.00474334e+00 9.59311015e-01
1.15740040e+04 9.75780227e-01 1.71386526e+00 1.00451619e+00 9.60606154e-01
1.15744980e+04 9.75731758e-01 1.71398485e+00 1.00429311e+00 9.60773218e-01
1.15750010e+04 9.77374924e-01 1.71704587e+00 1.00406597e+00 9.62591129e-01
1.15755000e+04 9.82201949e-01 1.72563437e+00 1.00384063e+00 9.67507691e-01
1.15759980e+04 9.90919596e-01 1.74097895e+00 1.00361574e+00 9.76213400e-01
1.15764950e+04 9.96641984e-01 1.75112152e+00 1.00339131e+00 9.82003517e-01
1.15770040e+04 1.00379914e+00 1.76376066e+00 1.00316145e+00 9.89197542e-01
1.15774940e+04 1.01314904e+00 1.78019993e+00 1.00294018e+00 9.98520617e-01
1.15780030e+04 1.01886831e+00 1.79034203e+00 1.00271033e+00 1.00431718e+00
1.15784990e+04 1.02164948e+00 1.79537643e+00 1.00248634e+00 1.00724668e+00
1.15790040e+04 1.02357538e+00 1.79892928e+00 1.00225830e+00 1.00934744e+00
1.15795010e+04 1.02539056e+00 1.80228655e+00 1.00203386e+00 1.01133720e+00
1.15800000e+04 1.01690572e+00 1.78775751e+00 1.00180852e+00 1.00328999e+00
1.15804970e+04 1.01039331e+00 1.77665298e+00 1.00158409e+00 9.97162715e-01
1.15810010e+04 1.00139993e+00 1.76124286e+00 1.00135649e+00 9.88618800e-01
1.15815010e+04 9.90641786e-01 1.74276638e+00 1.00113070e+00 9.78350860e-01
1.15820000e+04 9.79567919e-01 1.72374121e+00 1.00090536e+00 9.67772485e-01
1.15825000e+04 9.70907857e-01 1.70890828e+00 1.00067957e+00 9.59546018e-01
1.15829970e+04 9.66461258e-01 1.70139127e+00 1.00045514e+00 9.55425501e-01
1.15834990e+04 9.61633465e-01 1.69321433e+00 1.00022845e+00 9.50934502e-01
1.15839970e+04 9.59243797e-01 1.68926982e+00 1.00000356e+00 9.48818994e-01
1.15844950e+04 9.59392501e-01 1.68973348e+00 9.99778672e-01 9.49179254e-01
1.15849990e+04 9.60368514e-01 1.69163633e+00 9.99551076e-01 9.50349320e-01
1.15855040e+04 9.59361989e-01 1.69009669e+00 9.99323028e-01 9.49585665e-01
1.15859990e+04 9.59110835e-01 1.68986471e+00 9.99099496e-01 9.49554633e-01
1.15865030e+04 9.63328756e-01 1.69739749e+00 9.98871900e-01 9.53888974e-01
1.15870030e+04 9.66164219e-01 1.70252783e+00 9.98646111e-01 9.56873180e-01
1.15874970e+04 9.69884916e-01 1.70919300e+00 9.98423030e-01 9.60719514e-01
1.15880020e+04 9.76841064e-01 1.72148143e+00 9.98194983e-01 9.67730007e-01
1.15885010e+04 9.85618256e-01 1.73692983e+00 9.97969644e-01 9.76517324e-01
1.15890020e+04 9.94487973e-01 1.75253974e+00 9.97743403e-01 9.85397721e-01
1.15894970e+04 1.00403801e+00 1.76932861e+00 9.97519871e-01 9.94941704e-01
1.15899970e+04 1.01642296e+00 1.79104271e+00 9.97294081e-01 1.00725863e+00
1.15905020e+04 1.02948177e+00 1.81392909e+00 9.97066034e-01 1.02023858e+00
1.15910020e+04 1.04044901e+00 1.83318117e+00 9.96840244e-01 1.03117590e+00
1.15914980e+04 1.05385956e+00 1.85667468e+00 9.96616260e-01 1.04450073e+00
1.15919990e+04 1.06295547e+00 1.87267740e+00 9.96390019e-01 1.05361497e+00
1.15924990e+04 1.06627739e+00 1.87865252e+00 9.96164229e-01 1.05708854e+00
1.15930000e+04 1.06889157e+00 1.88339899e+00 9.95937988e-01 1.05987166e+00
1.15934970e+04 1.06806810e+00 1.88217393e+00 9.95713553e-01 1.05929367e+00
1.15939980e+04 1.06380751e+00 1.87498160e+00 9.95487311e-01 1.05535770e+00
1.15945010e+04 1.05840384e+00 1.86580501e+00 9.95260167e-01 1.05030435e+00
1.15949980e+04 1.05098451e+00 1.85312551e+00 9.95035732e-01 1.04327653e+00
1.15955000e+04 1.04392893e+00 1.84107977e+00 9.94809039e-01 1.03660516e+00
1.15960010e+04 1.03438595e+00 1.82471399e+00 9.94582797e-01 1.02749953e+00
1.15965020e+04 1.02633920e+00 1.81094656e+00 9.94356556e-01 1.01985526e+00
1.15970010e+04 1.01874837e+00 1.79797005e+00 9.94131218e-01 1.01265439e+00
1.15975020e+04 1.01234516e+00 1.78705682e+00 9.93904976e-01 1.00661464e+00
1.15980020e+04 1.00419077e+00 1.77310205e+00 9.93679187e-01 9.98859975e-01
1.15985000e+04 9.99244018e-01 1.76471688e+00 9.93454300e-01 9.94241157e-01
1.15990010e+04 9.97172337e-01 1.76132583e+00 9.93228059e-01 9.92435977e-01
1.15994970e+04 9.93038726e-01 1.75435194e+00 9.93004075e-01 9.88610369e-01
1.16000000e+04 9.88178667e-01 1.74611939e+00 9.92776931e-01 9.84076057e-01
1.16005000e+04 9.89217410e-01 1.74812952e+00 9.92551141e-01 9.85313332e-01
1.16009980e+04 9.87858808e-01 1.74597557e+00 9.92326254e-01 9.84203165e-01
1.16015020e+04 9.86179138e-01 1.74326653e+00 9.92098658e-01 9.82781075e-01
1.16020000e+04 9.82559436e-01 1.73718593e+00 9.91873771e-01 9.79456489e-01
1.16024990e+04 9.79761776e-01 1.73253331e+00 9.91648433e-01 9.76936613e-01
1.16029970e+04 9.75957669e-01 1.72613247e+00 9.91423547e-01 9.73430112e-01
1.16035020e+04 9.73483563e-01 1.72204421e+00 9.91195499e-01 9.71228600e-01
1.16040030e+04 9.68282282e-01 1.71321825e+00 9.90969258e-01 9.66353462e-01
1.16044990e+04 9.65777384e-01 1.70907281e+00 9.90745274e-01 9.64116623e-01
1.16049980e+04 9.63329699e-01 1.70502796e+00 9.90519936e-01 9.61936676e-01
1.16054980e+04 9.60527361e-01 1.70036763e+00 9.90294146e-01 9.59409195e-01
1.16059980e+04 9.55664906e-01 1.69212967e+00 9.90068356e-01 9.54862340e-01
1.16064970e+04 9.55400786e-01 1.69187683e+00 9.89843018e-01 9.54820760e-01
1.16069990e+04 9.56642604e-01 1.69424045e+00 9.89616325e-01 9.56256556e-01
1.16074970e+04 9.55423527e-01 1.69232880e+00 9.89391438e-01 9.55278560e-01
1.16079980e+04 9.57650284e-01 1.69640246e+00 9.89165197e-01 9.57679888e-01
