# # source: .\new_experimental\norm_Pt_foil_Limpa_9.txt
# # site: Pt_foil_Limpa_9
# # columns: Energy(eV) Abs_raw Preedge_normalized PredictedPost_raw Final_normalized
# 
1.15154990e+04 1.54463508e-02 3.58993150e-02 1.10024522e+00 1.86454966e-02
1.15160020e+04 1.48258537e-02 3.46760475e-02 1.09955782e+00 1.80228358e-02
1.15165010e+04 1.38234025e-02 3.27970713e-02 1.09887588e+00 1.70581577e-02
1.15170060e+04 1.44953760e-02 3.37961942e-02 1.09818575e+00 1.75902596e-02
1.15175040e+04 1.33762333e-02 3.17168223e-02 1.09750518e+00 1.65195214e-02
1.15180040e+04 1.28364453e-02 3.06333027e-02 1.09682189e+00 1.59663773e-02
1.15184980e+04 1.29476688e-02 3.06713645e-02 1.09614679e+00 1.59973111e-02
1.15190030e+04 1.16146837e-02 2.82220187e-02 1.09545665e+00 1.47302535e-02
1.15195060e+04 1.11059330e-02 2.71909518e-02 1.09476925e+00 1.42021405e-02
1.15200000e+04 1.06800684e-02 2.63052382e-02 1.09409415e+00 1.37490787e-02
1.15205000e+04 9.07811496e-03 2.33948258e-02 1.09341085e+00 1.22364945e-02
1.15210000e+04 8.29907510e-03 2.18998002e-02 1.09272756e+00 1.14626074e-02
1.15214980e+04 7.62752789e-03 2.05902791e-02 1.09204699e+00 1.07847616e-02
1.15219980e+04 6.31095911e-03 1.81707199e-02 1.09136369e+00 9.52416564e-03
1.15225020e+04 7.63167122e-03 2.02859640e-02 1.09067492e+00 1.06404408e-02
1.15229980e+04 5.64083594e-03 1.67079273e-02 1.08999709e+00 8.76982682e-03
1.15235020e+04 5.60016505e-03 1.64816334e-02 1.08930833e+00 8.65721674e-03
1.15239980e+04 3.28896933e-03 1.23525863e-02 1.08863049e+00 6.49293178e-03
1.15245020e+04 -1.43099539e-04 6.29318942e-03 1.08794173e+00 3.31027279e-03
1.15249970e+04 -3.01543259e-03 1.19931316e-03 1.08726526e+00 6.31292017e-04
1.15255020e+04 -3.08101691e-03 9.29858700e-04 1.08657513e+00 4.89807861e-04
1.15260040e+04 -5.59796590e-03 -3.55493902e-03 1.08588909e+00 -1.87391728e-03
1.15265050e+04 -7.89396424e-03 -7.65939804e-03 1.08520443e+00 -4.04037773e-03
1.15270010e+04 -8.67739290e-03 -9.16073146e-03 1.08452660e+00 -4.83574827e-03
1.15274970e+04 -1.02255134e-02 -1.19773120e-02 1.08384876e+00 -6.32702155e-03
1.15280010e+04 -1.23577111e-02 -1.58009694e-02 1.08316000e+00 -8.35286121e-03
1.15284990e+04 -1.32840632e-02 -1.75487472e-02 1.08247943e+00 -9.28337185e-03
1.15290030e+04 -1.41340523e-02 -1.91670443e-02 1.08179066e+00 -1.01467463e-02
1.15295000e+04 -1.48012846e-02 -2.04688337e-02 1.08111147e+00 -1.08435795e-02
1.15299960e+04 -1.66720492e-02 -2.38403523e-02 1.08043363e+00 -1.26386227e-02
1.15304980e+04 -1.69013673e-02 -2.43904933e-02 1.07974760e+00 -1.29395484e-02
1.15309970e+04 -1.59944448e-02 -2.29854040e-02 1.07906567e+00 -1.22028280e-02
1.15314980e+04 -1.54622497e-02 -2.22254550e-02 1.07838100e+00 -1.18078353e-02
1.15320000e+04 -1.49967860e-02 -2.15805920e-02 1.07769497e+00 -1.14734785e-02
1.15324980e+04 -1.27859967e-02 -1.79325806e-02 1.07701440e+00 -9.54079141e-03
1.15329990e+04 -1.20951155e-02 -1.68996962e-02 1.07632974e+00 -8.99771961e-03
1.15335000e+04 -1.23427589e-02 -1.74810461e-02 1.07564507e+00 -9.31393386e-03
1.15340030e+04 -1.12716523e-02 -1.57948057e-02 1.07495767e+00 -8.42158167e-03
1.15344950e+04 -9.00663002e-03 -1.20516539e-02 1.07428530e+00 -6.43032663e-03
1.15350010e+04 -8.17498903e-03 -1.07782179e-02 1.07359381e+00 -5.75505274e-03
1.15354990e+04 -6.35017941e-03 -7.79407997e-03 1.07291324e+00 -4.16464897e-03
1.15360000e+04 -5.59742508e-03 -6.65477563e-03 1.07222857e+00 -3.55844500e-03
1.15364970e+04 -3.17536597e-03 -2.64307621e-03 1.07154937e+00 -1.41431955e-03
1.15370040e+04 -2.66575665e-03 -1.92383522e-03 1.07085651e+00 -1.03020401e-03
1.15374960e+04 -2.32327040e-03 -1.48738789e-03 1.07018414e+00 -7.97054359e-04
1.15380010e+04 -4.88408492e-04 1.51186829e-03 1.06949401e+00 8.10763832e-04
1.15385030e+04 4.98898961e-05 2.28200463e-03 1.06880798e+00 1.22465000e-03
1.15390000e+04 7.75460881e-04 3.37579523e-03 1.06812878e+00 1.81294114e-03
1.15394950e+04 1.61376181e-03 4.66409836e-03 1.06745231e+00 2.50660800e-03
1.15399980e+04 2.64494085e-03 6.28166447e-03 1.06676491e+00 3.37839031e-03
1.15405010e+04 3.38044798e-03 7.39068374e-03 1.06607751e+00 3.97773920e-03
1.15410000e+04 3.64447655e-03 7.69001481e-03 1.06539558e+00 4.14183860e-03
1.15414990e+04 4.69653737e-03 9.34473776e-03 1.06471365e+00 5.03671816e-03
1.15420050e+04 4.77074025e-03 9.31540290e-03 1.06402215e+00 5.02459841e-03
1.15424970e+04 6.43419769e-03 1.20238812e-02 1.06334978e+00 6.49015343e-03
1.15430010e+04 7.60817580e-03 1.38867472e-02 1.06266101e+00 7.50117330e-03
1.15435010e+04 7.54867605e-03 1.36293090e-02 1.06197772e+00 7.36747368e-03
1.15440030e+04 9.70051768e-03 1.71746914e-02 1.06129168e+00 9.29076081e-03
1.15445000e+04 1.00251489e-02 1.75788776e-02 1.06061248e+00 9.51629998e-03
1.15449990e+04 1.21276433e-02 2.10403148e-02 1.05993055e+00 1.13984385e-02
1.15455000e+04 1.30460240e-02 2.24644917e-02 1.05924588e+00 1.21788803e-02
1.15460020e+04 1.42017493e-02 2.42965838e-02 1.05855985e+00 1.31817931e-02
1.15465020e+04 1.67138265e-02 2.84621811e-02 1.05787655e+00 1.54530754e-02
1.15470030e+04 1.91599060e-02 3.25139540e-02 1.05719189e+00 1.76658636e-02
1.15475000e+04 2.02999343e-02 3.43205987e-02 1.05651269e+00 1.86610455e-02
1.15480020e+04 2.27291930e-02 3.83431303e-02 1.05582665e+00 2.08635460e-02
1.15484970e+04 2.53740227e-02 4.27386087e-02 1.05515019e+00 2.32721311e-02
1.15489970e+04 2.91606406e-02 4.90963779e-02 1.05446689e+00 2.67537006e-02
1.15494990e+04 3.05921351e-02 5.14027849e-02 1.05378086e+00 2.80311685e-02
1.15499990e+04 3.42162661e-02 5.74810812e-02 1.05309756e+00 3.13688491e-02
1.15504990e+04 3.66874452e-02 6.15763350e-02 1.05241426e+00 3.36284485e-02
1.15509980e+04 4.16051542e-02 6.98798572e-02 1.05173232e+00 3.81912556e-02
1.15514990e+04 4.57198147e-02 7.68015395e-02 1.05104766e+00 4.20051270e-02
1.15519980e+04 5.04784638e-02 8.48314833e-02 1.05036572e+00 4.64310859e-02
1.15525010e+04 5.66879087e-02 9.53555117e-02 1.04967833e+00 5.22299707e-02
1.15530030e+04 6.30424766e-02 1.06129458e-01 1.04899229e+00 5.81743750e-02
1.15535010e+04 7.01146739e-02 1.18138945e-01 1.04831173e+00 6.48049742e-02
1.15540020e+04 7.95775548e-02 1.34259407e-01 1.04762706e+00 7.37023966e-02
1.15545010e+04 8.94879332e-02 1.51150171e-01 1.04694513e+00 8.30359416e-02
1.15549970e+04 1.00623510e-01 1.70149170e-01 1.04626729e+00 9.35419030e-02
1.15554960e+04 1.13395236e-01 1.91961366e-01 1.04558536e+00 1.05611511e-01
1.15560020e+04 1.28222202e-01 2.17306344e-01 1.04489386e+00 1.19645298e-01
1.15564980e+04 1.45568634e-01 2.46987828e-01 1.04421603e+00 1.36087547e-01
1.15570010e+04 1.65327700e-01 2.80816799e-01 1.04352863e+00 1.54842535e-01
1.15574970e+04 1.89463367e-01 3.22175563e-01 1.04285080e+00 1.77778756e-01
1.15579990e+04 2.18630951e-01 3.72187215e-01 1.04216477e+00 2.05528905e-01
1.15585000e+04 2.52604787e-01 4.30465785e-01 1.04148010e+00 2.37888737e-01
1.15590000e+04 2.94205192e-01 5.01862136e-01 1.04079680e+00 2.77551165e-01
1.15595010e+04 3.45633487e-01 5.90161854e-01 1.04011213e+00 3.26628464e-01
1.15599960e+04 4.07111430e-01 6.95748527e-01 1.03943567e+00 3.85350399e-01
1.15605040e+04 4.85752347e-01 8.30850968e-01 1.03874144e+00 4.60527892e-01
1.15609990e+04 5.81405464e-01 9.95217919e-01 1.03806497e+00 5.52041972e-01
1.15615040e+04 6.96465085e-01 1.19296037e+00 1.03737484e+00 6.62228345e-01
1.15620060e+04 8.29659616e-01 1.42189526e+00 1.03668880e+00 7.89906136e-01
1.15625000e+04 9.73569674e-01 1.66926301e+00 1.03601370e+00 9.28012504e-01
1.15630040e+04 1.11697525e+00 1.91575997e+00 1.03532494e+00 1.06585487e+00
1.15635000e+04 1.24455148e+00 2.13503341e+00 1.03464711e+00 1.18873381e+00
1.15640000e+04 1.33217817e+00 2.28559360e+00 1.03396381e+00 1.27351703e+00
1.15645020e+04 1.37591170e+00 2.36065824e+00 1.03327777e+00 1.31633436e+00
1.15650020e+04 1.37727000e+00 2.36283938e+00 1.03259447e+00 1.31854088e+00
1.15655010e+04 1.35656017e+00 2.32706430e+00 1.03191254e+00 1.29955203e+00
1.15660030e+04 1.32207114e+00 2.26758847e+00 1.03122651e+00 1.26729471e+00
1.15664980e+04 1.28331144e+00 2.20076940e+00 1.03055004e+00 1.23086858e+00
1.15669980e+04 1.23889127e+00 2.12421294e+00 1.02986674e+00 1.18894694e+00
1.15675060e+04 1.19898901e+00 2.05542465e+00 1.02917251e+00 1.15132717e+00
1.15679970e+04 1.16206578e+00 1.99176551e+00 1.02850151e+00 1.11649627e+00
1.15685010e+04 1.13563865e+00 1.94615528e+00 1.02781274e+00 1.09176006e+00
1.15690030e+04 1.10998991e+00 1.90188450e+00 1.02712671e+00 1.06773490e+00
1.15695020e+04 1.08762663e+00 1.86326554e+00 1.02644478e+00 1.04684386e+00
1.15699980e+04 1.07203413e+00 1.83629304e+00 1.02576695e+00 1.03246487e+00
1.15705050e+04 1.05494465e+00 1.80674238e+00 1.02507408e+00 1.01663053e+00
1.15710040e+04 1.03891569e+00 1.77901825e+00 1.02439215e+00 1.00178824e+00
1.15715030e+04 1.02504853e+00 1.75501236e+00 1.02371021e+00 9.89018839e-01
1.15720050e+04 1.01194426e+00 1.73231769e+00 1.02302418e+00 9.76974011e-01
1.15724980e+04 1.00117276e+00 1.71363810e+00 1.02235045e+00 9.67163672e-01
1.15729970e+04 9.93518430e-01 1.70031810e+00 1.02166852e+00 9.60374563e-01
1.15734990e+04 9.88876447e-01 1.69217831e+00 1.02098248e+00 9.56507617e-01
1.15739990e+04 9.85218169e-01 1.68573108e+00 1.02029918e+00 9.53589307e-01
1.15745010e+04 9.87113289e-01 1.68883491e+00 1.01961315e+00 9.56076451e-01
1.15750010e+04 9.90091209e-01 1.69380174e+00 1.01892985e+00 9.59619963e-01
1.15755000e+04 9.95430562e-01 1.70283048e+00 1.01824792e+00 9.65470432e-01
1.15759990e+04 1.00416200e+00 1.71769349e+00 1.01756599e+00 9.74640266e-01
1.15765080e+04 1.01306598e+00 1.73285018e+00 1.01687039e+00 9.84005915e-01
1.15769980e+04 1.01920183e+00 1.74325166e+00 1.01620075e+00 9.90654972e-01
1.15775010e+04 1.02641714e+00 1.75550575e+00 1.01551335e+00 9.98387487e-01
1.15779990e+04 1.03266180e+00 1.76609189e+00 1.01483279e+00 1.00517490e+00
1.15784980e+04 1.03709243e+00 1.77355767e+00 1.01415086e+00 1.01019692e+00
1.15790010e+04 1.03936987e+00 1.77731876e+00 1.01346346e+00 1.01312110e+00
1.15795000e+04 1.03377388e+00 1.76753904e+00 1.01278152e+00 1.00831899e+00
1.15799980e+04 1.02808246e+00 1.75759548e+00 1.01210096e+00 1.00341443e+00
1.15805030e+04 1.02167179e+00 1.74641266e+00 1.01141083e+00 9.97805070e-01
1.15810010e+04 1.01173617e+00 1.72916922e+00 1.01073026e+00 9.88710915e-01
1.15814990e+04 9.98716679e-01 1.70662160e+00 1.01004969e+00 9.76567632e-01
1.15820020e+04 9.86393349e-01 1.68526981e+00 1.00936229e+00 9.65097938e-01
1.15825000e+04 9.77490722e-01 1.66980308e+00 1.00868173e+00 9.56975838e-01
1.15830040e+04 9.70847580e-01 1.65822074e+00 1.00799296e+00 9.51077937e-01
1.15835000e+04 9.66853874e-01 1.65119782e+00 1.00731513e+00 9.47776236e-01
1.15840000e+04 9.64758666e-01 1.64743903e+00 1.00663183e+00 9.46350343e-01
1.15845020e+04 9.62711447e-01 1.64376215e+00 1.00594580e+00 9.44972263e-01
1.15850040e+04 9.61119354e-01 1.64086808e+00 1.00525976e+00 9.44042409e-01
1.15854970e+04 9.62481641e-01 1.64305824e+00 1.00458603e+00 9.46025299e-01
1.15860040e+04 9.63856378e-01 1.64526548e+00 1.00389317e+00 9.48041662e-01
1.15864980e+04 9.63973475e-01 1.64531364e+00 1.00321807e+00 9.48796951e-01
1.15870000e+04 9.66687764e-01 1.64982641e+00 1.00253203e+00 9.52141810e-01
1.15875020e+04 9.72702559e-01 1.66001596e+00 1.00184600e+00 9.58770611e-01
1.15880000e+04 9.79474471e-01 1.67150897e+00 1.00116543e+00 9.66157180e-01
1.15884990e+04 9.85725840e-01 1.68210634e+00 1.00048350e+00 9.73038642e-01
1.15890000e+04 9.95157518e-01 1.69817314e+00 9.99798835e-01 9.83100205e-01
1.15894970e+04 1.00769631e+00 1.71958531e+00 9.99119635e-01 9.96268227e-01
1.15900060e+04 1.02004584e+00 1.74066825e+00 9.98424037e-01 1.00928472e+00
1.15905020e+04 1.03136725e+00 1.75998686e+00 9.97746204e-01 1.02127735e+00
1.15910040e+04 1.04401219e+00 1.78158006e+00 9.97060171e-01 1.03461922e+00
1.15914990e+04 1.05457341e+00 1.79959150e+00 9.96383704e-01 1.04588892e+00
1.15920000e+04 1.06494144e+00 1.81726879e+00 9.95699038e-01 1.05699169e+00
1.15925000e+04 1.06805393e+00 1.82246708e+00 9.95015739e-01 1.06084628e+00
1.15930040e+04 1.07174879e+00 1.82866579e+00 9.94326973e-01 1.06529640e+00
1.15935010e+04 1.07130560e+00 1.82774934e+00 9.93647774e-01 1.06559360e+00
1.15940000e+04 1.06709535e+00 1.82035306e+00 9.92965841e-01 1.06211386e+00
1.15944990e+04 1.06026293e+00 1.80844670e+00 9.92283908e-01 1.05599512e+00
1.15950020e+04 1.05001626e+00 1.79066671e+00 9.91596509e-01 1.04644091e+00
1.15955000e+04 1.04081756e+00 1.77469074e+00 9.90915943e-01 1.03791845e+00
1.15960060e+04 1.03296692e+00 1.76103091e+00 9.90224444e-01 1.03075127e+00
1.15965000e+04 1.02402510e+00 1.74549801e+00 9.89549344e-01 1.02245606e+00
1.15970010e+04 1.01471393e+00 1.72932766e+00 9.88864678e-01 1.01378544e+00
1.15974970e+04 1.00692997e+00 1.71578562e+00 9.88186845e-01 1.00663515e+00
1.15980060e+04 9.98758095e-01 1.70157236e+00 9.87491246e-01 9.99100070e-01
1.15985020e+04 9.93846296e-01 1.69297035e+00 9.86813413e-01 9.94829754e-01
1.15990010e+04 9.90924996e-01 1.68779101e+00 9.86131480e-01 9.92570266e-01
1.15994990e+04 9.85886669e-01 1.67897076e+00 9.85450914e-01 9.88162763e-01
1.16000000e+04 9.82504216e-01 1.67299763e+00 9.84766248e-01 9.85429992e-01
1.16005040e+04 9.79888531e-01 1.66834239e+00 9.84077482e-01 9.83474437e-01
1.16009960e+04 9.78271754e-01 1.66540896e+00 9.83405115e-01 9.82512823e-01
1.16014960e+04 9.77224064e-01 1.66345186e+00 9.82721816e-01 9.82138638e-01
1.16019980e+04 9.74294040e-01 1.65825659e+00 9.82035783e-01 9.79853564e-01
1.16024990e+04 9.69303055e-01 1.64951684e+00 9.81351117e-01 9.75467196e-01
1.16029980e+04 9.65401431e-01 1.64265137e+00 9.80669185e-01 9.72179994e-01
1.16034980e+04 9.62623651e-01 1.63771857e+00 9.79985885e-01 9.70033839e-01
1.16040030e+04 9.58078274e-01 1.62974401e+00 9.79295753e-01 9.66088870e-01
1.16045030e+04 9.53199624e-01 1.62119777e+00 9.78612453e-01 9.61790698e-01
1.16050050e+04 9.45747702e-01 1.60822497e+00 9.77926421e-01 9.54860500e-01
1.16055000e+04 9.42801793e-01 1.60300454e+00 9.77249954e-01 9.52515055e-01
1.16060050e+04 9.41745704e-01 1.60103145e+00 9.76559822e-01 9.52112257e-01
1.16065020e+04 9.39968657e-01 1.59782081e+00 9.75880622e-01 9.50960062e-01
1.16070020e+04 9.38106213e-01 1.59446237e+00 9.75197323e-01 9.49722560e-01
1.16075010e+04 9.38036549e-01 1.59418776e+00 9.74515390e-01 9.50319872e-01
1.16079990e+04 9.37603983e-01 1.59328928e+00 9.73834824e-01 9.50544416e-01
