# # source: .\new_experimental\norm_Pt_foil_5std.txt
# # site: Pt_foil_5std
# # columns: Energy(eV) Abs_raw Preedge_normalized PredictedPost_raw Final_normalized
# 
1.15155010e+04 5.37629908e-04 -4.24889802e-03 1.02950697e+00 -2.35157761e-03
1.15160020e+04 4.41327371e-04 -4.21377083e-03 1.02928963e+00 -2.33236545e-03
1.15165030e+04 1.48776194e-03 -2.18829458e-03 1.02907228e+00 -1.21136258e-03
1.15169990e+04 2.46523574e-04 -4.14937059e-03 1.02885711e+00 -2.29716851e-03
1.15175020e+04 1.86256679e-04 -4.05066891e-03 1.02863890e+00 -2.24274676e-03
1.15180000e+04 1.74225508e-05 -4.14308750e-03 1.02842286e+00 -2.29414063e-03
1.15185010e+04 1.22599280e-05 -3.94921842e-03 1.02820551e+00 -2.18700504e-03
1.15189990e+04 3.86650642e-04 -3.09548147e-03 1.02798947e+00 -1.71438866e-03
1.15194990e+04 3.06760478e-04 -3.03217312e-03 1.02777256e+00 -1.67949105e-03
1.15199990e+04 4.82106312e-04 -2.52431045e-03 1.02755565e+00 -1.39832812e-03
1.15205000e+04 -2.59679649e-05 -3.20638189e-03 1.02733831e+00 -1.77633261e-03
1.15210040e+04 7.40193111e-04 -1.66785399e-03 1.02711967e+00 -9.24081016e-04
1.15215000e+04 -3.37730673e-04 -3.34447874e-03 1.02690449e+00 -1.85320198e-03
1.15220020e+04 -1.81588109e-04 -2.86925331e-03 1.02668672e+00 -1.59003258e-03
1.15225020e+04 4.75770197e-04 -1.52185103e-03 1.02646981e+00 -8.43435584e-04
1.15230000e+04 -4.53461035e-04 -2.93868242e-03 1.02625377e+00 -1.62882683e-03
1.15235000e+04 8.04478385e-04 -5.45224974e-04 1.02603686e+00 -3.02232146e-04
1.15240020e+04 1.30062751e-03 5.22202927e-04 1.02581908e+00 2.89498986e-04
1.15245000e+04 9.73377487e-04 1.53865289e-04 1.02560304e+00 8.53082230e-05
1.15250000e+04 6.12503997e-04 -2.72225803e-04 1.02538613e+00 -1.50946204e-04
1.15254990e+04 1.63278012e-03 1.70687945e-03 1.02516965e+00 9.46538633e-04
1.15259970e+04 2.44493649e-03 3.32308964e-03 1.02495361e+00 1.84297760e-03
1.15265030e+04 2.02236815e-03 2.79197173e-03 1.02473410e+00 1.54857488e-03
1.15270010e+04 2.71566936e-03 4.20116732e-03 1.02451806e+00 2.33041726e-03
1.15275000e+04 3.13435859e-03 5.13246562e-03 1.02430158e+00 2.84729432e-03
1.15280010e+04 2.39524756e-03 4.04798860e-03 1.02408424e+00 2.24588944e-03
1.15285030e+04 1.41010402e-03 2.53539225e-03 1.02386646e+00 1.40681542e-03
1.15290020e+04 1.40015944e-03 2.72012259e-03 1.02364999e+00 1.50946502e-03
1.15295000e+04 1.15081871e-03 2.48748255e-03 1.02343395e+00 1.38050236e-03
1.15300000e+04 2.12989575e-03 4.39523470e-03 1.02321704e+00 2.43950601e-03
1.15305020e+04 1.48254430e-03 3.47098378e-03 1.02299926e+00 1.92670530e-03
1.15309990e+04 2.59859840e-03 5.61609939e-03 1.02278365e+00 3.11774044e-03
1.15314980e+04 2.31946228e-03 5.33196850e-03 1.02256718e+00 2.96029767e-03
1.15320020e+04 1.47273079e-03 4.06125954e-03 1.02234853e+00 2.25502635e-03
1.15324980e+04 2.20650454e-03 5.54013788e-03 1.02213336e+00 3.07647819e-03
1.15330000e+04 1.85521177e-03 5.13154373e-03 1.02191558e+00 2.84986447e-03
1.15335000e+04 2.16588216e-03 5.87510637e-03 1.02169867e+00 3.26313203e-03
1.15340020e+04 1.16442004e-03 4.33408732e-03 1.02148090e+00 2.40746225e-03
1.15344960e+04 -3.30154411e-04 1.93095630e-03 1.02126659e+00 1.07269562e-03
1.15350030e+04 -9.44478099e-04 1.06625566e-03 1.02104665e+00 5.92391426e-04
1.15354950e+04 -2.88545846e-03 -2.11520747e-03 1.02083321e+00 -1.17528301e-03
1.15360010e+04 -3.45824433e-03 -2.90796501e-03 1.02061369e+00 -1.61592774e-03
1.15364990e+04 -5.45761746e-03 -6.18870361e-03 1.02039765e+00 -3.43933943e-03
1.15370000e+04 -5.35054962e-03 -5.79935843e-03 1.02018031e+00 -3.22328094e-03
1.15374980e+04 -6.89145256e-03 -8.28156190e-03 1.01996427e+00 -4.60334011e-03
1.15380010e+04 -8.49533457e-03 -1.08714339e-02 1.01974606e+00 -6.04352989e-03
1.15384990e+04 -7.62994938e-03 -9.16251300e-03 1.01953002e+00 -5.09402486e-03
1.15389990e+04 -1.03562851e-02 -1.37086204e-02 1.01931311e+00 -7.62224655e-03
1.15395000e+04 -1.17002998e-02 -1.58466813e-02 1.01909576e+00 -8.81191793e-03
1.15400000e+04 -1.17488214e-02 -1.57287372e-02 1.01887886e+00 -8.74719422e-03
1.15405000e+04 -9.30377967e-03 -1.12676581e-02 1.01866195e+00 -6.26687990e-03
1.15409960e+04 -8.03150066e-03 -8.85084447e-03 1.01844677e+00 -4.92317056e-03
1.15414990e+04 -7.79997447e-03 -8.24391558e-03 1.01822856e+00 -4.58602874e-03
1.15420010e+04 -4.80024813e-03 -2.81591121e-03 1.01801078e+00 -1.56662544e-03
1.15424990e+04 -2.89125079e-03 7.10708971e-04 1.01779474e+00 3.95440058e-04
1.15430010e+04 -1.83517668e-03 2.75337969e-03 1.01757697e+00 1.53213826e-03
1.15434980e+04 7.90187097e-04 7.52731786e-03 1.01736136e+00 4.18904164e-03
1.15440030e+04 3.46231673e-03 1.23859492e-02 1.01714228e+00 6.89361418e-03
1.15445010e+04 6.55966788e-03 1.79823708e-02 1.01692624e+00 1.00093826e-02
1.15450010e+04 9.29174273e-03 2.29433865e-02 1.01670933e+00 1.27720526e-02
1.15454960e+04 1.32661108e-02 3.00661274e-02 1.01649459e+00 1.67387523e-02
1.15460020e+04 1.63044451e-02 3.55629964e-02 1.01627508e+00 1.98010078e-02
1.15465010e+04 1.89882297e-02 4.04394980e-02 1.01605860e+00 2.25183968e-02
1.15469990e+04 2.27803961e-02 4.72461060e-02 1.01584256e+00 2.63111854e-02
1.15475000e+04 2.57718203e-02 5.26592453e-02 1.01562522e+00 2.93286430e-02
1.15480030e+04 3.01857272e-02 6.05507871e-02 1.01540701e+00 3.37271971e-02
1.15484990e+04 3.36698020e-02 6.68199703e-02 1.01519183e+00 3.72228189e-02
1.15490010e+04 3.82748750e-02 7.50440687e-02 1.01497406e+00 4.18082890e-02
1.15495020e+04 4.17496159e-02 8.12990191e-02 1.01475671e+00 4.52975058e-02
1.15499980e+04 4.59169413e-02 8.87582461e-02 1.01454154e+00 4.94584191e-02
1.15505010e+04 4.92463065e-02 9.47608000e-02 1.01432333e+00 5.28084449e-02
1.15510000e+04 5.45494517e-02 1.04199543e-01 1.01410685e+00 5.80742051e-02
1.15514990e+04 5.93975063e-02 1.12845637e-01 1.01389038e+00 6.28991879e-02
1.15520000e+04 6.42588562e-02 1.21515697e-01 1.01367304e+00 6.77385088e-02
1.15524990e+04 7.09364000e-02 1.33348282e-01 1.01345656e+00 7.43418715e-02
1.15529960e+04 7.63104345e-02 1.42909686e-01 1.01324095e+00 7.96801926e-02
1.15535020e+04 8.36476204e-02 1.55894030e-01 1.01302144e+00 8.69283862e-02
1.15540050e+04 9.19126292e-02 1.70493183e-01 1.01280323e+00 9.50785006e-02
1.15545030e+04 1.00459022e-01 1.85580409e-01 1.01258719e+00 1.03502342e-01
1.15550060e+04 1.12106341e-01 2.06070663e-01 1.01236898e+00 1.14941642e-01
1.15554980e+04 1.24240409e-01 2.27404251e-01 1.01215554e+00 1.26853381e-01
1.15560020e+04 1.40246397e-01 2.55486571e-01 1.01193690e+00 1.42532801e-01
1.15565000e+04 1.57461585e-01 2.85672569e-01 1.01172085e+00 1.59388889e-01
1.15570010e+04 1.76753806e-01 3.19477433e-01 1.01150351e+00 1.78267722e-01
1.15575010e+04 2.00704295e-01 3.61395374e-01 1.01128660e+00 2.01677783e-01
1.15579970e+04 2.28348324e-01 4.09744876e-01 1.01107143e+00 2.28681802e-01
1.15585040e+04 2.61652180e-01 4.67956771e-01 1.01085148e+00 2.61196505e-01
1.15590030e+04 3.02295591e-01 5.38949009e-01 1.01063501e+00 3.00851495e-01
1.15594940e+04 3.49952797e-01 6.22154205e-01 1.01042200e+00 3.47331941e-01
1.15600010e+04 4.10968179e-01 7.28632327e-01 1.01020206e+00 4.06816616e-01
1.15604970e+04 4.83382800e-01 8.54960487e-01 1.00998688e+00 4.77396154e-01
1.15609990e+04 5.74139046e-01 1.01323739e+00 1.00976911e+00 5.65831633e-01
1.15614970e+04 6.82248763e-01 1.20173787e+00 1.00955306e+00 6.71163871e-01
1.15620030e+04 8.07546257e-01 1.42017821e+00 1.00933355e+00 7.93241018e-01
1.15625050e+04 9.46203589e-01 1.66188627e+00 1.00911578e+00 9.28339384e-01
1.15630000e+04 1.08147504e+00 1.89769419e+00 1.00890104e+00 1.06016695e+00
1.15634970e+04 1.20323558e+00 2.10997043e+00 1.00868543e+00 1.17887332e+00
1.15639980e+04 1.29022012e+00 2.26167760e+00 1.00846808e+00 1.26375984e+00
1.15644990e+04 1.32999348e+00 2.33115524e+00 1.00825074e+00 1.30271117e+00
1.15649990e+04 1.34182672e+00 2.35196810e+00 1.00803383e+00 1.31447211e+00
1.15655030e+04 1.32037183e+00 2.31480337e+00 1.00781519e+00 1.29383058e+00
1.15660010e+04 1.29007144e+00 2.26222967e+00 1.00759915e+00 1.26456990e+00
1.15664940e+04 1.24849028e+00 2.19000579e+00 1.00738527e+00 1.22431685e+00
1.15670000e+04 1.20979672e+00 2.12281661e+00 1.00716576e+00 1.18687390e+00
1.15674980e+04 1.17180938e+00 2.05685426e+00 1.00694972e+00 1.15010762e+00
1.15680040e+04 1.13954159e+00 2.00085710e+00 1.00673021e+00 1.11890852e+00
1.15685030e+04 1.10886945e+00 1.94763630e+00 1.00651373e+00 1.08925439e+00
1.15689980e+04 1.08772507e+00 1.91100875e+00 1.00629899e+00 1.06887457e+00
1.15695010e+04 1.06824456e+00 1.87728247e+00 1.00608078e+00 1.05011532e+00
1.15699990e+04 1.04826674e+00 1.84268800e+00 1.00586474e+00 1.03086562e+00
1.15705020e+04 1.03492967e+00 1.81966197e+00 1.00564653e+00 1.01808556e+00
1.15710040e+04 1.01949179e+00 1.79297649e+00 1.00542875e+00 1.00325511e+00
1.15715030e+04 1.00880534e+00 1.77456554e+00 1.00521228e+00 9.93051581e-01
1.15720000e+04 9.95416199e-01 1.75144640e+00 1.00499667e+00 9.80210667e-01
1.15724990e+04 9.87221942e-01 1.73737620e+00 1.00478020e+00 9.72432411e-01
1.15730060e+04 9.79261484e-01 1.72371646e+00 1.00456025e+00 9.64883906e-01
1.15734990e+04 9.75828126e-01 1.71793607e+00 1.00434638e+00 9.61742278e-01
1.15740000e+04 9.73807133e-01 1.71461889e+00 1.00412903e+00 9.59980659e-01
1.15744990e+04 9.75378566e-01 1.71755797e+00 1.00391256e+00 9.61721409e-01
1.15749990e+04 9.77644755e-01 1.72170753e+00 1.00369565e+00 9.64140556e-01
1.15755020e+04 9.81370824e-01 1.72840104e+00 1.00347744e+00 9.67985486e-01
1.15759980e+04 9.89909517e-01 1.74347404e+00 1.00326227e+00 9.76523207e-01
1.15764970e+04 9.95555099e-01 1.75350922e+00 1.00304579e+00 9.82241219e-01
1.15770050e+04 1.00487647e+00 1.76995031e+00 1.00282541e+00 9.91550813e-01
1.15774990e+04 1.01110965e+00 1.78100691e+00 1.00261110e+00 9.97842736e-01
1.15779970e+04 1.01903102e+00 1.79500550e+00 1.00239506e+00 1.00578516e+00
1.15785000e+04 1.02264850e+00 1.80150988e+00 1.00217685e+00 1.00953056e+00
1.15790000e+04 1.02400911e+00 1.80408216e+00 1.00195994e+00 1.01107241e+00
1.15795000e+04 1.02415916e+00 1.80454597e+00 1.00174303e+00 1.01143279e+00
1.15800040e+04 1.01809343e+00 1.79418512e+00 1.00152439e+00 1.00572630e+00
1.15805030e+04 1.01143673e+00 1.78279295e+00 1.00130791e+00 9.99439519e-01
1.15810020e+04 1.00178298e+00 1.76618069e+00 1.00109144e+00 9.90224801e-01
1.15814970e+04 9.89874312e-01 1.74563934e+00 1.00087670e+00 9.78804376e-01
1.15820040e+04 9.81324948e-01 1.73095387e+00 1.00065675e+00 9.70667822e-01
1.15824990e+04 9.71352991e-01 1.71378576e+00 1.00044201e+00 9.61135002e-01
1.15830040e+04 9.65927296e-01 1.70454010e+00 1.00022293e+00 9.56045757e-01
1.15834990e+04 9.60785755e-01 1.69578532e+00 1.00000819e+00 9.51228947e-01
1.15839990e+04 9.59444170e-01 1.69365108e+00 9.99791285e-01 9.50126214e-01
1.15845000e+04 9.58603383e-01 1.69238951e+00 9.99573942e-01 9.49513058e-01
1.15850020e+04 9.59575449e-01 1.69428586e+00 9.99356165e-01 9.50671891e-01
1.15854990e+04 9.58814287e-01 1.69316136e+00 9.99140558e-01 9.50134827e-01
1.15859990e+04 9.60310145e-01 1.69596921e+00 9.98923649e-01 9.51805123e-01
1.15864980e+04 9.62068955e-01 1.69923465e+00 9.98707173e-01 9.53732393e-01
1.15870020e+04 9.65827383e-01 1.70598492e+00 9.98488529e-01 9.57617132e-01
1.15874980e+04 9.69621076e-01 1.71279338e+00 9.98273355e-01 9.61533783e-01
1.15879990e+04 9.76032759e-01 1.72416371e+00 9.98056012e-01 9.68013385e-01
1.15885020e+04 9.84336506e-01 1.73883034e+00 9.97837802e-01 9.76345520e-01
1.15890020e+04 9.94384001e-01 1.75653290e+00 9.97620892e-01 9.86383570e-01
1.15894970e+04 1.00498368e+00 1.77519520e+00 9.97406152e-01 9.96961617e-01
1.15900030e+04 1.01795730e+00 1.79799673e+00 9.97186640e-01 1.00986881e+00
1.15904980e+04 1.03007546e+00 1.81930384e+00 9.96971900e-01 1.02193693e+00
1.15909970e+04 1.04061865e+00 1.83786937e+00 9.96755425e-01 1.03246809e+00
1.15915030e+04 1.05428875e+00 1.86188399e+00 9.96535913e-01 1.04606427e+00
1.15919970e+04 1.06059508e+00 1.87306799e+00 9.96321607e-01 1.05245131e+00
1.15924990e+04 1.06668367e+00 1.88387598e+00 9.96103830e-01 1.05862999e+00
1.15930020e+04 1.06817150e+00 1.88667107e+00 9.95885619e-01 1.06030688e+00
1.15935040e+04 1.06750617e+00 1.88571551e+00 9.95667843e-01 1.05987582e+00
1.15939980e+04 1.06299962e+00 1.87806631e+00 9.95453536e-01 1.05568043e+00
1.15945030e+04 1.05855698e+00 1.87053286e+00 9.95234458e-01 1.05155159e+00
1.15950020e+04 1.05099618e+00 1.85756597e+00 9.95017983e-01 1.04436586e+00
1.15954960e+04 1.04230054e+00 1.84262047e+00 9.94803677e-01 1.03606513e+00
1.15960060e+04 1.03536077e+00 1.83073973e+00 9.94582429e-01 1.02948947e+00
1.15964960e+04 1.02614430e+00 1.81488545e+00 9.94369858e-01 1.02067372e+00
1.15970010e+04 1.01879164e+00 1.80228351e+00 9.94150780e-01 1.01368854e+00
1.15974990e+04 1.01122420e+00 1.78930466e+00 9.93934739e-01 1.00648854e+00
1.15979950e+04 1.00487180e+00 1.77844129e+00 9.93719565e-01 1.00047678e+00
1.15984980e+04 1.00045210e+00 1.77094698e+00 9.93501354e-01 9.96360718e-01
1.15990010e+04 9.96128721e-01 1.76362047e+00 9.93283143e-01 9.92338234e-01
1.15994990e+04 9.91808314e-01 1.75629709e+00 9.93067102e-01 9.88315727e-01
1.16000020e+04 9.90972952e-01 1.75504578e+00 9.92848891e-01 9.87710659e-01
1.16004980e+04 9.88236015e-01 1.75047959e+00 9.92633718e-01 9.85238346e-01
1.16010000e+04 9.86677902e-01 1.74796903e+00 9.92415941e-01 9.83923826e-01
1.16015010e+04 9.85589391e-01 1.74627599e+00 9.92198598e-01 9.83069071e-01
1.16020030e+04 9.83279948e-01 1.74245681e+00 9.91980821e-01 9.81017308e-01
1.16024970e+04 9.79908491e-01 1.73678464e+00 9.91766515e-01 9.77920219e-01
1.16030030e+04 9.76840762e-01 1.73164635e+00 9.91547003e-01 9.75125489e-01
1.16035010e+04 9.73700378e-01 1.72637827e+00 9.91330961e-01 9.72255550e-01
1.16040030e+04 9.70481632e-01 1.72097532e+00 9.91113184e-01 9.69309853e-01
1.16045030e+04 9.65899364e-01 1.71319666e+00 9.90896275e-01 9.65024970e-01
1.16050000e+04 9.63256310e-01 1.70879440e+00 9.90680668e-01 9.62640728e-01
1.16055000e+04 9.60382780e-01 1.70399191e+00 9.90463759e-01 9.60031105e-01
1.16060050e+04 9.56272729e-01 1.69703776e+00 9.90244680e-01 9.56209542e-01
1.16064980e+04 9.57000337e-01 1.69850468e+00 9.90030808e-01 9.57130316e-01
1.16070040e+04 9.54802566e-01 1.69488163e+00 9.89811296e-01 9.55185196e-01
1.16074990e+04 9.57233412e-01 1.69931596e+00 9.89596556e-01 9.57778942e-01
1.16080050e+04 9.56840872e-01 1.69883714e+00 9.89377044e-01 9.57605854e-01
