# # source: .\new_experimental\norm_Pt_foil_Limpa_8.txt
# # site: Pt_foil_Limpa_8
# # columns: Energy(eV) Abs_raw Preedge_normalized PredictedPost_raw Final_normalized
# 
1.15155010e+04 1.48067231e-02 2.57369144e-02 1.10499927e+00 1.95895502e-02
1.15160010e+04 1.52461920e-02 2.60709538e-02 1.10428641e+00 1.98592890e-02
1.15165000e+04 1.47328189e-02 2.52888597e-02 1.10357498e+00 1.92785515e-02
1.15169970e+04 1.45368103e-02 2.48793621e-02 1.10286640e+00 1.89811130e-02
1.15174990e+04 1.39872034e-02 2.40537255e-02 1.10215070e+00 1.83656255e-02
1.15179980e+04 1.22714576e-02 2.18627480e-02 1.10143927e+00 1.67058006e-02
1.15185010e+04 1.29591707e-02 2.24865827e-02 1.10072213e+00 1.71960287e-02
1.15189990e+04 1.25511085e-02 2.18282487e-02 1.10001213e+00 1.67056207e-02
1.15195010e+04 1.18616578e-02 2.08387499e-02 1.09929642e+00 1.59609008e-02
1.15199970e+04 1.06621239e-02 1.92537305e-02 1.09858927e+00 1.47583843e-02
1.15205000e+04 9.44824643e-03 1.76493713e-02 1.09787214e+00 1.35393057e-02
1.15210020e+04 8.72028176e-03 1.66147435e-02 1.09715643e+00 1.27556800e-02
1.15215000e+04 6.93027920e-03 1.43371172e-02 1.09644643e+00 1.10157017e-02
1.15220000e+04 6.07901534e-03 1.31587369e-02 1.09573357e+00 1.01182761e-02
1.15225020e+04 5.68864372e-03 1.25196847e-02 1.09501787e+00 9.63450362e-03
1.15230020e+04 5.90302594e-03 1.25899782e-02 1.09430501e+00 9.69624231e-03
1.15235030e+04 5.70788371e-03 1.21800484e-02 1.09359073e+00 9.38795468e-03
1.15240000e+04 2.08000675e-03 7.74924955e-03 1.09288215e+00 5.97754192e-03
1.15244980e+04 1.09926128e-04 5.26061628e-03 1.09217215e+00 4.06108031e-03
1.15250040e+04 -2.86431081e-03 1.59246554e-03 1.09145074e+00 1.23033317e-03
1.15254990e+04 -3.96217523e-03 1.26939465e-04 1.09074501e+00 9.81498872e-05
1.15259990e+04 -7.50604104e-03 -4.20650457e-03 1.09003216e+00 -3.25505749e-03
1.15264960e+04 -7.58366631e-03 -4.47728624e-03 1.08932358e+00 -3.46732477e-03
1.15269980e+04 -8.68106023e-03 -5.94479374e-03 1.08860787e+00 -4.60747020e-03
1.15275040e+04 -1.10402909e-02 -8.89230923e-03 1.08788646e+00 -6.89746366e-03
1.15279990e+04 -1.28995115e-02 -1.12499565e-02 1.08718074e+00 -8.73308140e-03
1.15285010e+04 -1.41956665e-02 -1.29503628e-02 1.08646503e+00 -1.00611010e-02
1.15290000e+04 -1.66610683e-02 -1.60197519e-02 1.08575360e+00 -1.24555948e-02
1.15295000e+04 -1.67920830e-02 -1.63541782e-02 1.08504075e+00 -1.27257531e-02
1.15299980e+04 -1.69440929e-02 -1.67124821e-02 1.08433074e+00 -1.30148956e-02
1.15305050e+04 -1.63698775e-02 -1.62230859e-02 1.08360791e+00 -1.26440058e-02
1.15309990e+04 -1.52281419e-02 -1.50639926e-02 1.08290361e+00 -1.17498970e-02
1.15315000e+04 -1.39224966e-02 -1.37153705e-02 1.08218932e+00 -1.07065461e-02
1.15320020e+04 -1.33167385e-02 -1.31872050e-02 1.08147362e+00 -1.03025198e-02
1.15325000e+04 -1.29518567e-02 -1.29398396e-02 1.08076361e+00 -1.01173307e-02
1.15329990e+04 -1.25759791e-02 -1.26799516e-02 1.08005218e+00 -9.92206276e-03
1.15335010e+04 -1.03336704e-02 -1.02341534e-02 1.07933648e+00 -8.01467638e-03
1.15339990e+04 -8.82103149e-03 -8.64190046e-03 1.07862647e+00 -6.77314715e-03
1.15345000e+04 -7.81205503e-03 -7.64090086e-03 1.07791219e+00 -5.99342910e-03
1.15350010e+04 -6.49683584e-03 -6.28106048e-03 1.07719791e+00 -4.93075723e-03
1.15355000e+04 -4.46282570e-03 -4.07825120e-03 1.07648648e+00 -3.20407992e-03
1.15360010e+04 -4.00991419e-03 -3.72882222e-03 1.07577220e+00 -2.93191548e-03
1.15365010e+04 -4.17529736e-03 -4.10351993e-03 1.07505935e+00 -3.22913572e-03
1.15370020e+04 -2.55571598e-03 -2.38704232e-03 1.07434507e+00 -1.87992636e-03
1.15374980e+04 -9.42698043e-04 -6.76446353e-04 1.07363791e+00 -5.33165233e-04
1.15379990e+04 6.69100415e-05 3.25293365e-04 1.07292363e+00 2.56599142e-04
1.15385040e+04 3.69744339e-04 4.97421676e-04 1.07220365e+00 3.92698578e-04
1.15390000e+04 9.74203233e-04 1.02623581e-03 1.07149650e+00 8.10831061e-04
1.15394980e+04 1.67327920e-03 1.66519413e-03 1.07078649e+00 1.31673493e-03
1.15399980e+04 2.35531577e-03 2.28346284e-03 1.07007364e+00 1.80708842e-03
1.15405010e+04 2.25023282e-03 1.97833663e-03 1.06935650e+00 1.56689543e-03
1.15410000e+04 3.86054991e-03 3.68468241e-03 1.06864508e+00 2.92073207e-03
1.15414980e+04 3.55950033e-03 3.15174087e-03 1.06793507e+00 2.50030838e-03
1.15419980e+04 5.82999033e-03 5.63128426e-03 1.06722222e+00 4.47098935e-03
1.15425030e+04 6.94964654e-03 6.76052588e-03 1.06650223e+00 5.37197027e-03
1.15429990e+04 6.87496415e-03 6.49355436e-03 1.06579508e+00 5.16400270e-03
1.15434990e+04 7.61550852e-03 7.18037974e-03 1.06508222e+00 5.71485702e-03
1.15440010e+04 8.31489032e-03 7.81824914e-03 1.06436652e+00 6.22763492e-03
1.15445050e+04 1.00181392e-02 9.63167894e-03 1.06364796e+00 7.67844061e-03
1.15450070e+04 1.14689555e-02 1.11500437e-02 1.06293225e+00 8.89618631e-03
1.15455000e+04 1.25725576e-02 1.22648158e-02 1.06222938e+00 9.79351275e-03
1.15460000e+04 1.40487053e-02 1.38135864e-02 1.06151652e+00 1.10392442e-02
1.15465010e+04 1.48051667e-02 1.45187008e-02 1.06080224e+00 1.16122686e-02
1.15470040e+04 1.78192039e-02 1.78684122e-02 1.06008511e+00 1.43032071e-02
1.15475030e+04 1.98764807e-02 2.00984842e-02 1.05937368e+00 1.61015008e-02
1.15480020e+04 2.27322045e-02 2.32641388e-02 1.05866225e+00 1.86528808e-02
1.15485000e+04 2.48103924e-02 2.55190752e-02 1.05795225e+00 2.04776127e-02
1.15490030e+04 2.83497280e-02 2.94843066e-02 1.05723511e+00 2.36790696e-02
1.15494940e+04 3.06831693e-02 3.20408696e-02 1.05653509e+00 2.57530724e-02
1.15500020e+04 3.36296874e-02 3.53096562e-02 1.05581083e+00 2.84041459e-02
1.15505010e+04 3.60215993e-02 3.79318380e-02 1.05509940e+00 3.05386250e-02
1.15510020e+04 4.00755531e-02 4.25007982e-02 1.05438512e+00 3.42453614e-02
1.15514990e+04 4.43362940e-02 4.73135090e-02 1.05367654e+00 3.81545494e-02
1.15520000e+04 4.98857265e-02 5.36348004e-02 1.05296226e+00 4.32879986e-02
1.15524990e+04 5.66739960e-02 6.14084262e-02 1.05225083e+00 4.96029304e-02
1.15530000e+04 6.33864291e-02 6.90924667e-02 1.05153655e+00 5.58560640e-02
1.15534990e+04 7.12128823e-02 7.80825872e-02 1.05082512e+00 6.31761198e-02
1.15540000e+04 7.85061515e-02 8.64472241e-02 1.05011084e+00 7.00020352e-02
1.15545030e+04 8.85850967e-02 9.80752609e-02 1.04939371e+00 7.94843616e-02
1.15550000e+04 1.00507877e-01 1.11865987e-01 1.04868513e+00 9.07358380e-02
1.15555010e+04 1.13627486e-01 1.27057655e-01 1.04797085e+00 1.03143862e-01
1.15560010e+04 1.27784129e-01 1.43464830e-01 1.04725799e+00 1.16559948e-01
1.15564980e+04 1.45711655e-01 1.64291633e-01 1.04654941e+00 1.33591496e-01
1.15569960e+04 1.65303077e-01 1.87067750e-01 1.04583941e+00 1.52237899e-01
1.15574970e+04 1.88713338e-01 2.14317517e-01 1.04512513e+00 1.74559905e-01
1.15580060e+04 2.17285331e-01 2.47612663e-01 1.04439944e+00 2.01849998e-01
1.15585000e+04 2.52028968e-01 2.88144876e-01 1.04369514e+00 2.35085205e-01
1.15589980e+04 2.93656838e-01 3.36742261e-01 1.04298514e+00 2.74962659e-01
1.15595030e+04 3.45607339e-01 3.97432686e-01 1.04226516e+00 3.24793081e-01
1.15599960e+04 4.07835233e-01 4.70170014e-01 1.04156228e+00 3.84553513e-01
1.15604990e+04 4.85173342e-01 5.60609162e-01 1.04084515e+00 4.58910817e-01
1.15610000e+04 5.79856820e-01 6.71373516e-01 1.04013087e+00 5.50043971e-01
1.15614990e+04 6.96602173e-01 8.07989657e-01 1.03941944e+00 6.62526040e-01
1.15619980e+04 8.27652797e-01 9.61368038e-01 1.03870801e+00 7.88952912e-01
1.15625040e+04 9.73597843e-01 1.13219647e+00 1.03798660e+00 9.29935601e-01
1.15630020e+04 1.12022656e+00 1.30382889e+00 1.03727659e+00 1.07180509e+00
1.15635040e+04 1.24563185e+00 1.45059124e+00 1.03656089e+00 1.19345937e+00
1.15639970e+04 1.33122401e+00 1.55070572e+00 1.03585801e+00 1.27688876e+00
1.15645000e+04 1.37115510e+00 1.59731309e+00 1.03514088e+00 1.31638356e+00
1.15649970e+04 1.37885856e+00 1.60615981e+00 1.03443230e+00 1.32478617e+00
1.15654970e+04 1.35682660e+00 1.58016289e+00 1.03371945e+00 1.30444578e+00
1.15660050e+04 1.32270419e+00 1.53999606e+00 1.03299519e+00 1.27238083e+00
1.15665000e+04 1.28551972e+00 1.49624595e+00 1.03228946e+00 1.23727029e+00
1.15669960e+04 1.23738545e+00 1.43966503e+00 1.03158231e+00 1.19148391e+00
1.15674980e+04 1.19891971e+00 1.39441106e+00 1.03086660e+00 1.15501442e+00
1.15679990e+04 1.16587076e+00 1.35550459e+00 1.03015232e+00 1.12374305e+00
1.15684980e+04 1.13673887e+00 1.32118867e+00 1.02944089e+00 1.09622359e+00
1.15690000e+04 1.11114796e+00 1.29102082e+00 1.02872518e+00 1.07210755e+00
1.15694990e+04 1.08807861e+00 1.26380870e+00 1.02801375e+00 1.05040155e+00
1.15699980e+04 1.07069766e+00 1.24326197e+00 1.02730232e+00 1.03420321e+00
1.15705040e+04 1.05591058e+00 1.22575209e+00 1.02658091e+00 1.02051782e+00
1.15710010e+04 1.03961707e+00 1.20648030e+00 1.02587234e+00 1.00532516e+00
1.15715030e+04 1.02478292e+00 1.18891671e+00 1.02515663e+00 9.91539770e-01
1.15720020e+04 1.01201893e+00 1.17377992e+00 1.02444520e+00 9.79751341e-01
1.15725030e+04 1.00175974e+00 1.16157742e+00 1.02373092e+00 9.70397425e-01
1.15729950e+04 9.94234452e-01 1.15258163e+00 1.02302947e+00 9.63693827e-01
1.15734990e+04 9.89857187e-01 1.14727020e+00 1.02231091e+00 9.60081829e-01
1.15739990e+04 9.86232480e-01 1.14284203e+00 1.02159806e+00 9.57196799e-01
1.15745000e+04 9.87605989e-01 1.14427017e+00 1.02088378e+00 9.59217675e-01
1.15750010e+04 9.92581411e-01 1.14991886e+00 1.02016949e+00 9.64783079e-01
1.15755020e+04 9.95857446e-01 1.15357629e+00 1.01945521e+00 9.68685968e-01
1.15760010e+04 1.00285530e+00 1.16159550e+00 1.01874378e+00 9.76258077e-01
1.15765010e+04 1.01034790e+00 1.17019406e+00 1.01803093e+00 9.84332244e-01
1.15770020e+04 1.01986687e+00 1.18116667e+00 1.01731665e+00 9.94420750e-01
1.15774980e+04 1.02504690e+00 1.18705693e+00 1.01660950e+00 1.00023556e+00
1.15780060e+04 1.03156000e+00 1.19450486e+00 1.01588523e+00 1.00739488e+00
1.15785000e+04 1.03931154e+00 1.20340901e+00 1.01518093e+00 1.01577137e+00
1.15790040e+04 1.03778526e+00 1.20143823e+00 1.01446238e+00 1.01499262e+00
1.15794980e+04 1.03392116e+00 1.19673173e+00 1.01375807e+00 1.01188177e+00
1.15799940e+04 1.03060586e+00 1.19266755e+00 1.01305092e+00 1.00931268e+00
1.15804990e+04 1.02035920e+00 1.18047828e+00 1.01233094e+00 9.99872877e-01
1.15809970e+04 1.00831357e+00 1.16618359e+00 1.01162093e+00 9.88619627e-01
1.15815010e+04 9.97204747e-01 1.15298445e+00 1.01090238e+00 9.78286635e-01
1.15819990e+04 9.89113123e-01 1.14332288e+00 1.01019237e+00 9.70929586e-01
1.15825000e+04 9.77041800e-01 1.12899700e+00 1.00947809e+00 9.59600341e-01
1.15829990e+04 9.70386540e-01 1.12101813e+00 1.00876666e+00 9.53647389e-01
1.15834990e+04 9.65448419e-01 1.11505097e+00 1.00805381e+00 9.49398568e-01
1.15839990e+04 9.62772721e-01 1.11173480e+00 1.00734095e+00 9.47401465e-01
1.15845000e+04 9.62938687e-01 1.11174800e+00 1.00662667e+00 9.48242238e-01
1.15849990e+04 9.62957239e-01 1.11158919e+00 1.00591524e+00 9.48934324e-01
1.15854950e+04 9.62092894e-01 1.11039693e+00 1.00520809e+00 9.48739635e-01
1.15859960e+04 9.61782920e-01 1.10985245e+00 1.00449381e+00 9.49106875e-01
1.15865000e+04 9.62635037e-01 1.11066856e+00 1.00377525e+00 9.50644319e-01
1.15870000e+04 9.66379545e-01 1.11487529e+00 1.00306240e+00 9.55082443e-01
1.15875020e+04 9.72626262e-01 1.12201326e+00 1.00234669e+00 9.62045066e-01
1.15880010e+04 9.78271147e-01 1.12844712e+00 1.00163526e+00 9.68410614e-01
1.15884980e+04 9.86583070e-01 1.13800682e+00 1.00092668e+00 9.77468785e-01
1.15890020e+04 9.95047185e-01 1.14774231e+00 1.00020812e+00 9.86706113e-01
1.15895000e+04 1.00661268e+00 1.16111403e+00 9.99498119e-01 9.99078101e-01
1.15900030e+04 1.02045468e+00 1.17715144e+00 9.98780987e-01 1.01377649e+00
1.15905020e+04 1.03327820e+00 1.19199688e+00 9.98069557e-01 1.02746628e+00
1.15910040e+04 1.04639160e+00 1.20718091e+00 9.97353850e-01 1.04147786e+00
1.15914990e+04 1.05582154e+00 1.21805136e+00 9.96648124e-01 1.05177652e+00
1.15920020e+04 1.06391524e+00 1.22735318e+00 9.95930991e-01 1.06075257e+00
1.15924970e+04 1.06827874e+00 1.23228703e+00 9.95225265e-01 1.06595109e+00
1.15929980e+04 1.07112835e+00 1.23544479e+00 9.94510984e-01 1.06963242e+00
1.15934990e+04 1.07064404e+00 1.23469603e+00 9.93796703e-01 1.06993507e+00
1.15940040e+04 1.06660531e+00 1.22978093e+00 9.93076719e-01 1.06663226e+00
1.15945010e+04 1.05895396e+00 1.22063561e+00 9.92368141e-01 1.05963612e+00
1.15950020e+04 1.05155479e+00 1.21178434e+00 9.91653860e-01 1.05289060e+00
1.15955000e+04 1.04382767e+00 1.20254988e+00 9.90943856e-01 1.04579419e+00
1.15960010e+04 1.03457567e+00 1.19152755e+00 9.90229575e-01 1.03713453e+00
1.15965000e+04 1.02277299e+00 1.17751718e+00 9.89518146e-01 1.02585253e+00
1.15970070e+04 1.01354977e+00 1.16652640e+00 9.88795311e-01 1.01719797e+00
1.15975010e+04 1.00564058e+00 1.15708006e+00 9.88091010e-01 1.00985218e+00
1.15980070e+04 1.00108283e+00 1.15155642e+00 9.87369600e-01 1.00594162e+00
1.15984980e+04 9.93887902e-01 1.14294808e+00 9.86669576e-01 9.99300034e-01
1.15990010e+04 9.88335930e-01 1.13626055e+00 9.85952444e-01 9.94349019e-01
1.15995010e+04 9.84965421e-01 1.13213024e+00 9.85239589e-01 9.91623586e-01
1.15999990e+04 9.81189530e-01 1.12752564e+00 9.84529585e-01 9.88473912e-01
1.16005000e+04 9.80284015e-01 1.12628333e+00 9.83815304e-01 9.88274199e-01
1.16010030e+04 9.79793813e-01 1.12552694e+00 9.83098172e-01 9.88504447e-01
1.16015020e+04 9.75913101e-01 1.12079916e+00 9.82386742e-01 9.85236943e-01
1.16020000e+04 9.73273081e-01 1.11752552e+00 9.81676739e-01 9.83241201e-01
1.16025010e+04 9.69155159e-01 1.11251906e+00 9.80962458e-01 9.79721205e-01
1.16029990e+04 9.65611562e-01 1.10818666e+00 9.80252454e-01 9.76783677e-01
1.16035010e+04 9.63428326e-01 1.10544681e+00 9.79536747e-01 9.75252897e-01
1.16039960e+04 9.57389390e-01 1.09819157e+00 9.78831020e-01 9.69719843e-01
1.16045030e+04 9.51577995e-01 1.09119861e+00 9.78108185e-01 9.64429632e-01
1.16050010e+04 9.47455632e-01 1.08618804e+00 9.77398181e-01 9.60867714e-01
1.16055020e+04 9.43247524e-01 1.08107590e+00 9.76683901e-01 9.57214650e-01
1.16059990e+04 9.41021154e-01 1.07828732e+00 9.75975322e-01 9.55607208e-01
1.16065020e+04 9.37982251e-01 1.07454449e+00 9.75258190e-01 9.53160803e-01
1.16069990e+04 9.37464937e-01 1.07375850e+00 9.74549612e-01 9.53324751e-01
1.16075030e+04 9.37240003e-01 1.07331257e+00 9.73831054e-01 9.53803348e-01
1.16079980e+04 9.37389550e-01 1.07330871e+00 9.73125327e-01 9.54660360e-01
