# # source: .\Pt_bulk\Pt_bulk_Gm2_conv.txt
# # site: bulk_Gm2_conv
# # columns: Energy(eV) Abs_raw Preedge_normalized PredictedPost_raw Final_normalized
# 
1.14145000e+04 1.86100380e-04 8.16589546e-03 3.48035632e-02 7.48410295e-03
1.14150000e+04 1.86844600e-04 8.06527223e-03 3.48062698e-02 7.39218175e-03
1.14155000e+04 1.87594090e-04 7.96480580e-03 3.48089764e-02 7.30039680e-03
1.14160000e+04 1.88348910e-04 7.86449795e-03 3.48116830e-02 7.20874975e-03
1.14165000e+04 1.89109110e-04 7.76435018e-03 3.48143896e-02 7.11724197e-03
1.14170000e+04 1.89874750e-04 7.66436427e-03 3.48170962e-02 7.02587511e-03
1.14175000e+04 1.90645890e-04 7.56454201e-03 3.48198027e-02 6.93465084e-03
1.14180000e+04 1.91422590e-04 7.46488517e-03 3.48225093e-02 6.84357081e-03
1.14185000e+04 1.92204900e-04 7.36539525e-03 3.48252159e-02 6.75263639e-03
1.14190000e+04 1.92992890e-04 7.26607434e-03 3.48279225e-02 6.66184952e-03
1.14195000e+04 1.93786620e-04 7.16692421e-03 3.48306291e-02 6.57121186e-03
1.14200000e+04 1.94586140e-04 7.06794635e-03 3.48333357e-02 6.48072477e-03
1.14205000e+04 1.95391530e-04 6.96914315e-03 3.48360423e-02 6.39039047e-03
1.14210000e+04 1.96202840e-04 6.87051609e-03 3.48387489e-02 6.30021033e-03
1.14215000e+04 1.97020140e-04 6.77206725e-03 3.48414554e-02 6.21018629e-03
1.14220000e+04 1.97843490e-04 6.67379842e-03 3.48441620e-02 6.12032000e-03
1.14225000e+04 1.98672970e-04 6.57571198e-03 3.48468686e-02 6.03061366e-03
1.14230000e+04 1.99508630e-04 6.47780942e-03 3.48495752e-02 5.94106866e-03
1.14235000e+04 2.00350550e-04 6.38009312e-03 3.48522818e-02 5.85168720e-03
1.14240000e+04 2.01198800e-04 6.28256516e-03 3.48549884e-02 5.76247121e-03
1.14245000e+04 2.02053450e-04 6.18522762e-03 3.48576950e-02 5.67342263e-03
1.14250000e+04 2.02914560e-04 6.08808229e-03 3.48604015e-02 5.58454310e-03
1.14255000e+04 2.03782210e-04 5.99113155e-03 3.48631081e-02 5.49583484e-03
1.14260000e+04 2.04656480e-04 5.89437778e-03 3.48658147e-02 5.40730004e-03
1.14265000e+04 2.05537430e-04 5.79782276e-03 3.48685213e-02 5.31894038e-03
1.14270000e+04 2.06425150e-04 5.70146918e-03 3.48712279e-02 5.23075831e-03
1.14275000e+04 2.07319720e-04 5.60531940e-03 3.48739345e-02 5.14275606e-03
1.14280000e+04 2.08221200e-04 5.50937523e-03 3.48766411e-02 5.05493528e-03
1.14285000e+04 2.09129680e-04 5.41363933e-03 3.48793476e-02 4.96729845e-03
1.14290000e+04 2.10045240e-04 5.31811408e-03 3.48820542e-02 4.87984777e-03
1.14295000e+04 2.10967960e-04 5.22280188e-03 3.48847608e-02 4.79258546e-03
1.14300000e+04 2.11897930e-04 5.12770538e-03 3.48874674e-02 4.70551399e-03
1.14305000e+04 2.12835220e-04 5.03282669e-03 3.48901740e-02 4.61863531e-03
1.14310000e+04 2.13779930e-04 4.93816876e-03 3.48928806e-02 4.53195215e-03
1.14315000e+04 2.14732140e-04 4.84373399e-03 3.48955872e-02 4.44546673e-03
1.14320000e+04 2.15691940e-04 4.74952505e-03 3.48982937e-02 4.35918154e-03
1.14325000e+04 2.16659420e-04 4.65554461e-03 3.49010003e-02 4.27309906e-03
1.14330000e+04 2.17634670e-04 4.56179536e-03 3.49037069e-02 4.18722176e-03
1.14335000e+04 2.18617780e-04 4.46827998e-03 3.49064135e-02 4.10155213e-03
1.14340000e+04 2.19608850e-04 4.37500143e-03 3.49091201e-02 4.01609293e-03
1.14345000e+04 2.20607980e-04 4.28196270e-03 3.49118267e-02 3.93084692e-03
1.14350000e+04 2.21615250e-04 4.18916617e-03 3.49145333e-02 3.84581630e-03
1.14355000e+04 2.22630770e-04 4.09661510e-03 3.49172399e-02 3.76100411e-03
1.14360000e+04 2.23654640e-04 4.00431247e-03 3.49199464e-02 3.67641311e-03
1.14365000e+04 2.24686950e-04 3.91226097e-03 3.49226530e-02 3.59204577e-03
1.14370000e+04 2.25727830e-04 3.82046445e-03 3.49253596e-02 3.50790569e-03
1.14375000e+04 2.26777360e-04 3.72892530e-03 3.49280662e-02 3.42399507e-03
1.14380000e+04 2.27835650e-04 3.63764680e-03 3.49307728e-02 3.34031695e-03
1.14385000e+04 2.28902830e-04 3.54663280e-03 3.49334794e-02 3.25687491e-03
1.14390000e+04 2.29978980e-04 3.45588570e-03 3.49361860e-02 3.17367116e-03
1.14395000e+04 2.31064240e-04 3.36540965e-03 3.49388925e-02 3.09070956e-03
1.14400000e+04 2.32158700e-04 3.27520733e-03 3.49415991e-02 3.00799259e-03
1.14405000e+04 2.33262500e-04 3.18528291e-03 3.49443057e-02 2.92552411e-03
1.14410000e+04 2.34375740e-04 3.09563937e-03 3.49470123e-02 2.84330689e-03
1.14415000e+04 2.35498540e-04 3.00628027e-03 3.49497189e-02 2.76134424e-03
1.14420000e+04 2.36631030e-04 2.91720949e-03 3.49524255e-02 2.67963973e-03
1.14425000e+04 2.37773340e-04 2.82843088e-03 3.49551321e-02 2.59819696e-03
1.14430000e+04 2.38925580e-04 2.73994773e-03 3.49578386e-02 2.51701896e-03
1.14435000e+04 2.40087890e-04 2.65176420e-03 3.49605452e-02 2.43610959e-03
1.14440000e+04 2.41260400e-04 2.56388416e-03 3.49632518e-02 2.35547245e-03
1.14445000e+04 2.42443240e-04 2.47631147e-03 3.49659584e-02 2.27511110e-03
1.14450000e+04 2.43636540e-04 2.38905000e-03 3.49686650e-02 2.19502915e-03
1.14455000e+04 2.44840450e-04 2.30210422e-03 3.49713716e-02 2.11523073e-03
1.14460000e+04 2.46055100e-04 2.21547800e-03 3.49740782e-02 2.03571943e-03
1.14465000e+04 2.47280630e-04 2.12917549e-03 3.49767847e-02 1.95649910e-03
1.14470000e+04 2.48517200e-04 2.04320147e-03 3.49794913e-02 1.87757416e-03
1.14475000e+04 2.49764950e-04 1.95756009e-03 3.49821979e-02 1.79894848e-03
1.14480000e+04 2.51024020e-04 1.87225552e-03 3.49849045e-02 1.72062592e-03
1.14485000e+04 2.52294580e-04 1.78729282e-03 3.49876111e-02 1.64261116e-03
1.14490000e+04 2.53576770e-04 1.70267616e-03 3.49903177e-02 1.56490807e-03
1.14495000e+04 2.54870760e-04 1.61841059e-03 3.49930243e-02 1.48752134e-03
1.14500000e+04 2.56176710e-04 1.53450087e-03 3.49957308e-02 1.41045538e-03
1.14505000e+04 2.57494780e-04 1.45095177e-03 3.49984374e-02 1.33371461e-03
1.14510000e+04 2.58825140e-04 1.36776834e-03 3.50011440e-02 1.25730372e-03
1.14515000e+04 2.60167960e-04 1.28495564e-03 3.50038506e-02 1.18122739e-03
1.14520000e+04 2.61523410e-04 1.20251873e-03 3.50065572e-02 1.10549032e-03
1.14525000e+04 2.62891680e-04 1.12046326e-03 3.50092638e-02 1.03009775e-03
1.14530000e+04 2.64272930e-04 1.03879399e-03 3.50119704e-02 9.55054097e-04
1.14535000e+04 2.65667360e-04 9.57516875e-04 3.50146770e-02 8.80364871e-04
1.14540000e+04 2.67075150e-04 8.76637269e-04 3.50173835e-02 8.06035043e-04
1.14545000e+04 2.68496490e-04 7.96160826e-04 3.50200901e-02 7.32069855e-04
1.14550000e+04 2.69931580e-04 7.16093495e-04 3.50227967e-02 6.58474823e-04
1.14555000e+04 2.71380610e-04 6.36440929e-04 3.50255033e-02 5.85255191e-04
1.14560000e+04 2.72843780e-04 5.57209081e-04 3.50282099e-02 5.12416477e-04
1.14565000e+04 2.74321310e-04 4.78404495e-04 3.50309165e-02 4.39964749e-04
1.14570000e+04 2.75813400e-04 4.00033121e-04 3.50336231e-02 3.67905525e-04
1.14575000e+04 2.77320260e-04 3.22101210e-04 3.50363296e-02 2.96244602e-04
1.14580000e+04 2.78842120e-04 2.44615603e-04 3.50390362e-02 2.24988321e-04
1.14585000e+04 2.80379190e-04 1.67582549e-04 3.50417428e-02 1.54142480e-04
1.14590000e+04 2.81931700e-04 9.10088910e-05 3.50444494e-02 8.37134242e-05
1.14595000e+04 2.83499890e-04 1.49017705e-05 3.50471560e-02 1.37077725e-05
1.14600000e+04 2.85083980e-04 -6.07322670e-05 3.50498626e-02 -5.58684012e-05
1.14605000e+04 2.86684220e-04 -1.35885783e-04 3.50525692e-02 -1.25008201e-04
1.14610000e+04 2.88300860e-04 -2.10551339e-04 3.50552757e-02 -1.93704731e-04
1.14615000e+04 2.89934140e-04 -2.84721795e-04 3.50579823e-02 -2.61951367e-04
1.14620000e+04 2.91584320e-04 -3.58389414e-04 3.50606889e-02 -3.29740936e-04
1.14625000e+04 2.93251660e-04 -4.31546460e-04 3.50633955e-02 -3.97066263e-04
1.14630000e+04 2.94936430e-04 -5.04184900e-04 3.50661021e-02 -4.63919901e-04
1.14635000e+04 2.96638900e-04 -5.76296701e-04 3.50688087e-02 -5.30294400e-04
1.14640000e+04 2.98359340e-04 -6.47873829e-04 3.50715153e-02 -5.96182307e-04
1.14645000e+04 3.00098040e-04 -7.18907655e-04 3.50742218e-02 -6.61575624e-04
1.14650000e+04 3.01855290e-04 -7.89389551e-04 3.50769284e-02 -7.26466348e-04
1.14655000e+04 3.03631380e-04 -8.59310888e-04 3.50796350e-02 -7.90846477e-04
1.14660000e+04 3.05426620e-04 -9.28662442e-04 3.50823416e-02 -8.54707459e-04
1.14665000e+04 3.07241310e-04 -9.97435289e-04 3.50850482e-02 -9.18041016e-04
1.14670000e+04 3.09075760e-04 -1.06562020e-03 3.50877548e-02 -9.80838592e-04
1.14675000e+04 3.10930300e-04 -1.13320737e-03 3.50904614e-02 -1.04309108e-03
1.14680000e+04 3.12805260e-04 -1.20018696e-03 3.50931680e-02 -1.10478939e-03
1.14685000e+04 3.14700970e-04 -1.26654917e-03 3.50958745e-02 -1.16592439e-03
1.14690000e+04 3.16617770e-04 -1.33228387e-03 3.50985811e-02 -1.22648672e-03
1.14695000e+04 3.18556020e-04 -1.39738035e-03 3.51012877e-02 -1.28646644e-03
1.14700000e+04 3.20516070e-04 -1.46182821e-03 3.51039943e-02 -1.34585390e-03
1.14705000e+04 3.22498290e-04 -1.52561643e-03 3.51067009e-02 -1.40463887e-03
1.14710000e+04 3.24503050e-04 -1.58873400e-03 3.51094075e-02 -1.46281116e-03
1.14715000e+04 3.26530740e-04 -1.65116932e-03 3.51121141e-02 -1.52036001e-03
1.14720000e+04 3.28581740e-04 -1.71291108e-03 3.51148206e-02 -1.57727492e-03
1.14725000e+04 3.30656460e-04 -1.77394708e-03 3.51175272e-02 -1.63354458e-03
1.14730000e+04 3.32755310e-04 -1.83426513e-03 3.51202338e-02 -1.68915769e-03
1.14735000e+04 3.34878710e-04 -1.89385273e-03 3.51229404e-02 -1.74410265e-03
1.14740000e+04 3.37027070e-04 -1.95269768e-03 3.51256470e-02 -1.79836814e-03
1.14745000e+04 3.39200860e-04 -2.01078599e-03 3.51283536e-02 -1.85194121e-03
1.14750000e+04 3.41400500e-04 -2.06810517e-03 3.51310602e-02 -1.90481026e-03
1.14755000e+04 3.43626470e-04 -2.12464094e-03 3.51337667e-02 -1.95696204e-03
1.14760000e+04 3.45879230e-04 -2.18037960e-03 3.51364733e-02 -2.00838387e-03
1.14765000e+04 3.48159270e-04 -2.23530659e-03 3.51391799e-02 -2.05906222e-03
1.14770000e+04 3.50467080e-04 -2.28940731e-03 3.51418865e-02 -2.10898357e-03
1.14775000e+04 3.52803160e-04 -2.34266691e-03 3.51445931e-02 -2.15813412e-03
1.14780000e+04 3.55168030e-04 -2.39506989e-03 3.51472997e-02 -2.20649953e-03
1.14785000e+04 3.57562220e-04 -2.44660050e-03 3.51500063e-02 -2.25406517e-03
1.14790000e+04 3.59986280e-04 -2.49724236e-03 3.51527128e-02 -2.30081587e-03
1.14795000e+04 3.62440760e-04 -2.54697912e-03 3.51554194e-02 -2.34673645e-03
1.14800000e+04 3.64926230e-04 -2.59579382e-03 3.51581260e-02 -2.39181117e-03
1.14805000e+04 3.67443290e-04 -2.64366860e-03 3.51608326e-02 -2.43602349e-03
1.14810000e+04 3.69992520e-04 -2.69058620e-03 3.51635392e-02 -2.47935739e-03
1.14815000e+04 3.72574550e-04 -2.73652788e-03 3.51662458e-02 -2.52179550e-03
1.14820000e+04 3.75190000e-04 -2.78147520e-03 3.51689524e-02 -2.56332070e-03
1.14825000e+04 3.77839520e-04 -2.82540880e-03 3.51716589e-02 -2.60391507e-03
1.14830000e+04 3.80523780e-04 -2.86830877e-03 3.51743655e-02 -2.64356010e-03
1.14835000e+04 3.83243450e-04 -2.91015516e-03 3.51770721e-02 -2.68223732e-03
1.14840000e+04 3.85999240e-04 -2.95092685e-03 3.51797787e-02 -2.71992712e-03
1.14845000e+04 3.88791870e-04 -2.99060241e-03 3.51824853e-02 -2.75660965e-03
1.14850000e+04 3.91622060e-04 -3.02916043e-03 3.51851919e-02 -2.79226504e-03
1.14855000e+04 3.94490590e-04 -3.06657769e-03 3.51878985e-02 -2.82687175e-03
1.14860000e+04 3.97398210e-04 -3.10283188e-03 3.51906051e-02 -2.86040910e-03
1.14865000e+04 4.00345740e-04 -3.13789861e-03 3.51933116e-02 -2.89285446e-03
1.14870000e+04 4.03333980e-04 -3.17175406e-03 3.51960182e-02 -2.92418574e-03
1.14875000e+04 4.06363800e-04 -3.20437236e-03 3.51987248e-02 -2.95437895e-03
1.14880000e+04 4.09436030e-04 -3.23572880e-03 3.52014314e-02 -2.98341118e-03
1.14885000e+04 4.12551590e-04 -3.26579602e-03 3.52041380e-02 -3.01125705e-03
1.14890000e+04 4.15711380e-04 -3.29454724e-03 3.52068446e-02 -3.03789171e-03
1.14895000e+04 4.18916340e-04 -3.32195448e-03 3.52095512e-02 -3.06328922e-03
1.14900000e+04 4.22167440e-04 -3.34798889e-03 3.52122577e-02 -3.08742283e-03
1.14905000e+04 4.25465670e-04 -3.37262101e-03 3.52149643e-02 -3.11026521e-03
1.14910000e+04 4.28812060e-04 -3.39582019e-03 3.52176709e-02 -3.13178793e-03
1.14915000e+04 4.32207670e-04 -3.41755490e-03 3.52203775e-02 -3.15196176e-03
1.14920000e+04 4.35653560e-04 -3.43779360e-03 3.52230841e-02 -3.17075743e-03
1.14925000e+04 4.39150870e-04 -3.45650236e-03 3.52257907e-02 -3.18814348e-03
1.14930000e+04 4.42700740e-04 -3.47364727e-03 3.52284973e-02 -3.20408847e-03
1.14935000e+04 4.46304350e-04 -3.48919322e-03 3.52312038e-02 -3.21855982e-03
1.14940000e+04 4.49962920e-04 -3.50310391e-03 3.52339104e-02 -3.23152387e-03
1.14945000e+04 4.53677710e-04 -3.51534185e-03 3.52366170e-02 -3.24294585e-03
1.14950000e+04 4.57450010e-04 -3.52586866e-03 3.52393236e-02 -3.25279016e-03
1.14955000e+04 4.61281150e-04 -3.53464476e-03 3.52420302e-02 -3.26102010e-03
1.14960000e+04 4.65172520e-04 -3.54162880e-03 3.52447368e-02 -3.26759731e-03
1.14965000e+04 4.69125540e-04 -3.54677853e-03 3.52474434e-02 -3.27248260e-03
1.14970000e+04 4.73141650e-04 -3.55005110e-03 3.52501499e-02 -3.27563624e-03
1.14975000e+04 4.77222380e-04 -3.55140099e-03 3.52528565e-02 -3.27701601e-03
1.14980000e+04 4.81369290e-04 -3.55078179e-03 3.52555631e-02 -3.27657885e-03
1.14985000e+04 4.85583970e-04 -3.54814618e-03 3.52582697e-02 -3.27428089e-03
1.14990000e+04 4.89868100e-04 -3.54344418e-03 3.52609763e-02 -3.27007576e-03
1.14995000e+04 4.94223390e-04 -3.53662490e-03 3.52636829e-02 -3.26391629e-03
1.15000000e+04 4.98651610e-04 -3.52763570e-03 3.52663895e-02 -3.25575362e-03
1.15005000e+04 5.03154590e-04 -3.51642211e-03 3.52690961e-02 -3.24553725e-03
1.15010000e+04 5.07734220e-04 -3.50292791e-03 3.52718026e-02 -3.23321502e-03
1.15015000e+04 5.12392470e-04 -3.48709447e-03 3.52745092e-02 -3.21873258e-03
1.15020000e+04 5.17131350e-04 -3.46886200e-03 3.52772158e-02 -3.20203445e-03
1.15025000e+04 5.21952960e-04 -3.44816801e-03 3.52799224e-02 -3.18306268e-03
1.15030000e+04 5.26859470e-04 -3.42494793e-03 3.52826290e-02 -3.16175739e-03
1.15035000e+04 5.31853110e-04 -3.39913542e-03 3.52853356e-02 -3.13805704e-03
1.15040000e+04 5.36936220e-04 -3.37066085e-03 3.52880422e-02 -3.11189705e-03
1.15045000e+04 5.42111180e-04 -3.33945340e-03 3.52907487e-02 -3.08321173e-03
1.15050000e+04 5.47380510e-04 -3.30543811e-03 3.52934553e-02 -3.05193157e-03
1.15055000e+04 5.52746770e-04 -3.26853879e-03 3.52961619e-02 -3.01798589e-03
1.15060000e+04 5.58212640e-04 -3.22867571e-03 3.52988685e-02 -2.98130075e-03
1.15065000e+04 5.63780900e-04 -3.18576616e-03 3.53015751e-02 -2.94179942e-03
1.15070000e+04 5.69454420e-04 -3.13972474e-03 3.53042817e-02 -2.89940271e-03
1.15075000e+04 5.75236190e-04 -3.09046248e-03 3.53069883e-02 -2.85402810e-03
1.15080000e+04 5.81129320e-04 -3.03788686e-03 3.53096948e-02 -2.80558976e-03
1.15085000e+04 5.87137010e-04 -2.98190266e-03 3.53124014e-02 -2.75399939e-03
1.15090000e+04 5.93262620e-04 -2.92240991e-03 3.53151080e-02 -2.69916425e-03
1.15095000e+04 5.99509610e-04 -2.85930567e-03 3.53178146e-02 -2.64098888e-03
1.15100000e+04 6.05881600e-04 -2.79248221e-03 3.53205212e-02 -2.57937335e-03
1.15105000e+04 6.12382340e-04 -2.72182798e-03 3.53232278e-02 -2.51421420e-03
1.15110000e+04 6.19015740e-04 -2.64722663e-03 3.53259344e-02 -2.44540351e-03
1.15115000e+04 6.25785860e-04 -2.56855735e-03 3.53286409e-02 -2.37282924e-03
1.15120000e+04 6.32696930e-04 -2.48569430e-03 3.53313475e-02 -2.29637465e-03
1.15125000e+04 6.39753360e-04 -2.39850627e-03 3.53340541e-02 -2.21591804e-03
1.15130000e+04 6.46959740e-04 -2.30685667e-03 3.53367607e-02 -2.13133275e-03
1.15135000e+04 6.54320850e-04 -2.21060329e-03 3.53394673e-02 -2.04248686e-03
1.15140000e+04 6.61841680e-04 -2.10959765e-03 3.53421739e-02 -1.94924265e-03
1.15145000e+04 6.69527440e-04 -2.00368475e-03 3.53448805e-02 -1.85145635e-03
1.15150000e+04 6.77383550e-04 -1.89270331e-03 3.53475870e-02 -1.74897838e-03
1.15155000e+04 6.85415690e-04 -1.77648434e-03 3.53502936e-02 -1.64165199e-03
1.15160000e+04 6.93629780e-04 -1.65485170e-03 3.53530002e-02 -1.52931380e-03
1.15165000e+04 7.02032010e-04 -1.52762120e-03 3.53557068e-02 -1.41179299e-03
1.15170000e+04 7.10628850e-04 -1.39460034e-03 3.53584134e-02 -1.28891099e-03
1.15175000e+04 7.19427080e-04 -1.25558740e-03 3.53611200e-02 -1.16048071e-03
1.15180000e+04 7.28433770e-04 -1.11037201e-03 3.53638266e-02 -1.02630702e-03
1.15185000e+04 7.37656340e-04 -9.58733403e-04 3.53665332e-02 -8.86185162e-04
1.15190000e+04 7.47102570e-04 -8.00440096e-04 3.53692397e-02 -7.39900414e-04
1.15195000e+04 7.56780600e-04 -6.35249894e-04 3.53719463e-02 -5.87228137e-04
1.15200000e+04 7.66698980e-04 -4.62908402e-04 3.53746529e-02 -4.27932371e-04
1.15205000e+04 7.76866670e-04 -2.83149029e-04 3.53773595e-02 -2.61765842e-04
1.15210000e+04 7.87293090e-04 -9.56914941e-05 3.53800661e-02 -8.84685799e-05
1.15215000e+04 7.97988120e-04 9.97581680e-05 3.53827727e-02 9.22320813e-05
1.15220000e+04 8.08962150e-04 3.03509098e-04 3.53854793e-02 2.80622883e-04
1.15225000e+04 8.20226130e-04 5.15887098e-04 3.53881858e-02 4.77006019e-04
1.15230000e+04 8.31791550e-04 7.37234038e-04 3.53908924e-02 6.81698591e-04
1.15235000e+04 8.43670540e-04 9.67910829e-04 3.53935990e-02 8.95035359e-04
1.15240000e+04 8.55875860e-04 1.20829713e-03 3.53963056e-02 1.11736847e-03
1.15245000e+04 8.68420970e-04 1.45879342e-03 3.53990122e-02 1.34906941e-03
1.15250000e+04 8.81320090e-04 1.71982280e-03 3.54017188e-02 1.59053060e-03
1.15255000e+04 8.94588220e-04 1.99183157e-03 3.54044254e-02 1.84216602e-03
1.15260000e+04 9.08241210e-04 2.27529133e-03 3.54071319e-02 2.10441311e-03
1.15265000e+04 9.22295830e-04 2.57070105e-03 3.54098385e-02 2.37773468e-03
1.15270000e+04 9.36769830e-04 2.87858886e-03 3.54125451e-02 2.66262060e-03
1.15275000e+04 9.51681990e-04 3.19951352e-03 3.54152517e-02 2.95958917e-03
1.15280000e+04 9.67052240e-04 3.53406803e-03 3.54179583e-02 3.26919043e-03
1.15285000e+04 9.82901700e-04 3.88288079e-03 3.54206649e-02 3.59200724e-03
1.15290000e+04 9.99252820e-04 4.24661976e-03 3.54233715e-02 3.92865920e-03
1.15295000e+04 1.01612940e-03 4.62599308e-03 3.54260780e-02 4.27980316e-03
1.15300000e+04 1.03355690e-03 5.02175829e-03 3.54287846e-02 4.64614176e-03
1.15305000e+04 1.05156220e-03 5.43471515e-03 3.54314912e-02 5.02841686e-03
1.15310000e+04 1.07017410e-03 5.86572057e-03 3.54341978e-02 5.42742331e-03
1.15315000e+04 1.08942330e-03 6.31568799e-03 3.54369044e-02 5.84400838e-03
1.15320000e+04 1.10934260e-03 6.78559334e-03 3.54396110e-02 6.27907731e-03
1.15325000e+04 1.12996690e-03 7.27647500e-03 3.54423176e-02 6.73359331e-03
1.15330000e+04 1.15133370e-03 7.78944875e-03 3.54450242e-02 7.20859133e-03
1.15335000e+04 1.17348310e-03 8.32570770e-03 3.54477307e-02 7.70517810e-03
1.15340000e+04 1.19645810e-03 8.88653127e-03 3.54504373e-02 8.22454037e-03
1.15345000e+04 1.22030500e-03 9.47329704e-03 3.54531439e-02 8.76795598e-03
1.15350000e+04 1.24507330e-03 1.00874778e-02 3.54558505e-02 9.33679109e-03
1.15355000e+04 1.27081650e-03 1.07306654e-02 3.54585571e-02 9.93252226e-03
1.15360000e+04 1.29759210e-03 1.14045707e-02 3.54612637e-02 1.05567364e-02
1.15365000e+04 1.32546210e-03 1.21110384e-02 3.54639703e-02 1.12111448e-02
1.15370000e+04 1.35449380e-03 1.28520709e-02 3.54666768e-02 1.18976048e-02
1.15375000e+04 1.38475960e-03 1.36298223e-02 3.54693834e-02 1.26181147e-02
1.15380000e+04 1.41633820e-03 1.44466344e-02 3.54720900e-02 1.33748464e-02
1.15385000e+04 1.44931500e-03 1.53050480e-02 3.54747966e-02 1.41701571e-02
1.15390000e+04 1.48378280e-03 1.62078243e-02 3.54775032e-02 1.50066080e-02
1.15395000e+04 1.51984240e-03 1.71579624e-02 3.54802098e-02 1.58869812e-02
1.15400000e+04 1.55760420e-03 1.81587472e-02 3.54829164e-02 1.68143236e-02
1.15405000e+04 1.59718830e-03 1.92137521e-02 3.54856229e-02 1.77919502e-02
1.15410000e+04 1.63872650e-03 2.03268986e-02 3.54883295e-02 1.88234984e-02
1.15415000e+04 1.68236320e-03 2.15024831e-02 3.54910361e-02 1.99129540e-02
1.15420000e+04 1.72825700e-03 2.27452245e-02 3.54937427e-02 2.10646941e-02
1.15425000e+04 1.77658280e-03 2.40603269e-02 3.54964493e-02 2.22835462e-02
1.15430000e+04 1.82753310e-03 2.54535177e-02 3.54991559e-02 2.35748234e-02
1.15435000e+04 1.88132130e-03 2.69311463e-02 3.55018625e-02 2.49444155e-02
1.15440000e+04 1.93818350e-03 2.85002377e-02 3.55045690e-02 2.63988392e-02
1.15445000e+04 1.99838240e-03 3.01686081e-02 3.55072756e-02 2.79453452e-02
1.15450000e+04 2.06221040e-03 3.19449574e-02 3.55099822e-02 2.95920040e-02
1.15455000e+04 2.12999440e-03 3.38390122e-02 3.55126888e-02 3.13478384e-02
1.15460000e+04 2.20210040e-03 3.58616622e-02 3.55153954e-02 3.32229503e-02
1.15465000e+04 2.27893950e-03 3.80251392e-02 3.55181020e-02 3.52286868e-02
1.15470000e+04 2.36097520e-03 4.03432341e-02 3.55208086e-02 3.73778410e-02
1.15475000e+04 2.44873140e-03 4.28315346e-02 3.55235151e-02 3.96848734e-02
1.15480000e+04 2.54280260e-03 4.55077295e-02 3.55262217e-02 4.21661931e-02
1.15485000e+04 2.64386560e-03 4.83919559e-02 3.55289283e-02 4.48404812e-02
1.15490000e+04 2.75269380e-03 5.15072253e-02 3.55316349e-02 4.77290849e-02
1.15495000e+04 2.87017460e-03 5.48799412e-02 3.55343415e-02 5.08564983e-02
1.15500000e+04 2.99733060e-03 5.85405295e-02 3.55370481e-02 5.42509476e-02
1.15505000e+04 3.13534520e-03 6.25242008e-02 3.55397547e-02 5.79450973e-02
1.15510000e+04 3.28559450e-03 6.68718991e-02 3.55424613e-02 6.19769316e-02
1.15515000e+04 3.44968640e-03 7.16314652e-02 3.55451678e-02 6.63908327e-02
1.15520000e+04 3.62950950e-03 7.68590919e-02 3.55478744e-02 7.12389317e-02
1.15525000e+04 3.82729480e-03 8.26211595e-02 3.55505810e-02 7.65828111e-02
1.15530000e+04 4.04569240e-03 8.89965183e-02 3.55532876e-02 8.24956225e-02
1.15535000e+04 4.28787080e-03 9.60794426e-02 3.55559942e-02 8.90648278e-02
1.15540000e+04 4.55764210e-03 1.03983356e-01 3.55587008e-02 9.63956553e-02
1.15541000e+04 4.61529770e-03 1.05674267e-01 3.55592421e-02 9.79639863e-02
1.15542000e+04 4.67427980e-03 1.07404647e-01 3.55597834e-02 9.95689319e-02
1.15543000e+04 4.73463160e-03 1.09175780e-01 3.55603247e-02 1.01211685e-01
1.15544000e+04 4.79639790e-03 1.10988999e-01 3.55608660e-02 1.02893481e-01
1.15545000e+04 4.85962540e-03 1.12845695e-01 3.55614074e-02 1.04615611e-01
1.15546000e+04 4.92436270e-03 1.14747312e-01 3.55619487e-02 1.06379415e-01
1.15547000e+04 4.99066050e-03 1.16695360e-01 3.55624900e-02 1.08186293e-01
1.15548000e+04 5.05857180e-03 1.18691416e-01 3.55630313e-02 1.10037708e-01
1.15549000e+04 5.12815150e-03 1.20737112e-01 3.55635726e-02 1.11935175e-01
1.15550000e+04 5.19945720e-03 1.22834164e-01 3.55641139e-02 1.13880285e-01
1.15551000e+04 5.27254880e-03 1.24984352e-01 3.55646553e-02 1.15874691e-01
1.15552000e+04 5.34748900e-03 1.27189543e-01 3.55651966e-02 1.17920125e-01
1.15553000e+04 5.42434300e-03 1.29451677e-01 3.55657379e-02 1.20018384e-01
1.15554000e+04 5.50317930e-03 1.31772791e-01 3.55662792e-02 1.22171362e-01
1.15555000e+04 5.58406900e-03 1.34155001e-01 3.55668205e-02 1.24381020e-01
1.15556000e+04 5.66708680e-03 1.36600530e-01 3.55673618e-02 1.26649420e-01
1.15557000e+04 5.75231050e-03 1.39111693e-01 3.55679032e-02 1.28978711e-01
1.15558000e+04 5.83982180e-03 1.41690920e-01 3.55684445e-02 1.31371147e-01
1.15559000e+04 5.92970580e-03 1.44340744e-01 3.55689858e-02 1.33829077e-01
1.15560000e+04 6.02205170e-03 1.47063818e-01 3.55695271e-02 1.36354965e-01
1.15561000e+04 6.11695310e-03 1.49862927e-01 3.55700684e-02 1.38951393e-01
1.15562000e+04 6.21450760e-03 1.52740976e-01 3.55706097e-02 1.41621057e-01
1.15563000e+04 6.31481780e-03 1.55701017e-01 3.55711511e-02 1.44366788e-01
1.15564000e+04 6.41799110e-03 1.58746246e-01 3.55716924e-02 1.47191552e-01
1.15565000e+04 6.52413990e-03 1.61880007e-01 3.55722337e-02 1.50098450e-01
1.15566000e+04 6.63338230e-03 1.65105813e-01 3.55727750e-02 1.53090744e-01
1.15567000e+04 6.74584210e-03 1.68427349e-01 3.55733163e-02 1.56171851e-01
1.15568000e+04 6.86164920e-03 1.71848480e-01 3.55738577e-02 1.59345357e-01
1.15569000e+04 6.98093980e-03 1.75373257e-01 3.55743990e-02 1.62615022e-01
1.15570000e+04 7.10385700e-03 1.79005939e-01 3.55749403e-02 1.65984796e-01
1.15571000e+04 7.23055130e-03 1.82751003e-01 3.55754816e-02 1.69458834e-01
1.15572000e+04 7.36118040e-03 1.86613142e-01 3.55760229e-02 1.73041490e-01
1.15573000e+04 7.49591020e-03 1.90597292e-01 3.55765642e-02 1.76737342e-01
1.15574000e+04 7.63491510e-03 1.94708641e-01 3.55771056e-02 1.80551207e-01
1.15575000e+04 7.77837850e-03 1.98952647e-01 3.55776469e-02 1.84488147e-01
1.15576000e+04 7.92649320e-03 2.03335047e-01 3.55781882e-02 1.88553484e-01
1.15577000e+04 8.07946190e-03 2.07861870e-01 3.55787295e-02 1.92752814e-01
1.15578000e+04 8.23749810e-03 2.12539470e-01 3.55792708e-02 1.97092031e-01
1.15579000e+04 8.40082630e-03 2.17374527e-01 3.55798121e-02 2.01577334e-01
1.15580000e+04 8.56968280e-03 2.22374070e-01 3.55803535e-02 2.06215245e-01
1.15581000e+04 8.74431640e-03 2.27545504e-01 3.55808948e-02 2.11012633e-01
1.15582000e+04 8.92498920e-03 2.32896625e-01 3.55814361e-02 2.15976734e-01
1.15583000e+04 9.11197680e-03 2.38435635e-01 3.55819774e-02 2.21115156e-01
1.15584000e+04 9.30556980e-03 2.44171180e-01 3.55825187e-02 2.26435923e-01
1.15585000e+04 9.50607390e-03 2.50112355e-01 3.55830600e-02 2.31947473e-01
1.15586000e+04 9.71381140e-03 2.56268750e-01 3.55836014e-02 2.37658705e-01
1.15587000e+04 9.92912130e-03 2.62650451e-01 3.55841427e-02 2.43578977e-01
1.15588000e+04 1.01523610e-02 2.69268094e-01 3.55846840e-02 2.49718158e-01
1.15589000e+04 1.03839060e-02 2.76132849e-01 3.55852253e-02 2.56086613e-01
1.15590000e+04 1.06241510e-02 2.83256460e-01 3.55857666e-02 2.62695239e-01
1.15591000e+04 1.08735150e-02 2.90651396e-01 3.55863079e-02 2.69555605e-01
1.15592000e+04 1.11324330e-02 2.98330597e-01 3.55868493e-02 2.76679720e-01
1.15593000e+04 1.14013660e-02 3.06307782e-01 3.55873906e-02 2.84080312e-01
1.15594000e+04 1.16807980e-02 3.14597350e-01 3.55879319e-02 2.91770743e-01
1.15595000e+04 1.19712360e-02 3.23214387e-01 3.55884732e-02 2.99765012e-01
1.15596000e+04 1.22732130e-02 3.32174751e-01 3.55890145e-02 3.08077833e-01
1.15597000e+04 1.25872850e-02 3.41494985e-01 3.55895559e-02 3.16724559e-01
1.15598000e+04 1.29140360e-02 3.51192466e-01 3.55900972e-02 3.25721312e-01
1.15599000e+04 1.32540760e-02 3.61285343e-01 3.55906385e-02 3.35084936e-01
1.15600000e+04 1.36080410e-02 3.71792540e-01 3.55911798e-02 3.44832990e-01
1.15601000e+04 1.39765930e-02 3.82733753e-01 3.55917211e-02 3.54983753e-01
1.15602000e+04 1.43604200e-02 3.94129453e-01 3.55922624e-02 3.65556221e-01
1.15603000e+04 1.47602330e-02 4.06000795e-01 3.55928038e-02 3.76570027e-01
1.15604000e+04 1.51767670e-02 4.18369647e-01 3.55933451e-02 3.88045463e-01
1.15605000e+04 1.56107790e-02 4.31258534e-01 3.55938864e-02 4.00003434e-01
1.15606000e+04 1.60630420e-02 4.44690455e-01 3.55944277e-02 4.12465284e-01
1.15607000e+04 1.65343460e-02 4.58688915e-01 3.55949690e-02 4.25452828e-01
1.15608000e+04 1.70254870e-02 4.73277598e-01 3.55955103e-02 4.38988046e-01
1.15609000e+04 1.75372660e-02 4.88480337e-01 3.55960517e-02 4.53093059e-01
1.15610000e+04 1.80704810e-02 5.04320875e-01 3.55965930e-02 4.67789903e-01
1.15611000e+04 1.86259130e-02 5.20822449e-01 3.55971343e-02 4.83100148e-01
1.15612000e+04 1.92043220e-02 5.38007674e-01 3.55976756e-02 4.99044785e-01
1.15613000e+04 1.98064290e-02 5.55898000e-01 3.55982169e-02 5.15643728e-01
1.15614000e+04 2.04328990e-02 5.74513214e-01 3.55987582e-02 5.32915347e-01
1.15615000e+04 2.10843290e-02 5.93871080e-01 3.55992996e-02 5.50876134e-01
1.15616000e+04 2.17612210e-02 6.13986533e-01 3.55998409e-02 5.69539963e-01
1.15617000e+04 2.24639590e-02 6.34870998e-01 3.56003822e-02 5.88917449e-01
1.15618000e+04 2.31927840e-02 6.56531647e-01 3.56009235e-02 6.09015262e-01
1.15619000e+04 2.39477600e-02 6.78970384e-01 3.56014648e-02 6.29835185e-01
1.15620000e+04 2.47287430e-02 7.02182924e-01 3.56020061e-02 6.51373262e-01
1.15621000e+04 2.55353440e-02 7.26157693e-01 3.56025475e-02 6.73618774e-01
1.15622000e+04 2.63668890e-02 7.50874636e-01 3.56030888e-02 6.96553136e-01
1.15623000e+04 2.72223820e-02 7.76304120e-01 3.56036301e-02 7.20148872e-01
1.15624000e+04 2.81004600e-02 8.02405591e-01 3.56041714e-02 7.44368380e-01
1.15625000e+04 2.89993600e-02 8.29126591e-01 3.56047127e-02 7.69163011e-01
1.15626000e+04 2.99168800e-02 8.56401605e-01 3.56052541e-02 7.94472001e-01
1.15627000e+04 3.08503500e-02 8.84151189e-01 3.56057954e-02 8.20221665e-01
1.15628000e+04 3.17966090e-02 9.12281293e-01 3.56063367e-02 8.46324761e-01
1.15629000e+04 3.27519980e-02 9.40683047e-01 3.56068780e-02 8.72680299e-01
1.15630000e+04 3.37123600e-02 9.69232767e-01 3.56074193e-02 8.99173542e-01
1.15631000e+04 3.46730650e-02 9.97792692e-01 3.56079606e-02 9.25676689e-01
1.15632000e+04 3.56290480e-02 1.02621212e+00 3.56085020e-02 9.52049929e-01
1.15633000e+04 3.65748700e-02 1.05432922e+00 3.56090433e-02 9.78143122e-01
1.15634000e+04 3.75048070e-02 1.08197369e+00 3.56095846e-02 1.00379826e+00
1.15635000e+04 3.84129460e-02 1.10896958e+00 3.56101259e-02 1.02885210e+00
1.15636000e+04 3.92933170e-02 1.13513928e+00 3.56106672e-02 1.05313984e+00
1.15637000e+04 4.01400220e-02 1.16030728e+00 3.56112085e-02 1.07649865e+00
1.15638000e+04 4.09473870e-02 1.18430479e+00 3.56117499e-02 1.09877187e+00
1.15639000e+04 4.17101020e-02 1.20697379e+00 3.56122912e-02 1.11981289e+00
1.15640000e+04 4.24233660e-02 1.22817144e+00 3.56128325e-02 1.13948915e+00
1.15641000e+04 4.30823580e-02 1.24775430e+00 3.56133738e-02 1.15766754e+00
1.15642000e+04 4.36829020e-02 1.26559812e+00 3.56139151e-02 1.17423272e+00
1.15643000e+04 4.42222700e-02 1.28162173e+00 3.56144564e-02 1.18910936e+00
1.15644000e+04 4.46986410e-02 1.29577096e+00 3.56149978e-02 1.20224714e+00
1.15645000e+04 4.51111130e-02 1.30801895e+00 3.56155391e-02 1.21362112e+00
1.15646000e+04 4.54596700e-02 1.31836524e+00 3.56160804e-02 1.22323080e+00
1.15647000e+04 4.57451330e-02 1.32683425e+00 3.56166217e-02 1.23109883e+00
1.15648000e+04 4.59690690e-02 1.33347261e+00 3.56171630e-02 1.23726840e+00
1.15649000e+04 4.61336960e-02 1.33834631e+00 3.56177043e-02 1.24180071e+00
1.15650000e+04 4.62417700e-02 1.34153735e+00 3.56182457e-02 1.24477181e+00
1.15651000e+04 4.62964720e-02 1.34314038e+00 3.56187870e-02 1.24626948e+00
1.15652000e+04 4.63012920e-02 1.34325924e+00 3.56193283e-02 1.24639004e+00
1.15653000e+04 4.62599340e-02 1.34200414e+00 3.56198696e-02 1.24523570e+00
1.15654000e+04 4.61762150e-02 1.33948864e+00 3.56204109e-02 1.24291183e+00
1.15655000e+04 4.60539930e-02 1.33582754e+00 3.56209523e-02 1.23952490e+00
1.15656000e+04 4.58970980e-02 1.33113478e+00 3.56214936e-02 1.23518063e+00
1.15657000e+04 4.57092850e-02 1.32552211e+00 3.56220349e-02 1.22998268e+00
1.15658000e+04 4.54941900e-02 1.31909769e+00 3.56225762e-02 1.22403140e+00
1.15659000e+04 4.52553060e-02 1.31196547e+00 3.56231175e-02 1.21742322e+00
1.15660000e+04 4.49959630e-02 1.30422452e+00 3.56236588e-02 1.21025006e+00
1.15661000e+04 4.47193150e-02 1.29596868e+00 3.56242002e-02 1.20259899e+00
1.15662000e+04 4.44283320e-02 1.28728632e+00 3.56247415e-02 1.19455200e+00
1.15663000e+04 4.41258030e-02 1.27826042e+00 3.56252828e-02 1.18618609e+00
1.15664000e+04 4.38143290e-02 1.26896838e+00 3.56258241e-02 1.17757307e+00
1.15665000e+04 4.34963290e-02 1.25948217e+00 3.56263654e-02 1.16877971e+00
1.15666000e+04 4.31740430e-02 1.24986843e+00 3.56269067e-02 1.15986787e+00
1.15667000e+04 4.28495320e-02 1.24018849e+00 3.56274481e-02 1.15089445e+00
1.15668000e+04 4.25246900e-02 1.23049870e+00 3.56279894e-02 1.14191174e+00
1.15669000e+04 4.22012380e-02 1.22085027e+00 3.56285307e-02 1.13296726e+00
1.15670000e+04 4.18807400e-02 1.21128974e+00 3.56290720e-02 1.12410420e+00
1.15671000e+04 4.15645970e-02 1.20185878e+00 3.56296133e-02 1.11536124e+00
1.15672000e+04 4.12540610e-02 1.19259464e+00 3.56301546e-02 1.10677296e+00
1.15673000e+04 4.09502350e-02 1.18353016e+00 3.56306960e-02 1.09836983e+00
1.15674000e+04 4.06540810e-02 1.17469394e+00 3.56312373e-02 1.09017840e+00
1.15675000e+04 4.03664240e-02 1.16611054e+00 3.56317786e-02 1.08222147e+00
1.15676000e+04 4.00879580e-02 1.15780061e+00 3.56323199e-02 1.07451820e+00
1.15677000e+04 3.98192530e-02 1.14978111e+00 3.56328612e-02 1.06708434e+00
1.15678000e+04 3.95607620e-02 1.14206550e+00 3.56334025e-02 1.05993241e+00
1.15679000e+04 3.93128230e-02 1.13466386e+00 3.56339439e-02 1.05307174e+00
1.15680000e+04 3.90756690e-02 1.12758311e+00 3.56344852e-02 1.04650878e+00
1.15681000e+04 3.88494310e-02 1.12082715e+00 3.56350265e-02 1.04024715e+00
1.15682000e+04 3.86341460e-02 1.11439708e+00 3.56355678e-02 1.03428788e+00
1.15683000e+04 3.84297600e-02 1.10829130e+00 3.56361091e-02 1.02862950e+00
1.15684000e+04 3.82361360e-02 1.10250573e+00 3.56366505e-02 1.02326821e+00
1.15685000e+04 3.80530580e-02 1.09703393e+00 3.56371918e-02 1.01819807e+00
1.15686000e+04 3.78802360e-02 1.09186730e+00 3.56377331e-02 1.01341107e+00
1.15687000e+04 3.77173130e-02 1.08699519e+00 3.56382744e-02 1.00889736e+00
1.15688000e+04 3.75638670e-02 1.08240506e+00 3.56388157e-02 1.00464530e+00
1.15689000e+04 3.74194230e-02 1.07808277e+00 3.56393570e-02 1.00064176e+00
1.15690000e+04 3.72834500e-02 1.07401252e+00 3.56398984e-02 9.96872107e-01
1.15691000e+04 3.71553780e-02 1.07017736e+00 3.56404397e-02 9.93320588e-01
1.15692000e+04 3.70345950e-02 1.06655907e+00 3.56409810e-02 9.89970312e-01
1.15693000e+04 3.69204620e-02 1.06313865e+00 3.56415223e-02 9.86803635e-01
1.15694000e+04 3.68123180e-02 1.05989641e+00 3.56420636e-02 9.83802308e-01
1.15695000e+04 3.67094910e-02 1.05681238e+00 3.56426049e-02 9.80947774e-01
1.15696000e+04 3.66113050e-02 1.05386644e+00 3.56431463e-02 9.78221369e-01
1.15697000e+04 3.65170920e-02 1.05103870e+00 3.56436876e-02 9.75604646e-01
1.15698000e+04 3.64262050e-02 1.04830993e+00 3.56442289e-02 9.73079738e-01
1.15699000e+04 3.63380240e-02 1.04566167e+00 3.56447702e-02 9.70629525e-01
1.15700000e+04 3.62519700e-02 1.04307670e+00 3.56453115e-02 9.68238017e-01
1.15701000e+04 3.61675150e-02 1.04053930e+00 3.56458528e-02 9.65890632e-01
1.15702000e+04 3.60841900e-02 1.03803552e+00 3.56463942e-02 9.63574419e-01
1.15703000e+04 3.60015960e-02 1.03555350e+00 3.56469355e-02 9.61278357e-01
1.15704000e+04 3.59194100e-02 1.03308361e+00 3.56474768e-02 9.58993526e-01
1.15705000e+04 3.58373900e-02 1.03061866e+00 3.56480181e-02 9.56713243e-01
1.15706000e+04 3.57553780e-02 1.02815395e+00 3.56485594e-02 9.54433143e-01
1.15707000e+04 3.56733040e-02 1.02568740e+00 3.56491007e-02 9.52151293e-01
1.15708000e+04 3.55911860e-02 1.02321954e+00 3.56496421e-02 9.49868190e-01
1.15709000e+04 3.55091240e-02 1.02075334e+00 3.56501834e-02 9.47586596e-01
1.15710000e+04 3.54272980e-02 1.01829416e+00 3.56507247e-02 9.45311483e-01
1.15711000e+04 3.53459630e-02 1.01584960e+00 3.56512660e-02 9.43049895e-01
1.15712000e+04 3.52654380e-02 1.01342913e+00 3.56518073e-02 9.40810643e-01
1.15713000e+04 3.51861000e-02 1.01104398e+00 3.56523487e-02 9.38604141e-01
1.15714000e+04 3.51083750e-02 1.00870683e+00 3.56528900e-02 9.36442157e-01
1.15715000e+04 3.50327240e-02 1.00643138e+00 3.56534313e-02 9.34337426e-01
1.15716000e+04 3.49596350e-02 1.00423216e+00 3.56539726e-02 9.32303430e-01
1.15717000e+04 3.48896130e-02 1.00212420e+00 3.56545139e-02 9.30354119e-01
1.15718000e+04 3.48231680e-02 1.00012267e+00 3.56550552e-02 9.28503583e-01
1.15719000e+04 3.47608060e-02 9.98242616e-01 3.56555966e-02 9.26765802e-01
1.15720000e+04 3.47030220e-02 9.96498778e-01 3.56561379e-02 9.25154453e-01
1.15721000e+04 3.46502870e-02 9.94905166e-01 3.56566792e-02 9.23682549e-01
1.15722000e+04 3.46030460e-02 9.93475021e-01 3.56572205e-02 9.22362386e-01
1.15723000e+04 3.45617080e-02 9.92220511e-01 3.56577618e-02 9.21205267e-01
1.15724000e+04 3.45266420e-02 9.91152617e-01 3.56583031e-02 9.20221388e-01
1.15725000e+04 3.44981720e-02 9.90280977e-01 3.56588445e-02 9.19419705e-01
1.15726000e+04 3.44765730e-02 9.89613775e-01 3.56593858e-02 9.18807819e-01
1.15727000e+04 3.44620700e-02 9.89157704e-01 3.56599271e-02 9.18391950e-01
1.15728000e+04 3.44548320e-02 9.88917794e-01 3.56604684e-02 9.18176772e-01
1.15729000e+04 3.44549740e-02 9.88897466e-01 3.56610097e-02 9.18165466e-01
1.15730000e+04 3.44625540e-02 9.89098445e-01 3.56615510e-02 9.18359640e-01
1.15731000e+04 3.44775760e-02 9.89520851e-01 3.56620924e-02 9.18759409e-01
1.15732000e+04 3.44999840e-02 9.90163017e-01 3.56626337e-02 9.19363232e-01
1.15733000e+04 3.45296690e-02 9.91021701e-01 3.56631750e-02 9.20168102e-01
1.15734000e+04 3.45664680e-02 9.92092052e-01 3.56637163e-02 9.21169522e-01
1.15735000e+04 3.46101630e-02 9.93367585e-01 3.56642576e-02 9.22361472e-01
1.15736000e+04 3.46604900e-02 9.94840443e-01 3.56647989e-02 9.23736665e-01
1.15737000e+04 3.47171330e-02 9.96501226e-01 3.56653403e-02 9.25286375e-01
1.15738000e+04 3.47797360e-02 9.98339340e-01 3.56658816e-02 9.27000770e-01
1.15739000e+04 3.48479000e-02 1.00034291e+00 3.56664229e-02 9.28868832e-01
1.15740000e+04 3.49211880e-02 1.00249895e+00 3.56669642e-02 9.30878490e-01
1.15741000e+04 3.49991350e-02 1.00479360e+00 3.56675055e-02 9.33016901e-01
1.15742000e+04 3.50812440e-02 1.00721209e+00 3.56680469e-02 9.35270337e-01
1.15743000e+04 3.51669970e-02 1.00973900e+00 3.56685882e-02 9.37624489e-01
1.15744000e+04 3.52558580e-02 1.01235839e+00 3.56691295e-02 9.40064551e-01
1.15745000e+04 3.53472790e-02 1.01505394e+00 3.56696708e-02 9.42575383e-01
1.15746000e+04 3.54407030e-02 1.01780909e+00 3.56702121e-02 9.45141598e-01
1.15747000e+04 3.55355720e-02 1.02060724e+00 3.56707534e-02 9.47747781e-01
1.15748000e+04 3.56313280e-02 1.02343178e+00 3.56712948e-02 9.50378514e-01
1.15749000e+04 3.57274220e-02 1.02626637e+00 3.56718361e-02 9.53018629e-01
1.15750000e+04 3.58233140e-02 1.02909495e+00 3.56723774e-02 9.55653207e-01
1.15751000e+04 3.59184770e-02 1.03190185e+00 3.56729187e-02 9.58267685e-01
1.15752000e+04 3.60124060e-02 1.03467202e+00 3.56734600e-02 9.60848110e-01
1.15753000e+04 3.61046110e-02 1.03739090e+00 3.56740013e-02 9.63380942e-01
1.15754000e+04 3.61946270e-02 1.04004466e+00 3.56745427e-02 9.65853331e-01
1.15755000e+04 3.62820110e-02 1.04262010e+00 3.56750840e-02 9.68253035e-01
1.15756000e+04 3.63663480e-02 1.04510488e+00 3.56756253e-02 9.70568585e-01
1.15757000e+04 3.64472440e-02 1.04748727e+00 3.56761666e-02 9.72789092e-01
1.15758000e+04 3.65243350e-02 1.04975646e+00 3.56767079e-02 9.74904495e-01
1.15759000e+04 3.65972800e-02 1.05190228e+00 3.56772492e-02 9.76905370e-01
1.15760000e+04 3.66657640e-02 1.05391538e+00 3.56777906e-02 9.78783009e-01
1.15761000e+04 3.67294950e-02 1.05578706e+00 3.56783319e-02 9.80529340e-01
1.15762000e+04 3.67882070e-02 1.05750940e+00 3.56788732e-02 9.82137010e-01
1.15763000e+04 3.68416540e-02 1.05907509e+00 3.56794145e-02 9.83599218e-01
1.15764000e+04 3.68896120e-02 1.06047746e+00 3.56799558e-02 9.84909769e-01
1.15765000e+04 3.69318750e-02 1.06171039e+00 3.56804971e-02 9.86062969e-01
1.15766000e+04 3.69682600e-02 1.06276842e+00 3.56810385e-02 9.87053755e-01
1.15767000e+04 3.69985950e-02 1.06364644e+00 3.56815798e-02 9.87877371e-01
1.15768000e+04 3.70227300e-02 1.06433999e+00 3.56821211e-02 9.88529668e-01
1.15769000e+04 3.70405250e-02 1.06484491e+00 3.56826624e-02 9.89006772e-01
1.15770000e+04 3.70518580e-02 1.06515755e+00 3.56832037e-02 9.89305308e-01
1.15771000e+04 3.70566190e-02 1.06527466e+00 3.56837451e-02 9.89422231e-01
1.15772000e+04 3.70547120e-02 1.06519336e+00 3.56842864e-02 9.89354883e-01
1.15773000e+04 3.70460550e-02 1.06491123e+00 3.56848277e-02 9.89100996e-01
1.15774000e+04 3.70305790e-02 1.06442621e+00 3.56853690e-02 9.88658655e-01
1.15775000e+04 3.70082330e-02 1.06373678e+00 3.56859103e-02 9.88026449e-01
1.15776000e+04 3.69789780e-02 1.06284179e+00 3.56864516e-02 9.87203294e-01
1.15777000e+04 3.69427980e-02 1.06174075e+00 3.56869930e-02 9.86188742e-01
1.15778000e+04 3.68996930e-02 1.06043366e+00 3.56875343e-02 9.84982791e-01
1.15779000e+04 3.68496870e-02 1.05892125e+00 3.56880756e-02 9.83586097e-01
1.15780000e+04 3.67928260e-02 1.05720487e+00 3.56886169e-02 9.81999928e-01
1.15781000e+04 3.67291850e-02 1.05528677e+00 3.56891582e-02 9.80226352e-01
1.15782000e+04 3.66588660e-02 1.05316997e+00 3.56896995e-02 9.78268183e-01
1.15783000e+04 3.65820000e-02 1.05085837e+00 3.56902409e-02 9.76129037e-01
1.15784000e+04 3.64987500e-02 1.04835683e+00 3.56907822e-02 9.73813414e-01
1.15785000e+04 3.64093110e-02 1.04567114e+00 3.56913235e-02 9.71326700e-01
1.15786000e+04 3.63139130e-02 1.04280814e+00 3.56918648e-02 9.68675248e-01
1.15787000e+04 3.62128140e-02 1.03977553e+00 3.56924061e-02 9.65866184e-01
1.15788000e+04 3.61063090e-02 1.03658206e+00 3.56929474e-02 9.62907657e-01
1.15789000e+04 3.59947200e-02 1.03323733e+00 3.56934888e-02 9.59808564e-01
1.15790000e+04 3.58784000e-02 1.02975183e+00 3.56940301e-02 9.56578658e-01
1.15791000e+04 3.57577280e-02 1.02613684e+00 3.56945714e-02 9.53228411e-01
1.15792000e+04 3.56331100e-02 1.02240445e+00 3.56951127e-02 9.49769043e-01
1.15793000e+04 3.55049710e-02 1.01856730e+00 3.56956540e-02 9.46212296e-01
1.15794000e+04 3.53737570e-02 1.01463865e+00 3.56961953e-02 9.42570497e-01
1.15795000e+04 3.52399340e-02 1.01063237e+00 3.56967367e-02 9.38856523e-01
1.15796000e+04 3.51039760e-02 1.00656257e+00 3.56972780e-02 9.35083476e-01
1.15797000e+04 3.49663740e-02 1.00244386e+00 3.56978193e-02 9.31264924e-01
1.15798000e+04 3.48276250e-02 9.98291015e-01 3.56983606e-02 9.27414605e-01
1.15799000e+04 3.46882320e-02 9.94119011e-01 3.56989019e-02 9.23546421e-01
1.15800000e+04 3.45486990e-02 9.89942842e-01 3.56994433e-02 9.19674304e-01
1.15801000e+04 3.44095340e-02 9.85777622e-01 3.56999846e-02 9.15812295e-01
1.15802000e+04 3.42712370e-02 9.81638229e-01 3.57005259e-02 9.11974216e-01
1.15803000e+04 3.41343040e-02 9.77539419e-01 3.57010672e-02 9.08173777e-01
1.15804000e+04 3.39992170e-02 9.73495535e-01 3.57016085e-02 9.04424304e-01
1.15805000e+04 3.38664480e-02 9.69520620e-01 3.57021498e-02 9.00738846e-01
1.15806000e+04 3.37364460e-02 9.65628033e-01 3.57026912e-02 8.97129814e-01
1.15807000e+04 3.36096400e-02 9.61830538e-01 3.57032325e-02 8.93609071e-01
1.15808000e+04 3.34864310e-02 9.58140068e-01 3.57037738e-02 8.90187704e-01
1.15809000e+04 3.33671880e-02 9.54567600e-01 3.57043151e-02 8.86875915e-01
1.15810000e+04 3.32522470e-02 9.51123133e-01 3.57048564e-02 8.83682995e-01
1.15811000e+04 3.31419060e-02 9.47815532e-01 3.57053977e-02 8.80617186e-01
1.15812000e+04 3.30364190e-02 9.44652356e-01 3.57059391e-02 8.77685513e-01
1.15813000e+04 3.29360010e-02 9.41640001e-01 3.57064804e-02 8.74893922e-01
1.15814000e+04 3.28408160e-02 9.38783347e-01 3.57070217e-02 8.72246950e-01
1.15815000e+04 3.27509850e-02 9.36085993e-01 3.57075630e-02 8.69747946e-01
1.15816000e+04 3.26665820e-02 9.33550143e-01 3.57081043e-02 8.67398960e-01
1.15817000e+04 3.25876310e-02 9.31176509e-01 3.57086456e-02 8.65200658e-01
1.15818000e+04 3.25141140e-02 9.28964557e-01 3.57091870e-02 8.63152548e-01
1.15819000e+04 3.24459650e-02 9.26912323e-01 3.57097283e-02 8.61252807e-01
1.15820000e+04 3.23830810e-02 9.25016741e-01 3.57102696e-02 8.59498592e-01
1.15821000e+04 3.23253160e-02 9.23273468e-01 3.57108109e-02 8.57885871e-01
1.15822000e+04 3.22724930e-02 9.21677238e-01 3.57113522e-02 8.56409753e-01
1.15823000e+04 3.22244030e-02 9.20221832e-01 3.57118935e-02 8.55064463e-01
1.15824000e+04 3.21808100e-02 9.18900228e-01 3.57124349e-02 8.53843480e-01
1.15825000e+04 3.21414600e-02 9.17704868e-01 3.57129762e-02 8.52739785e-01
1.15826000e+04 3.21060830e-02 9.16627720e-01 3.57135175e-02 8.51745915e-01
1.15827000e+04 3.20743990e-02 9.15660452e-01 3.57140588e-02 8.50854133e-01
1.15828000e+04 3.20461250e-02 9.14794644e-01 3.57146001e-02 8.50056615e-01
1.15829000e+04 3.20209800e-02 9.14021936e-01 3.57151414e-02 8.49345596e-01
1.15830000e+04 3.19986930e-02 9.13334263e-01 3.57156828e-02 8.48713585e-01
1.15831000e+04 3.19790040e-02 9.12723890e-01 3.57162241e-02 8.48153395e-01
1.15832000e+04 3.19616740e-02 9.12183706e-01 3.57167654e-02 8.47658419e-01
1.15833000e+04 3.19464850e-02 9.11707224e-01 3.57173067e-02 8.47222632e-01
1.15834000e+04 3.19332490e-02 9.11288852e-01 3.57178480e-02 8.46840837e-01
1.15835000e+04 3.19218080e-02 9.10923887e-01 3.57183894e-02 8.46508667e-01
1.15836000e+04 3.19120390e-02 9.10608670e-01 3.57189307e-02 8.46222722e-01
1.15837000e+04 3.19038520e-02 9.10340524e-01 3.57194720e-02 8.45980514e-01
1.15838000e+04 3.18971970e-02 9.10117960e-01 3.57200133e-02 8.45780664e-01
1.15839000e+04 3.18920600e-02 9.09940562e-01 3.57205546e-02 8.45622783e-01
1.15840000e+04 3.18884600e-02 9.09808896e-01 3.57210959e-02 8.45507399e-01
1.15841000e+04 3.18864530e-02 9.09724627e-01 3.57216373e-02 8.45436061e-01
1.15842000e+04 3.18861270e-02 9.09690374e-01 3.57221786e-02 8.45411204e-01
1.15843000e+04 3.18875960e-02 9.09709529e-01 3.57227199e-02 8.45435980e-01
1.15844000e+04 3.18910010e-02 9.09786287e-01 3.57232612e-02 8.45514291e-01
1.15845000e+04 3.18965000e-02 9.09925349e-01 3.57238025e-02 8.45650506e-01
1.15846000e+04 3.19042690e-02 9.10131952e-01 3.57243438e-02 8.45849494e-01
1.15847000e+04 3.19144920e-02 9.10411570e-01 3.57248852e-02 8.46116344e-01
1.15848000e+04 3.19273590e-02 9.10769857e-01 3.57254265e-02 8.46456312e-01
1.15849000e+04 3.19430580e-02 9.11212406e-01 3.57259678e-02 8.46874598e-01
1.15850000e+04 3.19617760e-02 9.11744781e-01 3.57265091e-02 8.47376376e-01
1.15851000e+04 3.19836840e-02 9.12372071e-01 3.57270504e-02 8.47966376e-01
1.15852000e+04 3.20089450e-02 9.13099125e-01 3.57275917e-02 8.48649108e-01
1.15853000e+04 3.20377020e-02 9.13930197e-01 3.57281331e-02 8.49428529e-01
1.15854000e+04 3.20700780e-02 9.14868948e-01 3.57286744e-02 8.50308043e-01
1.15855000e+04 3.21061750e-02 9.15918412e-01 3.57292157e-02 8.51290472e-01
1.15856000e+04 3.21460700e-02 9.17080880e-01 3.57297570e-02 8.52377949e-01
1.15857000e+04 3.21898180e-02 9.18357990e-01 3.57302983e-02 8.53571998e-01
1.15858000e+04 3.22374500e-02 9.19750662e-01 3.57308396e-02 8.54873477e-01
1.15859000e+04 3.22889780e-02 9.21259255e-01 3.57313810e-02 8.56282723e-01
1.15860000e+04 3.23443910e-02 9.22883440e-01 3.57319223e-02 8.57799433e-01
1.15861000e+04 3.24036640e-02 9.24622475e-01 3.57324636e-02 8.59422918e-01
1.15862000e+04 3.24667580e-02 9.26475198e-01 3.57330049e-02 8.61152103e-01
1.15863000e+04 3.25336280e-02 9.28440271e-01 3.57335462e-02 8.62985746e-01
1.15864000e+04 3.26042220e-02 9.30516147e-01 3.57340876e-02 8.64922411e-01
1.15865000e+04 3.26784890e-02 9.32701308e-01 3.57346289e-02 8.66960690e-01
1.15866000e+04 3.27563820e-02 9.34994356e-01 3.57351702e-02 8.69099286e-01
1.15867000e+04 3.28378640e-02 9.37394189e-01 3.57357115e-02 8.71337179e-01
1.15868000e+04 3.29229080e-02 9.39900005e-01 3.57362528e-02 8.73673623e-01
1.15869000e+04 3.30115020e-02 9.42511446e-01 3.57367941e-02 8.76108289e-01
1.15870000e+04 3.31036540e-02 9.45228751e-01 3.57373355e-02 8.78641401e-01
1.15871000e+04 3.31993870e-02 9.48052604e-01 3.57378768e-02 8.81273598e-01
1.15872000e+04 3.32987450e-02 9.50984314e-01 3.57384181e-02 8.84006099e-01
1.15873000e+04 3.34017880e-02 9.54025665e-01 3.57389594e-02 8.86840566e-01
1.15874000e+04 3.35085930e-02 9.57178950e-01 3.57395007e-02 8.89779131e-01
1.15875000e+04 3.36192520e-02 9.60446906e-01 3.57400420e-02 8.92824342e-01
1.15876000e+04 3.37338660e-02 9.63832537e-01 3.57405834e-02 8.95978994e-01
1.15877000e+04 3.38525430e-02 9.67339058e-01 3.57411247e-02 8.99246077e-01
1.15878000e+04 3.39753920e-02 9.70969710e-01 3.57416660e-02 9.02628610e-01
1.15879000e+04 3.41025190e-02 9.74727649e-01 3.57422073e-02 9.06129527e-01
1.15880000e+04 3.42340240e-02 9.78615849e-01 3.57427486e-02 9.09751597e-01
1.15881000e+04 3.43699880e-02 9.82636721e-01 3.57432899e-02 9.13497063e-01
1.15882000e+04 3.45104770e-02 9.86792228e-01 3.57438313e-02 9.17367754e-01
1.15883000e+04 3.46555300e-02 9.91083530e-01 3.57443726e-02 9.21364752e-01
1.15884000e+04 3.48051540e-02 9.95510837e-01 3.57449139e-02 9.25488253e-01
1.15885000e+04 3.49593220e-02 1.00007334e+00 3.57454552e-02 9.29737514e-01
1.15886000e+04 3.51179670e-02 1.00476906e+00 3.57459965e-02 9.34110686e-01
1.15887000e+04 3.52809730e-02 1.00959453e+00 3.57465378e-02 9.38604561e-01
1.15888000e+04 3.54481800e-02 1.01454499e+00 3.57470792e-02 9.43214717e-01
1.15889000e+04 3.56193690e-02 1.01961394e+00 3.57476205e-02 9.47935099e-01
1.15890000e+04 3.57942700e-02 1.02479333e+00 3.57481618e-02 9.52758242e-01
1.15891000e+04 3.59725490e-02 1.03007322e+00 3.57487031e-02 9.57674907e-01
1.15892000e+04 3.61538160e-02 1.03544202e+00 3.57492444e-02 9.62674310e-01
1.15893000e+04 3.63376140e-02 1.04088613e+00 3.57497858e-02 9.67743810e-01
1.15894000e+04 3.65234270e-02 1.04639019e+00 3.57503271e-02 9.72869135e-01
1.15895000e+04 3.67106770e-02 1.05193701e+00 3.57508684e-02 9.78034297e-01
1.15896000e+04 3.68987240e-02 1.05750754e+00 3.57514097e-02 9.83221591e-01
1.15897000e+04 3.70868710e-02 1.06308105e+00 3.57519510e-02 9.88411738e-01
1.15898000e+04 3.72743690e-02 1.06863524e+00 3.57524923e-02 9.93584017e-01
1.15899000e+04 3.74604200e-02 1.07414639e+00 3.57530337e-02 9.98716351e-01
1.15900000e+04 3.76441840e-02 1.07958948e+00 3.57535750e-02 1.00378550e+00
1.15901000e+04 3.78247870e-02 1.08493853e+00 3.57541163e-02 1.00876729e+00
1.15902000e+04 3.80013300e-02 1.09016677e+00 3.57546576e-02 1.01363683e+00
1.15903000e+04 3.81728990e-02 1.09524702e+00 3.57551989e-02 1.01836886e+00
1.15904000e+04 3.83385760e-02 1.10015196e+00 3.57557402e-02 1.02293795e+00
1.15905000e+04 3.84974500e-02 1.10485449e+00 3.57562816e-02 1.02731891e+00
1.15906000e+04 3.86486290e-02 1.10932807e+00 3.57568229e-02 1.03148706e+00
1.15907000e+04 3.87912560e-02 1.11354719e+00 3.57573642e-02 1.03541867e+00
1.15908000e+04 3.89245150e-02 1.11748757e+00 3.57579055e-02 1.03909117e+00
1.15909000e+04 3.90476510e-02 1.12112677e+00 3.57584468e-02 1.04248367e+00
1.15910000e+04 3.91599760e-02 1.12444429e+00 3.57589881e-02 1.04557711e+00
1.15911000e+04 3.92608800e-02 1.12742200e+00 3.57595295e-02 1.04835462e+00
1.15912000e+04 3.93498470e-02 1.13004454e+00 3.57600708e-02 1.05080191e+00
1.15913000e+04 3.94264540e-02 1.13229932e+00 3.57606121e-02 1.05290728e+00
1.15914000e+04 3.94903840e-02 1.13417692e+00 3.57611534e-02 1.05466193e+00
1.15915000e+04 3.95414310e-02 1.13567120e+00 3.57616947e-02 1.05606017e+00
1.15916000e+04 3.95794980e-02 1.13677928e+00 3.57622360e-02 1.05709930e+00
1.15917000e+04 3.96046050e-02 1.13750175e+00 3.57627774e-02 1.05777986e+00
1.15918000e+04 3.96168800e-02 1.13784243e+00 3.57633187e-02 1.05810539e+00
1.15919000e+04 3.96165650e-02 1.13780850e+00 3.57638600e-02 1.05808258e+00
1.15920000e+04 3.96040030e-02 1.13741018e+00 3.57644013e-02 1.05772091e+00
1.15921000e+04 3.95796390e-02 1.13666071e+00 3.57649426e-02 1.05703267e+00
1.15922000e+04 3.95440070e-02 1.13557597e+00 3.57654840e-02 1.05603264e+00
1.15923000e+04 3.94977220e-02 1.13417427e+00 3.57660253e-02 1.05473784e+00
1.15924000e+04 3.94414700e-02 1.13247602e+00 3.57665666e-02 1.05316722e+00
1.15925000e+04 3.93759980e-02 1.13050343e+00 3.57671079e-02 1.05134146e+00
1.15926000e+04 3.93020990e-02 1.12828012e+00 3.57676492e-02 1.04928249e+00
1.15927000e+04 3.92206040e-02 1.12583079e+00 3.57681905e-02 1.04701330e+00
1.15928000e+04 3.91323640e-02 1.12318077e+00 3.57687319e-02 1.04455743e+00
1.15929000e+04 3.90382420e-02 1.12035575e+00 3.57692732e-02 1.04193876e+00
1.15930000e+04 3.89390990e-02 1.11738133e+00 3.57698145e-02 1.03918111e+00
1.15931000e+04 3.88357850e-02 1.11428281e+00 3.57703558e-02 1.03630799e+00
1.15932000e+04 3.87291250e-02 1.11108473e+00 3.57708971e-02 1.03334224e+00
1.15933000e+04 3.86199100e-02 1.10781063e+00 3.57714384e-02 1.03030574e+00
1.15934000e+04 3.85088920e-02 1.10448289e+00 3.57719798e-02 1.02721929e+00
1.15935000e+04 3.83967730e-02 1.10112239e+00 3.57725211e-02 1.02410233e+00
1.15936000e+04 3.82842000e-02 1.09774837e+00 3.57730624e-02 1.02097275e+00
1.15937000e+04 3.81717610e-02 1.09437835e+00 3.57736037e-02 1.01784683e+00
1.15938000e+04 3.80599800e-02 1.09102790e+00 3.57741450e-02 1.01473906e+00
1.15939000e+04 3.79493180e-02 1.08771075e+00 3.57746863e-02 1.01166221e+00
1.15940000e+04 3.78401700e-02 1.08443865e+00 3.57752277e-02 1.00862721e+00
1.15945000e+04 3.73266140e-02 1.06903572e+00 3.57779342e-02 9.94342126e-01
1.15950000e+04 3.68771150e-02 1.05553872e+00 3.57806408e-02 9.81828698e-01
1.15955000e+04 3.64895860e-02 1.04388555e+00 3.57833474e-02 9.71029384e-01
1.15960000e+04 3.61582530e-02 1.03390442e+00 3.57860540e-02 9.61784581e-01
1.15965000e+04 3.58882840e-02 1.02574909e+00 3.57887606e-02 9.54237529e-01
1.15970000e+04 3.56982750e-02 1.01997286e+00 3.57914672e-02 9.48903184e-01
1.15975000e+04 3.56106710e-02 1.01724356e+00 3.57941738e-02 9.46403134e-01
1.15980000e+04 3.56368540e-02 1.01789983e+00 3.57968804e-02 9.47052817e-01
1.15985000e+04 3.57652520e-02 1.02159737e+00 3.57995869e-02 9.50532262e-01
1.15990000e+04 3.59578530e-02 1.02720519e+00 3.58022935e-02 9.55789459e-01
1.15995000e+04 3.61563830e-02 1.03298941e+00 3.58050001e-02 9.61211241e-01
1.16000000e+04 3.62961970e-02 1.03702662e+00 3.58077067e-02 9.65007781e-01
1.16005000e+04 3.63235650e-02 1.03771815e+00 3.58104133e-02 9.65691177e-01
1.16010000e+04 3.62103300e-02 1.03422623e+00 3.58131199e-02 9.62481385e-01
1.16015000e+04 3.59602930e-02 1.02666395e+00 3.58158265e-02 9.55483177e-01
1.16020000e+04 3.56052490e-02 1.01597733e+00 3.58185330e-02 9.45576545e-01
1.16025000e+04 3.51937660e-02 1.00361145e+00 3.58212396e-02 9.34106127e-01
1.16030000e+04 3.47784020e-02 9.91130086e-01 3.58239462e-02 9.22527280e-01
1.16035000e+04 3.44058500e-02 9.79922538e-01 3.58266528e-02 9.12133169e-01
1.16040000e+04 3.41114660e-02 9.71040774e-01 3.58293594e-02 9.03903178e-01
1.16045000e+04 3.39174890e-02 9.65146484e-01 3.58320660e-02 8.98453543e-01
1.16050000e+04 3.38335390e-02 9.62525899e-01 3.58347726e-02 8.96051070e-01
1.16055000e+04 3.38580440e-02 9.63132245e-01 3.58374791e-02 8.96652594e-01
1.16060000e+04 3.39799830e-02 9.66637609e-01 3.58401857e-02 8.99953193e-01
1.16065000e+04 3.41813890e-02 9.72507406e-01 3.58428923e-02 9.05455476e-01
1.16070000e+04 3.44414720e-02 9.80123057e-01 3.58455989e-02 9.12583763e-01
1.16075000e+04 3.47418960e-02 9.88939000e-01 3.58483055e-02 9.20830267e-01
1.16080000e+04 3.50709110e-02 9.98605630e-01 3.58510121e-02 9.29869585e-01
1.16085000e+04 3.54239650e-02 1.00898751e+00 3.58537187e-02 9.39575693e-01
1.16090000e+04 3.58006670e-02 1.02007300e+00 3.58564252e-02 9.49937842e-01
1.16095000e+04 3.62006060e-02 1.03184988e+00 3.58591318e-02 9.60944723e-01
1.16100000e+04 3.66210520e-02 1.04423691e+00 3.58618384e-02 9.72520767e-01
1.16105000e+04 3.70575640e-02 1.05710197e+00 3.58645450e-02 9.84542980e-01
1.16110000e+04 3.75062280e-02 1.07032860e+00 3.58672516e-02 9.96902949e-01
1.16115000e+04 3.79654020e-02 1.08386793e+00 3.58699582e-02 1.00955521e+00
1.16120000e+04 3.84357130e-02 1.09773863e+00 3.58726648e-02 1.02251718e+00
1.16125000e+04 3.89182290e-02 1.11197248e+00 3.58753714e-02 1.03581849e+00
1.16130000e+04 3.94112650e-02 1.12651933e+00 3.58780779e-02 1.04941249e+00
1.16135000e+04 3.99066190e-02 1.14113515e+00 3.58807845e-02 1.06307186e+00
1.16140000e+04 4.03865530e-02 1.15529217e+00 3.58834911e-02 1.07630493e+00
1.16145000e+04 4.08232700e-02 1.16816333e+00 3.58861977e-02 1.08834109e+00
1.16150000e+04 4.11821370e-02 1.17871817e+00 3.58889043e-02 1.09822012e+00
1.16155000e+04 4.14286140e-02 1.18592899e+00 3.58916109e-02 1.10498420e+00
1.16160000e+04 4.15374210e-02 1.18904363e+00 3.58943175e-02 1.10793207e+00
1.16165000e+04 4.15013320e-02 1.18784708e+00 3.58970240e-02 1.10686293e+00
1.16170000e+04 4.13359530e-02 1.18280369e+00 3.58997306e-02 1.10220897e+00
1.16175000e+04 4.10773520e-02 1.17498660e+00 3.59024372e-02 1.09496982e+00
1.16180000e+04 4.07726950e-02 1.16579917e+00 3.59051438e-02 1.08645301e+00
1.16185000e+04 4.04680210e-02 1.15661124e+00 3.59078504e-02 1.07793501e+00
1.16190000e+04 4.01983710e-02 1.14846541e+00 3.59105570e-02 1.07038756e+00
1.16195000e+04 3.99830620e-02 1.14193641e+00 3.59132636e-02 1.06434647e+00
1.16200000e+04 3.98258490e-02 1.13713598e+00 3.59159701e-02 1.05991607e+00
1.16205000e+04 3.97182770e-02 1.13381256e+00 3.59186767e-02 1.05686205e+00
1.16210000e+04 3.96445470e-02 1.13149606e+00 3.59213833e-02 1.05474641e+00
1.16215000e+04 3.95867040e-02 1.12965225e+00 3.59240899e-02 1.05307124e+00
1.16220000e+04 3.95291660e-02 1.12781752e+00 3.59267965e-02 1.05140440e+00
1.16225000e+04 3.94617250e-02 1.12568814e+00 3.59295031e-02 1.04946272e+00
1.16230000e+04 3.93805260e-02 1.12314940e+00 3.59322097e-02 1.04713923e+00
1.16235000e+04 3.92872610e-02 1.12025166e+00 3.59349162e-02 1.04448082e+00
1.16240000e+04 3.91873880e-02 1.11715731e+00 3.59376228e-02 1.04163887e+00
1.16250000e+04 3.89975760e-02 1.11126418e+00 3.59430360e-02 1.03622988e+00
1.16260000e+04 3.88665040e-02 1.10711877e+00 3.59484492e-02 1.03244986e+00
1.16270000e+04 3.88223070e-02 1.10555822e+00 3.59538623e-02 1.03107992e+00
1.16280000e+04 3.88546350e-02 1.10627456e+00 3.59592755e-02 1.03183343e+00
1.16290000e+04 3.89219130e-02 1.10803079e+00 3.59646887e-02 1.03355707e+00
1.16300000e+04 3.89662260e-02 1.10910374e+00 3.59701019e-02 1.03464358e+00
1.16310000e+04 3.89362020e-02 1.10796488e+00 3.59755150e-02 1.03366679e+00
1.16320000e+04 3.88018370e-02 1.10372150e+00 3.59809282e-02 1.02979325e+00
1.16330000e+04 3.85464340e-02 1.09587679e+00 3.59863414e-02 1.02255869e+00
1.16340000e+04 3.81636720e-02 1.08424269e+00 3.59917546e-02 1.01178677e+00
1.16350000e+04 3.76760650e-02 1.06948907e+00 3.59971677e-02 9.98101773e-01
1.16360000e+04 3.71386650e-02 1.05325393e+00 3.60025809e-02 9.83031756e-01
1.16370000e+04 3.66091460e-02 1.03725328e+00 3.60079941e-02 9.68178114e-01
1.16380000e+04 3.61187630e-02 1.02241706e+00 3.60134072e-02 9.54408994e-01
1.16390000e+04 3.56760080e-02 1.00899795e+00 3.60188204e-02 9.41960546e-01
1.16400000e+04 3.52907080e-02 9.97288337e-01 3.60242336e-02 9.31106085e-01
1.16410000e+04 3.49843560e-02 9.87927715e-01 3.60296468e-02 9.22443112e-01
1.16420000e+04 3.47767300e-02 9.81504551e-01 3.60350599e-02 9.16521681e-01
1.16430000e+04 3.46690240e-02 9.78054372e-01 3.60404731e-02 9.13375649e-01
1.16440000e+04 3.46428100e-02 9.77028876e-01 3.60458863e-02 9.12493622e-01
1.16450000e+04 3.46753040e-02 9.77750159e-01 3.60512995e-02 9.13242983e-01
1.16460000e+04 3.47573170e-02 9.79944811e-01 3.60567126e-02 9.15368747e-01
1.16470000e+04 3.48989580e-02 9.83913615e-01 3.60621258e-02 9.19152240e-01
1.16480000e+04 3.51196900e-02 9.90235664e-01 3.60675390e-02 9.25134897e-01
1.16490000e+04 3.54327180e-02 9.99303856e-01 3.60729521e-02 9.33684363e-01
1.16500000e+04 3.58350400e-02 1.01102887e+00 3.60783653e-02 9.44717815e-01
1.16510000e+04 3.63081830e-02 1.02486107e+00 3.60837785e-02 9.57722239e-01
1.16520000e+04 3.68279650e-02 1.04008094e+00 3.60891917e-02 9.72025701e-01
1.16530000e+04 3.73739240e-02 1.05607968e+00 3.60946048e-02 9.87059496e-01
1.16540000e+04 3.79280470e-02 1.07232133e+00 3.61000180e-02 1.00232284e+00
1.16550000e+04 3.84640650e-02 1.08802429e+00 3.61054312e-02 1.01708515e+00
1.16560000e+04 3.89395670e-02 1.10192667e+00 3.61108443e-02 1.03016659e+00
1.16570000e+04 3.93005360e-02 1.11242129e+00 3.61162575e-02 1.04006409e+00
1.16580000e+04 3.94975340e-02 1.11803716e+00 3.61216707e-02 1.04540146e+00
1.16590000e+04 3.95053370e-02 1.11802380e+00 3.61270839e-02 1.04547575e+00
1.16600000e+04 3.93360180e-02 1.11274041e+00 3.61324970e-02 1.04062158e+00
1.16610000e+04 3.90385070e-02 1.10364284e+00 3.61379102e-02 1.03219934e+00
1.16620000e+04 3.86842880e-02 1.09285800e+00 3.61433234e-02 1.02219752e+00
1.16630000e+04 3.83455770e-02 1.08253457e+00 3.61487366e-02 1.01262567e+00
1.16640000e+04 3.80751170e-02 1.07424187e+00 3.61541497e-02 1.00495195e+00
1.16650000e+04 3.78947080e-02 1.06862851e+00 3.61595629e-02 9.99783697e-01
1.16660000e+04 3.77952340e-02 1.06542326e+00 3.61649761e-02 9.96867742e-01
1.16670000e+04 3.77467400e-02 1.06373486e+00 3.61703892e-02 9.95370659e-01
1.16680000e+04 3.77137340e-02 1.06250728e+00 3.61758024e-02 9.94304572e-01
1.16690000e+04 3.76688460e-02 1.06092616e+00 3.61812156e-02 9.92907440e-01
1.16700000e+04 3.75990500e-02 1.05860394e+00 3.61866288e-02 9.90816429e-01
1.16710000e+04 3.75032540e-02 1.05550813e+00 3.61920419e-02 9.88000952e-01
1.16720000e+04 3.73858270e-02 1.05176871e+00 3.61974551e-02 9.84582518e-01
1.16730000e+04 3.72525550e-02 1.04755785e+00 3.62028683e-02 9.80722149e-01
1.16740000e+04 3.71115350e-02 1.04311646e+00 3.62082814e-02 9.76645298e-01
1.16750000e+04 3.69758670e-02 1.03883431e+00 3.62136946e-02 9.72716874e-01
1.16760000e+04 3.68638040e-02 1.03525449e+00 3.62191078e-02 9.69445487e-01
1.16770000e+04 3.67955280e-02 1.03297750e+00 3.62245210e-02 9.67393662e-01
1.16780000e+04 3.67889020e-02 1.03253482e+00 3.62299341e-02 9.67059491e-01
1.16790000e+04 3.68564220e-02 1.03429825e+00 3.62353473e-02 9.68791655e-01
1.16800000e+04 3.70035390e-02 1.03842999e+00 3.62407605e-02 9.72742598e-01
1.16810000e+04 3.72273410e-02 1.04484338e+00 3.62461737e-02 9.78831705e-01
1.16820000e+04 3.75150770e-02 1.05315904e+00 3.62515868e-02 9.86704060e-01
1.16830000e+04 3.78433440e-02 1.06268065e+00 3.62570000e-02 9.95707668e-01
1.16840000e+04 3.81794590e-02 1.07243577e+00 3.62624132e-02 1.00493158e+00
1.16850000e+04 3.84855660e-02 1.08129803e+00 3.62678263e-02 1.01332032e+00
1.16860000e+04 3.87240160e-02 1.08814726e+00 3.62732395e-02 1.01982380e+00
1.16870000e+04 3.88618440e-02 1.09200261e+00 3.62786527e-02 1.02352224e+00
1.16880000e+04 3.88738220e-02 1.09211347e+00 3.62840659e-02 1.02371133e+00
1.16890000e+04 3.87452130e-02 1.08804135e+00 3.62894790e-02 1.01997914e+00
1.16900000e+04 3.84745310e-02 1.07974204e+00 3.62948922e-02 1.01228324e+00
1.16910000e+04 3.80750610e-02 1.06761081e+00 3.63003054e-02 1.00099325e+00
1.16920000e+04 3.75737750e-02 1.05245019e+00 3.63057185e-02 9.86860776e-01
1.16930000e+04 3.70072590e-02 1.03534874e+00 3.63111317e-02 9.70905924e-01
1.16940000e+04 3.64154220e-02 1.01749390e+00 3.63165449e-02 9.54241857e-01
1.16950000e+04 3.58350460e-02 9.99980064e-01 3.63219581e-02 9.37894849e-01
1.16960000e+04 3.52955900e-02 9.83683747e-01 3.63273712e-02 9.22687142e-01
1.16970000e+04 3.48180940e-02 9.69230967e-01 3.63327844e-02 9.09206267e-01
1.16980000e+04 3.44160780e-02 9.57023991e-01 3.63381976e-02 8.97830045e-01
1.16990000e+04 3.40969880e-02 9.47284367e-01 3.63436108e-02 8.88766860e-01
1.17000000e+04 3.38633960e-02 9.40088620e-01 3.63490239e-02 8.82089095e-01
1.17010000e+04 3.37138180e-02 9.35392595e-01 3.63544371e-02 8.77755915e-01
1.17020000e+04 3.36432820e-02 9.33048359e-01 3.63598503e-02 8.75629072e-01
1.17030000e+04 3.36439710e-02 9.32823326e-01 3.63652634e-02 8.75490829e-01
1.17040000e+04 3.37063000e-02 9.34432309e-01 3.63706766e-02 8.77074001e-01
1.17050000e+04 3.38204290e-02 9.37582530e-01 3.63760898e-02 8.80104190e-01
1.17060000e+04 3.39776870e-02 9.42015996e-01 3.63815030e-02 8.84339561e-01
1.17070000e+04 3.41712020e-02 9.47528240e-01 3.63869161e-02 8.89588450e-01
1.17080000e+04 3.43954990e-02 9.53956361e-01 3.63923293e-02 8.95698158e-01
1.17090000e+04 3.46453900e-02 9.61145997e-01 3.63977425e-02 9.02523954e-01
1.17100000e+04 3.49149380e-02 9.68920500e-01 3.64031557e-02 9.09900129e-01
1.17110000e+04 3.51970580e-02 9.77069066e-01 3.64085688e-02 9.17628841e-01
1.17120000e+04 3.54838090e-02 9.85355421e-01 3.64139820e-02 9.25488259e-01
1.17130000e+04 3.57668840e-02 9.93532402e-01 3.64193952e-02 9.33246250e-01
1.17140000e+04 3.60379800e-02 1.00135296e+00 3.64248083e-02 9.40670715e-01
1.17150000e+04 3.62892020e-02 1.00858220e+00 3.64302215e-02 9.47540883e-01
1.17160000e+04 3.65139950e-02 1.01502508e+00 3.64356347e-02 9.53673368e-01
1.17170000e+04 3.67085980e-02 1.02056970e+00 3.64410479e-02 9.58962838e-01
1.17180000e+04 3.68732940e-02 1.02522447e+00 3.64464610e-02 9.63416993e-01
1.17190000e+04 3.70124610e-02 1.02911966e+00 3.64518742e-02 9.67158044e-01
1.17200000e+04 3.71331110e-02 1.03246391e+00 3.64572874e-02 9.70381899e-01
1.17210000e+04 3.72424920e-02 1.03547286e+00 3.64627005e-02 9.73291134e-01
1.17220000e+04 3.73456480e-02 1.03829659e+00 3.64681137e-02 9.76026746e-01
1.17230000e+04 3.74436710e-02 1.04096760e+00 3.64735269e-02 9.78619236e-01
1.17240000e+04 3.75332310e-02 1.04338681e+00 3.64789401e-02 9.80975416e-01
1.17250000e+04 3.76076220e-02 1.04535468e+00 3.64843532e-02 9.82907617e-01
1.17260000e+04 3.76589300e-02 1.04663574e+00 3.64897664e-02 9.84194312e-01
1.17270000e+04 3.76803280e-02 1.04702688e+00 3.64951796e-02 9.84644313e-01
1.17280000e+04 3.76674170e-02 1.04639720e+00 3.65005928e-02 9.84134313e-01
1.17290000e+04 3.76182170e-02 1.04468778e+00 3.65060059e-02 9.82608658e-01
1.17300000e+04 3.75323840e-02 1.04188841e+00 3.65114191e-02 9.80057467e-01
1.17310000e+04 3.74106210e-02 1.03801998e+00 3.65168323e-02 9.76500160e-01
1.17320000e+04 3.72549860e-02 1.03314374e+00 3.65222454e-02 9.71994094e-01
1.17330000e+04 3.70700180e-02 1.02739473e+00 3.65276586e-02 9.66666100e-01
1.17340000e+04 3.68639360e-02 1.02101751e+00 3.65330718e-02 9.60746082e-01
1.17350000e+04 3.66490150e-02 1.01437729e+00 3.65384850e-02 9.54577585e-01
1.17360000e+04 3.64407570e-02 1.00793532e+00 3.65438981e-02 9.48594635e-01
1.17370000e+04 3.62563340e-02 1.00220253e+00 3.65493113e-02 9.43278167e-01
1.17380000e+04 3.61131420e-02 9.97696516e-01 3.65547245e-02 9.39115552e-01
1.17390000e+04 3.60278690e-02 9.94913800e-01 3.65601376e-02 9.36574493e-01
1.17400000e+04 3.60157100e-02 9.94306493e-01 3.65655508e-02 9.36081027e-01
1.17410000e+04 3.60890200e-02 9.96242200e-01 3.65709640e-02 9.37981778e-01
1.17420000e+04 3.62551650e-02 1.00094009e+00 3.65763772e-02 9.42483710e-01
1.17430000e+04 3.65140660e-02 1.00839780e+00 3.65817903e-02 9.49585265e-01
1.17440000e+04 3.68563800e-02 1.01833736e+00 3.65872035e-02 9.59025295e-01
1.17450000e+04 3.72631120e-02 1.03019359e+00 3.65926167e-02 9.70272090e-01
1.17460000e+04 3.77068310e-02 1.04315031e+00 3.65980299e-02 9.82557341e-01
1.17470000e+04 3.81539720e-02 1.05620886e+00 3.66034430e-02 9.94940557e-01
1.17480000e+04 3.85675770e-02 1.06826958e+00 3.66088562e-02 1.00638583e+00
1.17490000e+04 3.89104310e-02 1.07822520e+00 3.66142694e-02 1.01584970e+00
1.17500000e+04 3.91489750e-02 1.08507723e+00 3.66196825e-02 1.02239084e+00
1.17510000e+04 3.92577350e-02 1.08806770e+00 3.66250957e-02 1.02529432e+00
1.17520000e+04 3.92229130e-02 1.08678609e+00 3.66305089e-02 1.02417232e+00
1.17530000e+04 3.90437930e-02 1.08121108e+00 3.66359221e-02 1.01900377e+00
1.17540000e+04 3.87319880e-02 1.07168821e+00 3.66413352e-02 1.01011331e+00
1.17550000e+04 3.83094630e-02 1.05887102e+00 3.66467484e-02 9.98116062e-01
1.17560000e+04 3.78058870e-02 1.04364226e+00 3.66521616e-02 9.83843421e-01
1.17570000e+04 3.72551610e-02 1.02701062e+00 3.66575747e-02 9.68245778e-01
1.17580000e+04 3.66912250e-02 1.00998593e+00 3.66629879e-02 9.52274937e-01
1.17590000e+04 3.61439400e-02 9.93456676e-01 3.66684011e-02 9.36768580e-01
1.17600000e+04 3.56361290e-02 9.78101914e-01 3.66738143e-02 9.22367197e-01
1.17610000e+04 3.51824250e-02 9.64357032e-01 3.66792274e-02 9.09481674e-01
1.17620000e+04 3.47898980e-02 9.52432389e-01 3.66846406e-02 8.98310799e-01
1.17630000e+04 3.44598410e-02 9.42366456e-01 3.66900538e-02 8.88891289e-01
1.17640000e+04 3.41898980e-02 9.34089134e-01 3.66954670e-02 8.81157458e-01
1.17650000e+04 3.39758740e-02 9.27475606e-01 3.67008801e-02 8.74991975e-01
1.17660000e+04 3.38130310e-02 9.22384900e-01 3.67062933e-02 8.70262228e-01
1.17670000e+04 3.36970510e-02 9.18688539e-01 3.67117065e-02 8.66847352e-01
1.17680000e+04 3.36249140e-02 9.16296667e-01 3.67171196e-02 8.64662884e-01
1.17690000e+04 3.35954920e-02 9.15175722e-01 3.67225328e-02 8.63677461e-01
1.17700000e+04 3.36092630e-02 9.15339927e-01 3.67279460e-02 8.63904806e-01
1.17710000e+04 3.36667860e-02 9.16805913e-01 3.67333592e-02 8.65360923e-01
1.17720000e+04 3.37664990e-02 9.19527205e-01 3.67387723e-02 8.68002251e-01
1.17730000e+04 3.39029940e-02 9.23342896e-01 3.67441855e-02 8.71677183e-01
1.17740000e+04 3.40667650e-02 9.27970148e-01 3.67495987e-02 8.76118945e-01
1.17750000e+04 3.42455380e-02 9.33043764e-01 3.67550119e-02 8.80982910e-01
1.17760000e+04 3.44263720e-02 9.38178702e-01 3.67604250e-02 8.85905596e-01
1.17770000e+04 3.45973440e-02 9.43020210e-01 3.67658382e-02 8.90552004e-01
1.17780000e+04 3.47480990e-02 9.47260188e-01 3.67712514e-02 8.94631081e-01
1.17790000e+04 3.48695140e-02 9.50627194e-01 3.67766645e-02 8.97886303e-01
1.17800000e+04 3.49532480e-02 9.52873053e-01 3.67820777e-02 9.00083036e-01
1.17810000e+04 3.49919090e-02 9.53777826e-01 3.67874909e-02 9.01013243e-01
1.17820000e+04 3.49801340e-02 9.53181944e-01 3.67929041e-02 9.00525851e-01
1.17830000e+04 3.49165000e-02 9.51043067e-01 3.67983172e-02 8.98580499e-01
1.17840000e+04 3.48056800e-02 9.47500235e-01 3.68037304e-02 8.95308200e-01
1.17850000e+04 3.46598020e-02 9.42914299e-01 3.68091436e-02 8.91049624e-01
1.17860000e+04 3.44979950e-02 9.37854418e-01 3.68145567e-02 8.86342420e-01
1.17870000e+04 3.43438510e-02 9.33022539e-01 3.68199699e-02 8.81849923e-01
1.17880000e+04 3.42215670e-02 9.29138611e-01 3.68253831e-02 8.78252707e-01
1.17890000e+04 3.41520680e-02 9.26825229e-01 3.68307963e-02 8.76139544e-01
1.17900000e+04 3.41501100e-02 9.26521438e-01 3.68362094e-02 8.75925878e-01
1.17910000e+04 3.42226650e-02 9.28434681e-01 3.68416226e-02 8.77808317e-01
1.17920000e+04 3.43685090e-02 9.32528539e-01 3.68470358e-02 8.81752955e-01
1.17930000e+04 3.45788840e-02 9.38542430e-01 3.68524490e-02 8.87513895e-01
1.17940000e+04 3.48393780e-02 9.46047543e-01 3.68578621e-02 8.94686066e-01
1.17950000e+04 3.51330320e-02 9.54539288e-01 3.68632753e-02 9.02792586e-01
1.17960000e+04 3.54441320e-02 9.63550115e-01 3.68686885e-02 9.11391451e-01
1.17970000e+04 3.57613410e-02 9.72742707e-01 3.68741016e-02 9.20163701e-01
1.17980000e+04 3.60786730e-02 9.81938958e-01 3.68795148e-02 9.28940886e-01
1.17990000e+04 3.63939080e-02 9.91072817e-01 3.68849280e-02 9.37660515e-01
1.18000000e+04 3.67057720e-02 1.00010638e+00 3.68903412e-02 9.46286707e-01
1.18010000e+04 3.70117870e-02 1.00896590e+00 3.68957543e-02 9.54749670e-01
1.18020000e+04 3.73078190e-02 1.01752840e+00 3.69011675e-02 9.62932962e-01
1.18030000e+04 3.75889230e-02 1.02564674e+00 3.69065807e-02 9.70697263e-01
1.18040000e+04 3.78504650e-02 1.03318304e+00 3.69119938e-02 9.77911964e-01
1.18050000e+04 3.80887000e-02 1.04002586e+00 3.69174070e-02 9.84471453e-01
1.18060000e+04 3.83007540e-02 1.04608971e+00 3.69228202e-02 9.90294612e-01
1.18070000e+04 3.84844220e-02 1.05130897e+00 3.69282334e-02 9.95319143e-01
1.18080000e+04 3.86382750e-02 1.05564112e+00 3.69336465e-02 9.99504589e-01
1.18090000e+04 3.87621840e-02 1.05908234e+00 3.69390597e-02 1.00284710e+00
1.18100000e+04 3.88579870e-02 1.06168729e+00 3.69444729e-02 1.00539826e+00
1.18110000e+04 3.89297490e-02 1.06357694e+00 3.69498861e-02 1.00727240e+00
1.18120000e+04 3.89831880e-02 1.06492141e+00 3.69552992e-02 1.00863050e+00
1.18130000e+04 3.90242640e-02 1.06589804e+00 3.69607124e-02 1.00964041e+00
1.18140000e+04 3.90576760e-02 1.06664664e+00 3.69661256e-02 1.01043446e+00
