# # source: .\new_experimental\Pt_foil_5.txt
# # site: foil_5
# # columns: Energy(eV) Abs_raw Preedge_normalized PredictedPost_raw Final_normalized
# 
1.15150000e+04 -1.81970554e+00 5.11925278e-03 9.61677535e-02 -2.29473048e-03
1.15155000e+04 -1.81931820e+00 5.02658839e-03 9.63227678e-02 -2.25337236e-03
1.15159970e+04 -1.81908421e+00 5.10863577e-03 9.64768521e-02 -2.29033445e-03
1.15165000e+04 -1.81906144e+00 5.43852260e-03 9.66327965e-02 -2.43842637e-03
1.15169990e+04 -1.81930924e+00 6.07759406e-03 9.67875008e-02 -2.72517795e-03
1.15174970e+04 -1.81864282e+00 5.66167743e-03 9.69418951e-02 -2.53888309e-03
1.15180040e+04 -1.81533106e+00 2.20152097e-03 9.70990796e-02 -9.87314319e-04
1.15185010e+04 -1.81437728e+00 1.45351747e-03 9.72531639e-02 -6.51909343e-04
1.15190010e+04 -1.81470229e+00 2.18232783e-03 9.74081782e-02 -9.78862046e-04
1.15195040e+04 -1.81486095e+00 2.72143505e-03 9.75641226e-02 -1.22077108e-03
1.15199990e+04 -1.81313586e+00 1.08253555e-03 9.77175868e-02 -4.85637972e-04
1.15205020e+04 -1.81373866e+00 2.13382984e-03 9.78735312e-02 -9.57337380e-04
1.15210020e+04 -1.81293477e+00 1.56078998e-03 9.80285456e-02 -7.00300218e-04
1.15214980e+04 -1.81138350e+00 1.23056430e-04 9.81823198e-02 -5.52177103e-05
1.15220020e+04 -1.81267759e+00 1.97224860e-03 9.83385743e-02 -8.85055654e-04
1.15225090e+04 -1.81086951e+00 2.46140689e-04 9.84957588e-02 -1.10465684e-04
1.15230050e+04 -1.81066230e+00 3.58365734e-04 9.86495330e-02 -1.60843957e-04
1.15235000e+04 -1.80992973e+00 -1.35955898e-04 9.88029972e-02 6.10253883e-05
1.15240020e+04 -1.80903098e+00 -8.16964027e-04 9.89586316e-02 3.66733134e-04
1.15244980e+04 -1.80979493e+00 4.15209695e-04 9.91124058e-02 -1.86401329e-04
1.15250040e+04 -1.80765361e+00 -1.69590272e-03 9.92692803e-02 7.61408032e-04
1.15255010e+04 -1.80574899e+00 -3.54042182e-03 9.94233646e-02 1.58966606e-03
1.15260040e+04 -1.80656810e+00 -2.23967979e-03 9.95793090e-02 1.00570734e-03
1.15264980e+04 -1.80442058e+00 -4.36644327e-03 9.97324632e-02 1.96086497e-03
1.15270010e+04 -1.80405228e+00 -4.43502589e-03 9.98884076e-02 1.99182338e-03
1.15274980e+04 -1.80332874e+00 -4.91751268e-03 1.00042492e-01 2.20868888e-03
1.15279990e+04 -1.80142557e+00 -6.75753179e-03 1.00197816e-01 3.03537129e-03
1.15285010e+04 -1.79970182e+00 -8.38993174e-03 1.00353451e-01 3.76891977e-03
1.15289970e+04 -1.80076511e+00 -6.81256175e-03 1.00507225e-01 3.06057654e-03
1.15295020e+04 -1.80152569e+00 -5.57789844e-03 1.00663789e-01 2.50609973e-03
1.15300030e+04 -1.80377476e+00 -2.62955312e-03 1.00819114e-01 1.18152897e-03
1.15304960e+04 -1.80401624e+00 -2.00201586e-03 1.00971958e-01 8.99630287e-04
1.15310010e+04 -1.79971972e+00 -6.59920766e-03 1.01128522e-01 2.96567333e-03
1.15315000e+04 -1.80047909e+00 -5.37019987e-03 1.01283227e-01 2.41355120e-03
1.15320000e+04 -1.79842441e+00 -7.38564038e-03 1.01438241e-01 3.31962361e-03
1.15325010e+04 -1.79893608e+00 -6.44085330e-03 1.01593565e-01 2.89520145e-03
1.15330020e+04 -1.80036584e+00 -4.43734017e-03 1.01748890e-01 1.99476987e-03
1.15335000e+04 -1.80108776e+00 -3.25222187e-03 1.01903284e-01 1.46212578e-03
1.15340010e+04 -1.80481413e+00 1.39976453e-03 1.02058608e-01 -6.29352922e-04
1.15345020e+04 -1.80826739e+00 5.73678881e-03 1.02213933e-01 -2.57954338e-03
1.15350040e+04 -1.80802517e+00 5.81288481e-03 1.02369567e-01 -2.61396920e-03
1.15355040e+04 -1.80873287e+00 6.98302396e-03 1.02524581e-01 -3.14041413e-03
1.15360000e+04 -1.80896499e+00 7.60189232e-03 1.02678356e-01 -3.41900291e-03
1.15365010e+04 -1.81162462e+00 1.10236978e-02 1.02833680e-01 -4.95837958e-03
1.15370040e+04 -1.81409926e+00 1.42335992e-02 1.02989624e-01 -6.40268392e-03
1.15375000e+04 -1.81517536e+00 1.58257326e-02 1.03143399e-01 -7.11943496e-03
1.15380030e+04 -1.81593935e+00 1.70629080e-02 1.03299343e-01 -7.67661242e-03
1.15385010e+04 -1.81716653e+00 1.88306919e-02 1.03453737e-01 -8.47261287e-03
1.15390020e+04 -1.81588153e+00 1.77035618e-02 1.03609062e-01 -7.96611305e-03
1.15395000e+04 -1.81527653e+00 1.73584696e-02 1.03763456e-01 -7.81145206e-03
1.15400020e+04 -1.81323615e+00 1.53609367e-02 1.03919090e-01 -6.91310004e-03
1.15405020e+04 -1.81168973e+00 1.39316195e-02 1.04074105e-01 -6.27034469e-03
1.15410070e+04 -1.80777376e+00 9.77326850e-03 1.04230669e-01 -4.39910834e-03
1.15415010e+04 -1.80265157e+00 4.21612897e-03 1.04383823e-01 -1.89789846e-03
1.15419990e+04 -1.79837752e+00 -3.60115568e-04 1.04538218e-01 1.62119599e-04
1.15424990e+04 -1.79196200e+00 -7.40447460e-03 1.04693232e-01 3.33366957e-03
1.15429970e+04 -1.78503672e+00 -1.50381222e-02 1.04847626e-01 6.77105680e-03
1.15435010e+04 -1.77891455e+00 -2.17413662e-02 1.05003881e-01 9.79004391e-03
1.15440030e+04 -1.77429012e+00 -2.67188302e-02 1.05159515e-01 1.20323395e-02
1.15445010e+04 -1.76732118e+00 -3.44028097e-02 1.05313909e-01 1.54939126e-02
1.15449980e+04 -1.76018226e+00 -4.22835329e-02 1.05467994e-01 1.90446475e-02
1.15455020e+04 -1.75646555e+00 -4.62127922e-02 1.05624248e-01 2.08160755e-02
1.15460020e+04 -1.75077153e+00 -5.24251269e-02 1.05779262e-01 2.36162444e-02
1.15464970e+04 -1.74304978e+00 -6.09793834e-02 1.05932727e-01 2.74719019e-02
1.15469990e+04 -1.73460491e+00 -7.03625757e-02 1.06088361e-01 3.17016795e-02
1.15474940e+04 -1.72801826e+00 -7.76078364e-02 1.06241825e-01 3.49687798e-02
1.15479960e+04 -1.72299474e+00 -8.30455248e-02 1.06397460e-01 3.74219130e-02
1.15485020e+04 -1.71660669e+00 -9.00539658e-02 1.06554334e-01 4.05833340e-02
1.15489960e+04 -1.71005717e+00 -9.72571159e-02 1.06707488e-01 4.38329364e-02
1.15494980e+04 -1.70123846e+00 -1.07071430e-01 1.06863123e-01 4.82600357e-02
1.15500000e+04 -1.69623398e+00 -1.12487166e-01 1.07018757e-01 5.07051264e-02
1.15504990e+04 -1.68748406e+00 -1.22224268e-01 1.07173461e-01 5.50986546e-02
1.15510000e+04 -1.67609347e+00 -1.35005181e-01 1.07328786e-01 6.08651619e-02
1.15514940e+04 -1.66881677e+00 -1.43046917e-01 1.07481940e-01 6.44957593e-02
1.15520020e+04 -1.65906603e+00 -1.53931800e-01 1.07639434e-01 6.94090808e-02
1.15524990e+04 -1.64897579e+00 -1.65215980e-01 1.07793519e-01 7.45031308e-02
1.15529960e+04 -1.63808006e+00 -1.77429045e-01 1.07947603e-01 8.00168991e-02
1.15535040e+04 -1.62411974e+00 -1.93168423e-01 1.08105098e-01 8.71221193e-02
1.15540020e+04 -1.60685915e+00 -2.12720742e-01 1.08259492e-01 9.59481800e-02
1.15545000e+04 -1.58842321e+00 -2.33628489e-01 1.08413886e-01 1.05387065e-01
1.15549980e+04 -1.56588866e+00 -2.59262749e-01 1.08568280e-01 1.16959699e-01
1.15555000e+04 -1.54305760e+00 -2.85236111e-01 1.08723915e-01 1.28687249e-01
1.15560020e+04 -1.51544636e+00 -3.16721987e-01 1.08879549e-01 1.42903911e-01
1.15564980e+04 -1.48308145e+00 -3.53694033e-01 1.09033323e-01 1.59598246e-01
1.15569970e+04 -1.44424617e+00 -3.98125600e-01 1.09188028e-01 1.79661564e-01
1.15575030e+04 -1.40196496e+00 -4.46526067e-01 1.09344902e-01 2.01519496e-01
1.15580020e+04 -1.34886927e+00 -5.07402741e-01 1.09499607e-01 2.29011745e-01
1.15585000e+04 -1.28499751e+00 -5.80707102e-01 1.09654001e-01 2.62117921e-01
1.15590000e+04 -1.21016012e+00 -6.66655629e-01 1.09809015e-01 3.00937215e-01
1.15594980e+04 -1.11926613e+00 -7.71122041e-01 1.09963409e-01 3.48122504e-01
1.15600030e+04 -1.00393697e+00 -9.03762157e-01 1.10119974e-01 4.08035791e-01
1.15605010e+04 -8.67151710e-01 -1.06115042e+00 1.10274368e-01 4.79132575e-01
1.15609970e+04 -6.98337243e-01 -1.25547621e+00 1.10428142e-01 5.66919948e-01
1.15615020e+04 -4.89966839e-01 -1.49541156e+00 1.10584707e-01 6.75319230e-01
1.15620020e+04 -2.53454024e-01 -1.76780430e+00 1.10739721e-01 7.98394170e-01
1.15624980e+04 3.61827483e-03 -2.06390908e+00 1.10893495e-01 9.32198169e-01
1.15630020e+04 2.61848934e-01 -2.36134403e+00 1.11049750e-01 1.06662564e+00
1.15634980e+04 4.86318323e-01 -2.61985111e+00 1.11203524e-01 1.18348806e+00
1.15639980e+04 6.37932528e-01 -2.79433871e+00 1.11358538e-01 1.26241201e+00
1.15644990e+04 7.18018970e-01 -2.88633973e+00 1.11513863e-01 1.30408047e+00
1.15649950e+04 7.28704447e-01 -2.89831105e+00 1.11667637e-01 1.30959335e+00
1.15655010e+04 6.93569096e-01 -2.85743467e+00 1.11824512e-01 1.29122820e+00
1.15660010e+04 6.27546289e-01 -2.78094310e+00 1.11979526e-01 1.25676364e+00
1.15665000e+04 5.58241432e-01 -2.70066738e+00 1.12134230e-01 1.22058308e+00
1.15670020e+04 4.90057773e-01 -2.62168250e+00 1.12289865e-01 1.18498075e+00
1.15674980e+04 4.17392750e-01 -2.53753396e+00 1.12443639e-01 1.14703747e+00
1.15680010e+04 3.54998399e-01 -2.46522461e+00 1.12599583e-01 1.11444147e+00
1.15685030e+04 3.09994780e-01 -2.41297097e+00 1.12755218e-01 1.09090726e+00
1.15689980e+04 2.61096053e-01 -2.35623045e+00 1.12908682e-01 1.06533937e+00
1.15695000e+04 2.22331598e-01 -2.31117182e+00 1.13064316e-01 1.04505083e+00
1.15699980e+04 1.98668086e-01 -2.28353044e+00 1.13218710e-01 1.03263462e+00
1.15704980e+04 1.69270123e-01 -2.24927467e+00 1.13373725e-01 1.01722542e+00
1.15710010e+04 1.36524033e-01 -2.21115572e+00 1.13529669e-01 1.00006697e+00
1.15714980e+04 1.14045794e-01 -2.18488190e+00 1.13683753e-01 9.88262590e-01
1.15720000e+04 1.00685705e-01 -2.16911961e+00 1.13839388e-01 9.81212046e-01
1.15724990e+04 7.79872806e-02 -2.14259046e+00 1.13994092e-01 9.69289068e-01
1.15730040e+04 6.30833668e-02 -2.12504570e+00 1.14150657e-01 9.61429889e-01
1.15735010e+04 5.69352754e-02 -2.11760382e+00 1.14304741e-01 9.58139403e-01
1.15740040e+04 5.95973097e-02 -2.12031755e+00 1.14460685e-01 9.59444724e-01
1.15744980e+04 6.01048671e-02 -2.12055309e+00 1.14613840e-01 9.59627405e-01
1.15750010e+04 6.37625691e-02 -2.12441502e+00 1.14769784e-01 9.61452701e-01
1.15755000e+04 7.33238972e-02 -2.13508784e+00 1.14924488e-01 9.66360348e-01
1.15759980e+04 9.01040581e-02 -2.15408614e+00 1.15078883e-01 9.75037112e-01
1.15764950e+04 1.01324543e-01 -2.16667372e+00 1.15232967e-01 9.80813094e-01
1.15770040e+04 1.15222111e-01 -2.18234001e+00 1.15390771e-01 9.87985691e-01
1.15774940e+04 1.33165903e-01 -2.20268587e+00 1.15542685e-01 9.97275116e-01
1.15780030e+04 1.44395118e-01 -2.21527503e+00 1.15700490e-01 1.00305691e+00
1.15784990e+04 1.50156205e-01 -2.22156753e+00 1.15854264e-01 1.00598624e+00
1.15790040e+04 1.54341019e-01 -2.22603591e+00 1.16010829e-01 1.00809142e+00
1.15795010e+04 1.58310690e-01 -2.23026184e+00 1.16164913e-01 1.01008584e+00
1.15800000e+04 1.43168456e-01 -2.21244650e+00 1.16319617e-01 1.00209761e+00
1.15804970e+04 1.31684148e-01 -2.19885090e+00 1.16473702e-01 9.96019200e-01
1.15810010e+04 1.15604224e-01 -2.17995067e+00 1.16629956e-01 9.87537891e-01
1.15815010e+04 9.62445088e-02 -2.15727102e+00 1.16784970e-01 9.77342327e-01
1.15820000e+04 7.62976740e-02 -2.13391500e+00 1.16939675e-01 9.66838522e-01
1.15825000e+04 6.08314794e-02 -2.11572536e+00 1.17094689e-01 9.58674163e-01
1.15829970e+04 5.31808115e-02 -2.10655071e+00 1.17248773e-01 9.54593221e-01
1.15834990e+04 4.48287897e-02 -2.09656372e+00 1.17404408e-01 9.50144244e-01
1.15839970e+04 4.09964938e-02 -2.09179172e+00 1.17558802e-01 9.48057514e-01
1.15844950e+04 4.18747930e-02 -2.09245197e+00 1.17713196e-01 9.48432698e-01
1.15849990e+04 4.42956330e-02 -2.09488684e+00 1.17869451e-01 9.49613289e-01
1.15855040e+04 4.30385776e-02 -2.09307965e+00 1.18026015e-01 9.48871141e-01
1.15859990e+04 4.31712100e-02 -2.09288212e+00 1.18179479e-01 9.48857129e-01
1.15865030e+04 5.16082389e-02 -2.10225486e+00 1.18335734e-01 9.53183743e-01
1.15870030e+04 5.74749239e-02 -2.10866631e+00 1.18490748e-01 9.56167655e-01
1.15874970e+04 6.49771300e-02 -2.11696810e+00 1.18643902e-01 9.60008354e-01
1.15880020e+04 7.84968475e-02 -2.13220149e+00 1.18800467e-01 9.66994990e-01
1.15885010e+04 9.53887180e-02 -2.15132790e+00 1.18955171e-01 9.75747523e-01
1.15890020e+04 1.12454712e-01 -2.17065369e+00 1.19110495e-01 9.84592216e-01
1.15894970e+04 1.30775948e-01 -2.19143128e+00 1.19263960e-01 9.94095952e-01
1.15899970e+04 1.54364156e-01 -2.21827921e+00 1.19418974e-01 1.00635591e+00
1.15905020e+04 1.79208915e-01 -2.24657264e+00 1.19575538e-01 1.01927449e+00
1.15910020e+04 2.00166194e-01 -2.27038658e+00 1.19730553e-01 1.03016182e+00
1.15914980e+04 2.25652814e-01 -2.29942659e+00 1.19884327e-01 1.04342169e+00
1.15919990e+04 2.43138572e-01 -2.31923645e+00 1.20039651e-01 1.05249579e+00
1.15924990e+04 2.49907996e-01 -2.32668894e+00 1.20194666e-01 1.05596281e+00
1.15930000e+04 2.55365247e-01 -2.33262752e+00 1.20349990e-01 1.05874342e+00
1.15934970e+04 2.54438207e-01 -2.33120657e+00 1.20504074e-01 1.05818315e+00
1.15939980e+04 2.47137574e-01 -2.32243275e+00 1.20659399e-01 1.05428558e+00
1.15945010e+04 2.37718078e-01 -2.31121404e+00 1.20815343e-01 1.04927776e+00
1.15949980e+04 2.24550741e-01 -2.29567756e+00 1.20969427e-01 1.04230771e+00
1.15955000e+04 2.12064490e-01 -2.28092298e+00 1.21125062e-01 1.03569242e+00
1.15960010e+04 1.94961041e-01 -2.26084455e+00 1.21280386e-01 1.02665831e+00
1.15965020e+04 1.80634214e-01 -2.24396811e+00 1.21435710e-01 1.01907690e+00
1.15970010e+04 1.67151025e-01 -2.22806598e+00 1.21590415e-01 1.01193645e+00
1.15975020e+04 1.55874215e-01 -2.21470683e+00 1.21745739e-01 1.00595023e+00
1.15980020e+04 1.41346420e-01 -2.19759935e+00 1.21900753e-01 9.98260198e-01
1.15985000e+04 1.32768804e-01 -2.18735504e+00 1.22055148e-01 9.93686456e-01
1.15990010e+04 1.29530242e-01 -2.18326561e+00 1.22210472e-01 9.91908764e-01
1.15994970e+04 1.22459195e-01 -2.17476009e+00 1.22364246e-01 9.88123495e-01
1.16000000e+04 1.14048505e-01 -2.16470473e+00 1.22520191e-01 9.83634492e-01
1.16005000e+04 1.16580918e-01 -2.16727110e+00 1.22675205e-01 9.84880017e-01
1.16009980e+04 1.14662026e-01 -2.16470563e+00 1.22829599e-01 9.83793162e-01
1.16015020e+04 1.12154569e-01 -2.16145718e+00 1.22985854e-01 9.82396663e-01
1.16020000e+04 1.06039630e-01 -2.15405283e+00 1.23140248e-01 9.79109952e-01
1.16024990e+04 1.01451410e-01 -2.14840838e+00 1.23294952e-01 9.76622886e-01
1.16029970e+04 9.49942605e-02 -2.14060940e+00 1.23449347e-01 9.73155774e-01
1.16035020e+04 9.10137334e-02 -2.13566149e+00 1.23605911e-01 9.70985455e-01
1.16040030e+04 8.19673984e-02 -2.12487453e+00 1.23761236e-01 9.66159195e-01
1.16044990e+04 7.79188450e-02 -2.11985455e+00 1.23915010e-01 9.63953779e-01
1.16049980e+04 7.39800906e-02 -2.11495907e+00 1.24069714e-01 9.61805093e-01
1.16054980e+04 6.93843979e-02 -2.10930530e+00 1.24224728e-01 9.59311345e-01
1.16059980e+04 6.09656340e-02 -2.09924276e+00 1.24379743e-01 9.54811927e-01
1.16064970e+04 6.10790423e-02 -2.09902023e+00 1.24534447e-01 9.54787587e-01
1.16069990e+04 6.39907328e-02 -2.10202257e+00 1.24690081e-01 9.56230724e-01
1.16074970e+04 6.23307655e-02 -2.09975569e+00 1.24844476e-01 9.55276270e-01
1.16079980e+04 6.70690522e-02 -2.10486516e+00 1.24999800e-01 9.57678238e-01
