# # source: .\new_experimental\Pt_foil_6.txt
# # site: foil_6
# # columns: Energy(eV) Abs_raw Preedge_normalized PredictedPost_raw Final_normalized
# 
1.15150010e+04 4.32180474e-01 6.62607689e-04 2.38042181e+00 4.75294234e-04
1.15155040e+04 4.32029086e-01 -4.92551577e-04 2.38062792e+00 -3.53543173e-04
1.15159980e+04 4.30243241e-01 -2.78394023e-03 2.38083034e+00 -1.99954142e-03
1.15165030e+04 4.29963078e-01 -4.03426614e-03 2.38103726e+00 -2.89948731e-03
1.15169990e+04 4.29412616e-01 -5.45684277e-03 2.38124050e+00 -3.92445509e-03
1.15175040e+04 4.30745832e-01 -5.56708001e-03 2.38144743e+00 -4.00637809e-03
1.15180000e+04 4.34020714e-01 -4.28648971e-03 2.38165067e+00 -3.08679563e-03
1.15184980e+04 4.34235385e-01 -5.17255522e-03 2.38185473e+00 -3.72729846e-03
1.15190010e+04 4.37735258e-01 -3.74756311e-03 2.38206084e+00 -2.70224026e-03
1.15195010e+04 4.39798492e-01 -3.33151504e-03 2.38226571e+00 -2.40381607e-03
1.15200000e+04 4.42471843e-01 -2.48224635e-03 2.38247018e+00 -1.79220797e-03
1.15205000e+04 4.43581597e-01 -2.73997304e-03 2.38267506e+00 -1.97958720e-03
1.15209970e+04 4.47519785e-01 -9.92743455e-04 2.38287871e+00 -7.17709477e-04
1.15214980e+04 4.47830782e-01 -1.81699217e-03 2.38308400e+00 -1.31446937e-03
1.15219980e+04 4.52349104e-01 3.33935177e-04 2.38328888e+00 2.41738026e-04
1.15225000e+04 4.53740856e-01 2.71314487e-04 2.38349457e+00 1.96536175e-04
1.15229980e+04 4.56791085e-01 1.38898662e-03 2.38369863e+00 1.00682084e-03
1.15234980e+04 4.59123575e-01 1.99530359e-03 2.38390351e+00 1.44726836e-03
1.15240020e+04 4.62704004e-01 3.47513664e-03 2.38411003e+00 2.52232123e-03
1.15245000e+04 4.65737321e-01 4.58085770e-03 2.38431409e+00 3.32705892e-03
1.15250000e+04 4.64621470e-01 2.75041507e-03 2.38451896e+00 1.99893396e-03
1.15255060e+04 4.66486948e-01 3.01421603e-03 2.38472630e+00 2.19212204e-03
1.15259990e+04 4.66978275e-01 2.33406757e-03 2.38492831e+00 1.69858254e-03
1.15265030e+04 4.69791261e-01 3.27158952e-03 2.38513483e+00 2.38243697e-03
1.15270000e+04 4.69993945e-01 2.37913731e-03 2.38533848e+00 1.73367493e-03
1.15275020e+04 4.70989319e-01 2.03641718e-03 2.38554418e+00 1.48492161e-03
1.15279970e+04 4.70430068e-01 6.09713303e-04 2.38574700e+00 4.44884447e-04
1.15284990e+04 4.74624830e-01 2.52783082e-03 2.38595270e+00 1.84568912e-03
1.15290020e+04 4.72701814e-01 1.20755562e-04 2.38615881e+00 8.82282075e-05
1.15295000e+04 4.75154469e-01 8.16154069e-04 2.38636287e+00 5.96704807e-04
1.15299990e+04 4.74957923e-01 -3.62580876e-04 2.38656734e+00 -2.65265104e-04
1.15305000e+04 4.77239975e-01 2.06010049e-04 2.38677262e+00 1.50817876e-04
1.15310010e+04 4.76176797e-01 -1.58929529e-03 2.38697791e+00 -1.16428255e-03
1.15315010e+04 4.78770968e-01 -7.98063296e-04 2.38718279e+00 -5.85032678e-04
1.15320000e+04 4.79453269e-01 -1.35576349e-03 2.38738726e+00 -9.94524141e-04
1.15324960e+04 4.81654780e-01 -8.33667194e-04 2.38759050e+00 -6.11943281e-04
1.15330000e+04 4.82144169e-01 -1.53810774e-03 2.38779702e+00 -1.12978838e-03
1.15335010e+04 4.85294091e-01 -3.56239691e-04 2.38800230e+00 -2.61844223e-04
1.15339990e+04 4.85741940e-01 -1.07753087e-03 2.38820636e+00 -7.92536387e-04
1.15344980e+04 4.87779328e-01 -6.77663734e-04 2.38841083e+00 -4.98761941e-04
1.15350030e+04 4.86977423e-01 -2.29667633e-03 2.38861776e+00 -1.69150040e-03
1.15355010e+04 4.86847157e-01 -3.42649098e-03 2.38882182e+00 -2.52529014e-03
1.15360050e+04 4.87374316e-01 -4.10424116e-03 2.38902833e+00 -3.02682718e-03
1.15364940e+04 4.89921780e-01 -3.32309177e-03 2.38922870e+00 -2.45234528e-03
1.15369990e+04 4.89326730e-01 -4.79593145e-03 2.38943563e+00 -3.54165525e-03
1.15375000e+04 4.92750068e-01 -3.42085427e-03 2.38964092e+00 -2.52789943e-03
1.15379990e+04 4.94285079e-01 -3.37598984e-03 2.38984539e+00 -2.49641787e-03
1.15384950e+04 4.95773473e-01 -3.35781566e-03 2.39004863e+00 -2.48463374e-03
1.15389970e+04 4.98806718e-01 -2.26048100e-03 2.39025433e+00 -1.67378420e-03
1.15394970e+04 5.01446195e-01 -1.43723306e-03 2.39045920e+00 -1.06492226e-03
1.15399980e+04 5.03335699e-01 -1.14603480e-03 2.39066449e+00 -8.49730869e-04
1.15405030e+04 5.06596431e-01 1.05801081e-04 2.39087142e+00 7.84999025e-05
1.15410050e+04 5.06420218e-01 -1.06481692e-03 2.39107712e+00 -7.90583636e-04
1.15414990e+04 5.10220266e-01 5.91048335e-04 2.39127954e+00 4.39122059e-04
1.15419980e+04 5.12087522e-01 8.70691899e-04 2.39148400e+00 6.47320353e-04
1.15424990e+04 5.14944829e-01 1.84578522e-03 2.39168929e+00 1.37318736e-03
1.15430010e+04 5.18152593e-01 3.06644371e-03 2.39189499e+00 2.28285479e-03
1.15435010e+04 5.20055184e-01 3.36897289e-03 2.39209987e+00 2.50977329e-03
1.15440010e+04 5.23997699e-01 5.11300884e-03 2.39230475e+00 3.81160074e-03
1.15445010e+04 5.27984653e-01 6.88844678e-03 2.39250962e+00 5.13861700e-03
1.15450010e+04 5.32768153e-01 9.22676186e-03 2.39271450e+00 6.88760980e-03
1.15455030e+04 5.35562444e-01 1.01552409e-02 2.39292020e+00 7.58586502e-03
1.15459970e+04 5.38550562e-01 1.12373580e-02 2.39312262e+00 8.39982509e-03
1.15465010e+04 5.42282707e-01 1.28244008e-02 2.39332914e+00 9.59268868e-03
1.15469990e+04 5.47893158e-01 1.57512460e-02 2.39353320e+00 1.17899532e-02
1.15475000e+04 5.52267621e-01 1.77984321e-02 2.39373848e+00 1.33313700e-02
1.15479990e+04 5.55072655e-01 1.87407540e-02 2.39394295e+00 1.40467221e-02
1.15485020e+04 5.60496705e-01 2.15254600e-02 2.39414906e+00 1.61449918e-02
1.15490010e+04 5.68220008e-01 2.59432614e-02 2.39435353e+00 1.94717620e-02
1.15494960e+04 5.75366821e-01 2.99620230e-02 2.39455636e+00 2.25032342e-02
1.15500020e+04 5.82637721e-01 3.40455485e-02 2.39476369e+00 2.55878612e-02
1.15504990e+04 5.91204535e-01 3.90635815e-02 2.39496734e+00 2.93792309e-02
1.15510020e+04 6.00983874e-01 4.49259385e-02 2.39517345e+00 3.38114656e-02
1.15515010e+04 6.10002518e-01 5.02590888e-02 2.39537792e+00 3.78510343e-02
1.15520020e+04 6.19637215e-01 5.60234025e-02 2.39558321e+00 4.22211751e-02
1.15525020e+04 6.32629962e-01 6.41627557e-02 2.39578809e+00 4.83883872e-02
1.15530020e+04 6.45737566e-01 7.23832726e-02 2.39599296e+00 5.46253032e-02
1.15535010e+04 6.60826100e-01 8.20056911e-02 2.39619743e+00 6.19293832e-02
1.15540010e+04 6.77472782e-01 9.27270855e-02 2.39640231e+00 7.00740609e-02
1.15544970e+04 6.95706315e-01 1.04578159e-01 2.39660555e+00 7.90837771e-02
1.15550000e+04 7.16937137e-01 1.18532670e-01 2.39681166e+00 8.96983785e-02
1.15555030e+04 7.41153405e-01 1.34596837e-01 2.39701776e+00 1.01925230e-01
1.15560040e+04 7.67773800e-01 1.52364041e-01 2.39722305e+00 1.15459231e-01
1.15565010e+04 8.00626155e-01 1.74543375e-01 2.39742670e+00 1.32356933e-01
1.15570000e+04 8.38066424e-01 1.99960576e-01 2.39763117e+00 1.51735169e-01
1.15574960e+04 8.82759276e-01 2.30509043e-01 2.39783441e+00 1.75035765e-01
1.15580000e+04 9.33416550e-01 2.65255580e-01 2.39804093e+00 2.01560447e-01
1.15584980e+04 9.97899429e-01 3.09784439e-01 2.39824499e+00 2.35558592e-01
1.15590000e+04 1.07185720e+00 3.61000366e-01 2.39845068e+00 2.74693362e-01
1.15594990e+04 1.16513036e+00 4.25871703e-01 2.39865515e+00 3.24279046e-01
1.15600030e+04 1.27453823e+00 5.02134157e-01 2.39886167e+00 3.82615586e-01
1.15605070e+04 1.41513407e+00 6.00435499e-01 2.39906819e+00 4.57838443e-01
1.15610000e+04 1.58326719e+00 7.18218894e-01 2.39927020e+00 5.48023667e-01
1.15614950e+04 1.78883897e+00 8.62454028e-01 2.39947303e+00 6.58531335e-01
1.15620050e+04 2.02252974e+00 1.02652810e+00 2.39968200e+00 7.84365668e-01
1.15624990e+04 2.28538979e+00 1.21124789e+00 2.39988442e+00 9.26144141e-01
1.15629950e+04 2.54290120e+00 1.39218391e+00 2.40008766e+00 1.06522509e+00
1.15634980e+04 2.76805082e+00 1.55023700e+00 2.40029377e+00 1.18698855e+00
1.15639970e+04 2.93132845e+00 1.66457678e+00 2.40049824e+00 1.27542145e+00
1.15644990e+04 3.00316628e+00 1.71429465e+00 2.40070393e+00 1.31443415e+00
1.15650060e+04 3.02233347e+00 1.72678257e+00 2.40091168e+00 1.32494465e+00
1.15655040e+04 2.98288076e+00 1.69786567e+00 2.40111574e+00 1.30366164e+00
1.15659990e+04 2.92857481e+00 1.65845903e+00 2.40131857e+00 1.27428386e+00
1.15664980e+04 2.85297317e+00 1.60399553e+00 2.40152304e+00 1.23329535e+00
1.15670000e+04 2.77642791e+00 1.54885897e+00 2.40172873e+00 1.19173680e+00
1.15674970e+04 2.71284512e+00 1.50289271e+00 2.40193238e+00 1.15717268e+00
1.15680010e+04 2.64644564e+00 1.45492146e+00 2.40213890e+00 1.12102661e+00
1.15685030e+04 2.59855032e+00 1.42003029e+00 2.40234460e+00 1.09491185e+00
1.15689980e+04 2.55167381e+00 1.38587364e+00 2.40254743e+00 1.06931662e+00
1.15694970e+04 2.52217121e+00 1.36398587e+00 2.40275190e+00 1.05316479e+00
1.15699980e+04 2.48423776e+00 1.33613631e+00 2.40295718e+00 1.03238678e+00
1.15705000e+04 2.46071833e+00 1.31847028e+00 2.40316288e+00 1.01945497e+00
1.15709970e+04 2.43074508e+00 1.29625410e+00 2.40336653e+00 1.00297716e+00
1.15715030e+04 2.40940714e+00 1.28012128e+00 2.40357387e+00 9.91199159e-01
1.15719990e+04 2.38770687e+00 1.26375326e+00 2.40377711e+00 9.79208357e-01
1.15725010e+04 2.37384102e+00 1.25290890e+00 2.40398280e+00 9.71491961e-01
1.15729990e+04 2.35602375e+00 1.23928062e+00 2.40418686e+00 9.61599082e-01
1.15735030e+04 2.35249899e+00 1.23573960e+00 2.40439338e+00 9.59532962e-01
1.15740000e+04 2.34719710e+00 1.23095735e+00 2.40459703e+00 9.56489978e-01
1.15745010e+04 2.35436390e+00 1.23497773e+00 2.40480232e+00 9.60292848e-01
1.15749990e+04 2.35731094e+00 1.23602249e+00 2.40500638e+00 9.61781601e-01
1.15755040e+04 2.36969860e+00 1.24372384e+00 2.40521330e+00 9.68465359e-01
1.15759960e+04 2.37976159e+00 1.24980956e+00 2.40541490e+00 9.73881793e-01
1.15764990e+04 2.40057439e+00 1.26346868e+00 2.40562101e+00 9.85226605e-01
1.15770000e+04 2.41164944e+00 1.27025081e+00 2.40582630e+00 9.91218434e-01
1.15774980e+04 2.43100907e+00 1.28289347e+00 2.40603036e+00 1.00179092e+00
1.15780010e+04 2.44032479e+00 1.28842821e+00 2.40623647e+00 1.00683112e+00
1.15784990e+04 2.45263418e+00 1.29608884e+00 2.40644052e+00 1.01353376e+00
1.15790000e+04 2.45139613e+00 1.29416997e+00 2.40664581e+00 1.01275379e+00
1.15795030e+04 2.45362443e+00 1.29469641e+00 2.40685192e+00 1.01389054e+00
1.15800030e+04 2.44216044e+00 1.28555348e+00 2.40705680e+00 1.00744701e+00
1.15804950e+04 2.43022222e+00 1.27609211e+00 2.40725840e+00 1.00073317e+00
1.15810040e+04 2.41078493e+00 1.26129613e+00 2.40746696e+00 9.89847470e-01
1.15815010e+04 2.39091173e+00 1.24621712e+00 2.40767061e+00 9.78706936e-01
1.15819920e+04 2.37547855e+00 1.23428814e+00 2.40787180e+00 9.70017894e-01
1.15824990e+04 2.35680612e+00 1.22003681e+00 2.40807955e+00 9.59512200e-01
1.15829970e+04 2.34808661e+00 1.21283743e+00 2.40828361e+00 9.54529104e-01
1.15835000e+04 2.33976576e+00 1.20590935e+00 2.40848972e+00 9.49759374e-01
1.15839990e+04 2.33647376e+00 1.20254322e+00 2.40869418e+00 9.47784717e-01
1.15845080e+04 2.33426905e+00 1.19992459e+00 2.40890275e+00 9.46410354e-01
1.15850020e+04 2.33643907e+00 1.20042859e+00 2.40910517e+00 9.47478314e-01
1.15855010e+04 2.33811431e+00 1.20057255e+00 2.40930964e+00 9.48270207e-01
1.15859990e+04 2.33737634e+00 1.19901330e+00 2.40951370e+00 9.47715636e-01
1.15865010e+04 2.34267823e+00 1.20171377e+00 2.40971939e+00 9.50535077e-01
1.15870000e+04 2.34451472e+00 1.20197167e+00 2.40992386e+00 9.51421062e-01
1.15874980e+04 2.35510050e+00 1.20841432e+00 2.41012792e+00 9.57205994e-01
1.15880020e+04 2.36329292e+00 1.21315320e+00 2.41033444e+00 9.61656973e-01
1.15884980e+04 2.38043877e+00 1.22423567e+00 2.41053768e+00 9.71135390e-01
1.15889980e+04 2.39880146e+00 1.23616967e+00 2.41074256e+00 9.81308988e-01
1.15895020e+04 2.41811308e+00 1.24876590e+00 2.41094907e+00 9.92029066e-01
1.15899980e+04 2.44223679e+00 1.26477925e+00 2.41115231e+00 1.00546969e+00
1.15904980e+04 2.46243100e+00 1.27800750e+00 2.41135719e+00 1.01671978e+00
1.15910060e+04 2.48839462e+00 1.29529601e+00 2.41156535e+00 1.03123054e+00
1.15914990e+04 2.50605105e+00 1.30674552e+00 2.41176736e+00 1.04108799e+00
1.15920040e+04 2.52659912e+00 1.32021340e+00 2.41197428e+00 1.05258699e+00
1.15925010e+04 2.53584187e+00 1.32570908e+00 2.41217793e+00 1.05772978e+00
1.15929980e+04 2.54468319e+00 1.33092109e+00 2.41238158e+00 1.06265350e+00
1.15934990e+04 2.54093011e+00 1.32722498e+00 2.41258687e+00 1.06047279e+00
1.15940000e+04 2.53810619e+00 1.32418545e+00 2.41279216e+00 1.05881391e+00
1.15945030e+04 2.52710747e+00 1.31536506e+00 2.41299827e+00 1.05252995e+00
1.15949960e+04 2.51284671e+00 1.30426039e+00 2.41320028e+00 1.04439244e+00
1.15954980e+04 2.50093179e+00 1.29479465e+00 2.41340597e+00 1.03757016e+00
1.15959990e+04 2.48979095e+00 1.28587800e+00 2.41361126e+00 1.03117673e+00
1.15965040e+04 2.47290498e+00 1.27289323e+00 2.41381819e+00 1.02151522e+00
1.15969990e+04 2.46253040e+00 1.26453056e+00 2.41402102e+00 1.01553669e+00
1.15975020e+04 2.44880927e+00 1.25378638e+00 2.41422713e+00 1.00764734e+00
1.15980000e+04 2.43888488e+00 1.24573558e+00 2.41443118e+00 1.00190529e+00
1.15985020e+04 2.43103370e+00 1.23914147e+00 2.41463688e+00 9.97333136e-01
1.15990030e+04 2.41978339e+00 1.23014746e+00 2.41484217e+00 9.90819819e-01
1.15994980e+04 2.41848247e+00 1.22819666e+00 2.41504500e+00 9.89965352e-01
1.16000000e+04 2.40962544e+00 1.22089177e+00 2.41525070e+00 9.84801050e-01
1.16005000e+04 2.41166629e+00 1.22129200e+00 2.41545558e+00 9.85845968e-01
1.16009980e+04 2.40713902e+00 1.21705506e+00 2.41565963e+00 9.83143592e-01
1.16014980e+04 2.40359307e+00 1.21350739e+00 2.41586451e+00 9.80997351e-01
1.16019980e+04 2.39997802e+00 1.20991090e+00 2.41606939e+00 9.78808460e-01
1.16024980e+04 2.39563754e+00 1.20580179e+00 2.41627427e+00 9.76201334e-01
1.16030010e+04 2.39318895e+00 1.20302332e+00 2.41648038e+00 9.74672739e-01
1.16035030e+04 2.38362759e+00 1.19522071e+00 2.41668607e+00 9.69066957e-01
1.16040050e+04 2.38022724e+00 1.19177177e+00 2.41689177e+00 9.66985376e-01
1.16045060e+04 2.37130433e+00 1.18442241e+00 2.41709706e+00 9.61732213e-01
1.16049960e+04 2.36839130e+00 1.18134283e+00 2.41729784e+00 9.59925256e-01
1.16055000e+04 2.36033367e+00 1.17459867e+00 2.41750436e+00 9.55155544e-01
1.16060020e+04 2.36018407e+00 1.17344686e+00 2.41771006e+00 9.54926858e-01
1.16064930e+04 2.35550958e+00 1.16912046e+00 2.41791125e+00 9.52097012e-01
1.16069950e+04 2.35610759e+00 1.16849695e+00 2.41811694e+00 9.52296269e-01
1.16075000e+04 2.35736235e+00 1.16833128e+00 2.41832387e+00 9.52873456e-01
1.16080030e+04 2.36217292e+00 1.17068247e+00 2.41852998e+00 9.55502931e-01
