# # source: .\new_experimental\Pt_GO_func_330mV.txt
# # site: GO_func_330mV
# # columns: Energy(eV) Abs_raw Preedge_normalized PredictedPost_raw Final_normalized
# 
1.15150000e+04 6.54182837e+01 2.68790294e-02 8.16096491e+02 2.32167222e-02
1.15155040e+04 5.11100807e+01 3.94359434e-03 8.16450939e+02 3.40916392e-03
1.15159980e+04 6.52578074e+01 2.36551697e-02 8.16798353e+02 2.04664746e-02
1.15165000e+04 6.49660060e+01 2.17174229e-02 8.17151394e+02 1.88058402e-02
1.15170040e+04 6.82483626e+01 2.51265465e-02 8.17505842e+02 2.17764216e-02
1.15174990e+04 6.50045248e+01 1.87885993e-02 8.17853960e+02 1.62971284e-02
1.15180000e+04 6.50007153e+01 1.72851541e-02 8.18206297e+02 1.50057470e-02
1.15185030e+04 6.64219038e+01 1.79098827e-02 8.18560042e+02 1.55613248e-02
1.15190010e+04 6.82046715e+01 1.90910790e-02 8.18910270e+02 1.66016174e-02
1.15194990e+04 6.09933512e+01 6.80225032e-03 8.19260497e+02 5.92023494e-03
1.15199990e+04 5.96022334e+01 3.22408783e-03 8.19612132e+02 2.80841566e-03
1.15204970e+04 6.41659283e+01 8.57014891e-03 8.19962360e+02 7.47153642e-03
1.15210000e+04 6.11083799e+01 2.48728259e-03 8.20316104e+02 2.17028969e-03
1.15215000e+04 7.06189513e+01 1.52360702e-02 8.20667738e+02 1.33056065e-02
1.15220000e+04 6.36475470e+01 3.30057352e-03 8.21019373e+02 2.88483223e-03
1.15225020e+04 7.04613215e+01 1.20045156e-02 8.21372413e+02 1.05013958e-02
1.15230030e+04 6.36398681e+01 2.90603728e-04 8.21724751e+02 2.54433555e-04
1.15235020e+04 7.70922520e+01 1.89458493e-02 8.22075682e+02 1.66018671e-02
1.15239980e+04 6.23642509e+01 -4.59438185e-03 8.22424503e+02 -4.02937495e-03
1.15245000e+04 7.67375031e+01 1.54310366e-02 8.22777544e+02 1.35449748e-02
1.15250020e+04 7.12009832e+01 5.63852004e-03 8.23130585e+02 4.95360134e-03
1.15254990e+04 6.34227821e+01 -7.49630998e-03 8.23480110e+02 -6.59132746e-03
1.15260010e+04 6.37610143e+01 -8.49048492e-03 8.23833151e+02 -7.47190445e-03
1.15265030e+04 7.10173026e+01 8.76189366e-04 8.24186192e+02 7.71739229e-04
1.15270010e+04 7.62468111e+01 7.21940836e-03 8.24536420e+02 6.36422215e-03
1.15275040e+04 6.25511076e+01 -1.47957255e-02 8.24890164e+02 -1.30543472e-02
1.15280010e+04 7.13635826e+01 -3.08347559e-03 8.25239688e+02 -2.72289207e-03
1.15285050e+04 7.35592167e+01 -1.30188551e-03 8.25594136e+02 -1.15063947e-03
1.15290030e+04 7.61375317e+01 1.07076484e-03 8.25944364e+02 9.47181009e-04
1.15294990e+04 7.89265691e+01 3.76498324e-03 8.26293185e+02 3.33329042e-03
1.15299940e+04 6.81330659e+01 -1.38797447e-02 8.26641303e+02 -1.22987898e-02
1.15305050e+04 8.13845220e+01 4.43870652e-03 8.27000673e+02 3.93659234e-03
1.15310020e+04 7.45967268e+01 -7.21283904e-03 8.27350198e+02 -6.40240573e-03
1.15315000e+04 7.63519093e+01 -6.07295558e-03 8.27700426e+02 -5.39524373e-03
1.15320000e+04 7.17762884e+01 -1.44203997e-02 8.28052060e+02 -1.28222458e-02
1.15325000e+04 7.38552977e+01 -1.28015151e-02 8.28403694e+02 -1.13926390e-02
1.15329990e+04 8.08991662e+01 -3.74400352e-03 8.28754626e+02 -3.33483960e-03
1.15335020e+04 7.86401691e+01 -8.63091672e-03 8.29108370e+02 -7.69439904e-03
1.15339990e+04 7.59275126e+01 -1.41793175e-02 8.29457894e+02 -1.26516739e-02
1.15345000e+04 7.52173196e+01 -1.67406803e-02 8.29810232e+02 -1.49500963e-02
1.15350030e+04 7.99618697e+01 -1.11387085e-02 8.30163976e+02 -9.95602069e-03
1.15354980e+04 8.59297954e+01 -3.68062801e-03 8.30512094e+02 -3.29266258e-03
1.15360000e+04 8.76213908e+01 -2.64793414e-03 8.30865135e+02 -2.37089572e-03
1.15365030e+04 8.45577321e+01 -8.73995156e-03 8.31218879e+02 -7.83240905e-03
1.15370050e+04 8.90005044e+01 -3.58694858e-03 8.31571920e+02 -3.21730418e-03
1.15375020e+04 9.21521718e+01 -3.52625671e-04 8.31921445e+02 -3.16561485e-04
1.15379980e+04 8.34486780e+01 -1.48702338e-02 8.32270266e+02 -1.33609915e-02
1.15384990e+04 9.39070252e+01 -7.04996179e-04 8.32622604e+02 -6.33998936e-04
1.15389990e+04 9.78881425e+01 3.76258669e-03 8.32974238e+02 3.38663762e-03
1.15395000e+04 1.00226173e+02 5.76640577e-03 8.33326576e+02 5.19480147e-03
1.15400030e+04 9.69133725e+01 -6.98739717e-04 8.33680320e+02 -6.30031970e-04
1.15404990e+04 8.62375807e+01 -1.81701664e-02 8.34029141e+02 -1.63977576e-02
1.15409980e+04 9.08924710e+01 -1.26905158e-02 8.34380072e+02 -1.14626716e-02
1.15415010e+04 1.02336865e+02 2.94549953e-03 8.34733817e+02 2.66286990e-03
1.15419980e+04 1.03582740e+02 3.32560622e-03 8.35083341e+02 3.00913711e-03
1.15424970e+04 1.03939224e+02 2.36773435e-03 8.35434272e+02 2.14430301e-03
1.15429970e+04 1.12843159e+02 1.42079914e-02 8.35785907e+02 1.28786101e-02
1.15434990e+04 1.13404358e+02 1.35477432e-02 8.36138947e+02 1.22910298e-02
1.15440060e+04 1.03539646e+02 -2.74185122e-03 8.36495505e+02 -2.48974222e-03
1.15445030e+04 1.12845337e+02 9.70906496e-03 8.36845029e+02 8.82408642e-03
1.15450010e+04 1.21011114e+02 2.04497954e-02 8.37195257e+02 1.86021981e-02
1.15455000e+04 1.29775814e+02 3.20845166e-02 8.37546188e+02 2.92115674e-02
1.15460000e+04 1.21741687e+02 1.85574297e-02 8.37897823e+02 1.69107300e-02
1.15464990e+04 1.35240753e+02 3.72825882e-02 8.38248754e+02 3.40044165e-02
1.15470010e+04 1.36905606e+02 3.82752316e-02 8.38601795e+02 3.49409331e-02
1.15474980e+04 1.29142539e+02 2.51630675e-02 8.38951319e+02 2.29913321e-02
1.15479980e+04 1.37375327e+02 3.59981774e-02 8.39302954e+02 3.29205897e-02
1.15484990e+04 1.46877512e+02 4.87314165e-02 8.39655291e+02 4.46050252e-02
1.15489960e+04 1.50013373e+02 5.19420673e-02 8.40004816e+02 4.75859661e-02
1.15494980e+04 1.47709088e+02 4.69903169e-02 8.40357857e+02 4.30880817e-02
1.15500060e+04 1.49068447e+02 4.75074989e-02 8.40715117e+02 4.36018669e-02
1.15504990e+04 1.75497469e+02 8.56151855e-02 8.41061829e+02 7.86459849e-02
1.15510000e+04 1.71030334e+02 7.74272266e-02 8.41414166e+02 7.11883377e-02
1.15515020e+04 1.75396777e+02 8.24659143e-02 8.41767207e+02 7.58892305e-02
1.15519980e+04 1.77052576e+02 8.34629358e-02 8.42116029e+02 7.68750706e-02
1.15525010e+04 1.79759380e+02 8.60130699e-02 8.42469773e+02 7.92954596e-02
1.15530000e+04 1.82986037e+02 8.93537220e-02 8.42820704e+02 8.24490686e-02
1.15534950e+04 2.14644425e+02 1.35287207e-01 8.43168822e+02 1.24944256e-01
1.15539960e+04 2.05002312e+02 1.19348926e-01 8.43521160e+02 1.10323892e-01
1.15545010e+04 2.31123873e+02 1.56960267e-01 8.43876310e+02 1.45223121e-01
1.15550020e+04 2.40270189e+02 1.69160537e-01 8.44228648e+02 1.56652488e-01
1.15555010e+04 2.55533244e+02 1.90527542e-01 8.44579579e+02 1.76598493e-01
1.15560020e+04 2.67196311e+02 2.06497031e-01 8.44931917e+02 1.91573729e-01
1.15565020e+04 2.89167163e+02 2.37906998e-01 8.45283551e+02 2.20913289e-01
1.15570010e+04 3.05171885e+02 2.60384762e-01 8.45634482e+02 2.42003831e-01
1.15575030e+04 3.27391181e+02 2.92160832e-01 8.45987523e+02 2.71783718e-01
1.15580000e+04 3.61562751e+02 3.41852213e-01 8.46337048e+02 3.18295887e-01
1.15585040e+04 3.87143447e+02 3.78656517e-01 8.46691495e+02 3.52886565e-01
1.15590080e+04 4.26561845e+02 4.36184900e-01 8.47045943e+02 4.06871936e-01
1.15595030e+04 4.69378122e+02 4.98829034e-01 8.47394061e+02 4.65724956e-01
1.15600030e+04 5.06147616e+02 5.52402236e-01 8.47745695e+02 5.16212120e-01
1.15605010e+04 5.59999354e+02 6.31564694e-01 8.48095923e+02 5.90723669e-01
1.15609990e+04 6.30894878e+02 7.36252834e-01 8.48446151e+02 6.89267219e-01
1.15614990e+04 6.75745730e+02 8.01929109e-01 8.48797785e+02 7.51437185e-01
1.15620000e+04 7.49032697e+02 9.10189833e-01 8.49150123e+02 8.53661900e-01
1.15625010e+04 8.08279984e+02 9.97423985e-01 8.49502460e+02 9.36335100e-01
1.15630000e+04 8.54940273e+02 1.06581316e+00 8.49853391e+02 1.00144921e+00
1.15634980e+04 9.05525396e+02 1.14008336e+00 8.50203619e+02 1.07221129e+00
1.15640020e+04 9.34921505e+02 1.18260183e+00 8.50558067e+02 1.11322608e+00
1.15644990e+04 9.56721305e+02 1.21376459e+00 8.50907591e+02 1.14360261e+00
1.15650040e+04 9.42736921e+02 1.19131113e+00 8.51262742e+02 1.12348808e+00
1.15655030e+04 9.70509932e+02 1.23141371e+00 8.51613673e+02 1.16237278e+00
1.15659990e+04 9.56671136e+02 1.20920520e+00 8.51962494e+02 1.14245103e+00
1.15665000e+04 9.53600522e+02 1.20310875e+00 8.52314832e+02 1.13773987e+00
1.15670000e+04 9.41367980e+02 1.18329389e+00 8.52666466e+02 1.12003292e+00
1.15675020e+04 9.23012355e+02 1.15430280e+00 8.53019507e+02 1.09360367e+00
1.15679970e+04 9.30050393e+02 1.16336354e+00 8.53367625e+02 1.10319545e+00
1.15685050e+04 9.33072358e+02 1.16637073e+00 8.53724886e+02 1.10708567e+00
1.15690000e+04 8.97455175e+02 1.11154873e+00 8.54073004e+02 1.05601641e+00
1.15694960e+04 9.14348171e+02 1.13536579e+00 8.54421825e+02 1.07963429e+00
1.15700010e+04 8.86837472e+02 1.09265460e+00 8.54776976e+02 1.03999221e+00
1.15704950e+04 8.79773250e+02 1.08059804e+00 8.55124391e+02 1.02945933e+00
1.15709970e+04 8.90509814e+02 1.09517696e+00 8.55477432e+02 1.04432091e+00
1.15714980e+04 8.71671622e+02 1.06546614e+00 8.55829769e+02 1.01693583e+00
1.15720040e+04 8.85607912e+02 1.08482518e+00 8.56185623e+02 1.03638781e+00
1.15724980e+04 8.93011308e+02 1.09443609e+00 8.56533038e+02 1.04653140e+00
1.15729990e+04 8.70495344e+02 1.05921724e+00 8.56885376e+02 1.01379992e+00
1.15734990e+04 8.78277611e+02 1.06937763e+00 8.57237010e+02 1.02447939e+00
1.15739990e+04 8.95952582e+02 1.09435385e+00 8.57588645e+02 1.04938585e+00
1.15745010e+04 8.98086400e+02 1.09604884e+00 8.57941685e+02 1.05199735e+00
1.15750020e+04 8.71476528e+02 1.05469874e+00 8.58294023e+02 1.01325799e+00
1.15754960e+04 9.07151821e+02 1.10665115e+00 8.58641438e+02 1.06415259e+00
1.15759990e+04 8.69303770e+02 1.04846417e+00 8.58995182e+02 1.00915069e+00
1.15765010e+04 9.02087557e+02 1.09606219e+00 8.59348223e+02 1.05595753e+00
1.15769950e+04 8.80950677e+02 1.06292966e+00 8.59695638e+02 1.02498727e+00
1.15775030e+04 9.04838601e+02 1.09718682e+00 8.60052898e+02 1.05903185e+00
1.15780030e+04 8.83117794e+02 1.06316183e+00 8.60404533e+02 1.02715543e+00
1.15785000e+04 9.03933911e+02 1.09285137e+00 8.60754057e+02 1.05682767e+00
1.15790020e+04 8.95469903e+02 1.07867450e+00 8.61107098e+02 1.04410516e+00
1.15795000e+04 8.79376200e+02 1.05308294e+00 8.61457326e+02 1.02029151e+00
1.15799990e+04 8.68220433e+02 1.03488371e+00 8.61808257e+02 1.00360385e+00
1.15805000e+04 8.90501221e+02 1.06675486e+00 8.62160595e+02 1.03549140e+00
1.15810010e+04 8.55824023e+02 1.01332270e+00 8.62512932e+02 9.84557596e-01
1.15815020e+04 8.55183087e+02 1.01086506e+00 8.62865270e+02 9.83101638e-01
1.15820020e+04 8.53891607e+02 1.00743612e+00 8.63216904e+02 9.80695534e-01
1.15825020e+04 8.55212441e+02 1.00791952e+00 8.63568539e+02 9.82096974e-01
1.15829990e+04 8.58233516e+02 1.01095826e+00 8.63918063e+02 9.85987693e-01
1.15834990e+04 8.62030064e+02 1.01514943e+00 8.64269698e+02 9.91016437e-01
1.15839990e+04 8.68963692e+02 1.02403885e+00 8.64621332e+02 1.00064568e+00
1.15844970e+04 8.42768291e+02 9.83318448e-01 8.64971560e+02 9.61766902e-01
1.15850010e+04 8.48559004e+02 9.90484218e-01 8.65326007e+02 9.69706500e-01
1.15855020e+04 8.59804499e+02 1.00582833e+00 8.65678345e+02 9.85670211e-01
1.15860010e+04 8.39158629e+02 9.73416216e-01 8.66029276e+02 9.54816912e-01
1.15865000e+04 8.68390934e+02 1.01570431e+00 8.66380207e+02 9.97247543e-01
1.15870030e+04 8.79805245e+02 1.03129527e+00 8.66733951e+02 1.01352993e+00
1.15875040e+04 8.43528847e+02 9.75468067e-01 8.67086289e+02 9.59584492e-01
1.15880020e+04 8.57140495e+02 9.94364825e-01 8.67436517e+02 9.79107620e-01
1.15885000e+04 8.55276371e+02 9.90084243e-01 8.67786745e+02 9.75824539e-01
1.15890030e+04 8.55465083e+02 9.88863149e-01 8.68140489e+02 9.75562858e-01
1.15894990e+04 8.80481796e+02 1.02484672e+00 8.68489310e+02 1.01202681e+00
1.15900010e+04 8.61867397e+02 9.95468073e-01 8.68842351e+02 9.83965534e-01
1.15904940e+04 8.78282041e+02 1.01857769e+00 8.69189063e+02 1.00776445e+00
1.15909990e+04 8.67616500e+02 1.00109471e+00 8.69544213e+02 9.91431713e-01
1.15915010e+04 8.83195475e+02 1.02292589e+00 8.69897254e+02 1.01403389e+00
1.15919980e+04 8.77845237e+02 1.01342730e+00 8.70246779e+02 1.00558266e+00
1.15925030e+04 8.93505274e+02 1.03537091e+00 8.70601930e+02 1.02835989e+00
1.15929980e+04 8.91177152e+02 1.03040439e+00 8.70950048e+02 1.02440778e+00
1.15934970e+04 8.90928405e+02 1.02854009e+00 8.71300979e+02 1.02354316e+00
1.15939990e+04 8.82345015e+02 1.01418442e+00 8.71654020e+02 1.01024002e+00
1.15945010e+04 8.83298625e+02 1.01411187e+00 8.72007061e+02 1.01115239e+00
1.15950020e+04 8.92804138e+02 1.02685009e+00 8.72359398e+02 1.02485040e+00
1.15954980e+04 8.79598932e+02 1.00559048e+00 8.72708219e+02 1.00460063e+00
1.15960020e+04 8.80030962e+02 1.00473080e+00 8.73062667e+02 1.00472694e+00
1.15965010e+04 8.88547122e+02 1.01599329e+00 8.73413598e+02 1.01697762e+00
1.15970010e+04 9.12184401e+02 1.04989899e+00 8.73765232e+02 1.05194142e+00
1.15975020e+04 8.95148483e+02 1.02288735e+00 8.74117570e+02 1.02588006e+00
1.15980000e+04 8.81097715e+02 1.00035540e+00 8.74467798e+02 1.00425895e+00
1.15985000e+04 8.88201113e+02 1.00949908e+00 8.74819432e+02 1.01442990e+00
1.15990010e+04 8.80348903e+02 9.96241453e-01 8.75171770e+02 1.00208996e+00
1.15995010e+04 8.88609792e+02 1.00711865e+00 8.75523404e+02 1.01402415e+00
1.16000020e+04 8.69977360e+02 9.77715986e-01 8.75875742e+02 9.85387845e-01
1.16004980e+04 8.81781284e+02 9.93911379e-01 8.76224563e+02 1.00268641e+00
1.16010000e+04 8.90132692e+02 1.00491816e+00 8.76577604e+02 1.01479116e+00
1.16015000e+04 8.65787393e+02 9.66962596e-01 8.76929239e+02 9.77423745e-01
1.16020000e+04 8.81602170e+02 9.89152898e-01 8.77280873e+02 1.00083916e+00
1.16025010e+04 8.73765025e+02 9.75917832e-01 8.77633211e+02 9.88423456e-01
1.16029980e+04 8.69320389e+02 9.67775527e-01 8.77982735e+02 9.81138568e-01
1.16034940e+04 8.89776659e+02 9.96929134e-01 8.78331556e+02 1.01168540e+00
1.16039980e+04 8.66746131e+02 9.60930680e-01 8.78686004e+02 9.76126329e-01
1.16044980e+04 8.64043064e+02 9.55387672e-01 8.79037638e+02 9.71456516e-01
1.16050030e+04 8.72067095e+02 9.65895190e-01 8.79392789e+02 9.83123847e-01
1.16055030e+04 8.91771737e+02 9.93911162e-01 8.79744423e+02 1.01264312e+00
1.16060020e+04 8.68658237e+02 9.57803393e-01 8.80095354e+02 9.76821939e-01
1.16064970e+04 8.45481041e+02 9.21612186e-01 8.80443472e+02 9.40837029e-01
1.16070020e+04 8.58116160e+02 9.39025515e-01 8.80798623e+02 9.59576953e-01
1.16074950e+04 8.52921657e+02 9.29772127e-01 8.81145335e+02 9.51054089e-01
1.16080030e+04 8.75368669e+02 9.61871302e-01 8.81502595e+02 9.84884606e-01
