# # source: .\experimental\XANES_Pt_Foil(PVP)_Exp.txt
# # site: Pt_Foil(PVP)_Exp
# # columns: Energy(eV) Abs_raw Preedge_normalized PredictedPost_raw Final_normalized
# 
1.15262000e+04 -3.47160284e-04 8.56495333e-03 1.00840018e+00 7.70649152e-03
1.15264000e+04 -2.36151812e-04 8.51177328e-03 1.00836995e+00 7.66007514e-03
1.15266000e+04 -1.21899566e-04 8.46211338e-03 1.00833971e+00 7.61680990e-03
1.15268000e+04 -4.40354606e-06 8.41597362e-03 1.00830948e+00 7.57669755e-03
1.15270000e+04 1.79458208e-04 8.44185399e-03 1.00827924e+00 7.60142030e-03
1.15272000e+04 3.23021384e-04 8.42400232e-03 1.00824901e+00 7.58676666e-03
1.15274000e+04 2.93632591e-04 8.21846311e-03 1.00821878e+00 7.40304201e-03
1.15276000e+04 2.01147006e-04 7.94445123e-03 1.00818854e+00 7.15755802e-03
1.15278000e+04 1.75400623e-04 7.74286475e-03 1.00815831e+00 6.97724595e-03
1.15280000e+04 2.80723662e-04 7.68351487e-03 1.00812807e+00 6.92506248e-03
1.15282000e+04 5.01282810e-04 7.74921927e-03 1.00809784e+00 6.98559052e-03
1.15284000e+04 8.53027825e-04 7.95728662e-03 1.00806761e+00 7.17449947e-03
1.15286000e+04 1.22682709e-03 8.18928725e-03 1.00803737e+00 7.38506220e-03
1.15288000e+04 1.45117684e-03 8.25910521e-03 1.00800714e+00 7.44942089e-03
1.15290000e+04 1.41258689e-03 8.04358089e-03 1.00797690e+00 7.25638680e-03
1.15292000e+04 1.30233896e-03 7.75029331e-03 1.00794667e+00 6.99311422e-03
1.15294000e+04 1.32689246e-03 7.60329228e-03 1.00791644e+00 6.86176241e-03
1.15296000e+04 1.41322328e-03 7.52333204e-03 1.00788620e+00 6.79087511e-03
1.15298000e+04 1.42908402e-03 7.36689764e-03 1.00785597e+00 6.65091943e-03
1.15300000e+04 1.36161695e-03 7.12003586e-03 1.00782573e+00 6.42925699e-03
1.15302000e+04 1.23608268e-03 6.81015953e-03 1.00779550e+00 6.15059964e-03
1.15304000e+04 1.14852745e-03 6.54149808e-03 1.00776527e+00 5.90906783e-03
1.15306000e+04 1.06240942e-03 6.27439626e-03 1.00773503e+00 5.66885436e-03
1.15308000e+04 1.00236508e-03 6.03558963e-03 1.00770480e+00 5.45411982e-03
1.15310000e+04 1.01950658e-03 5.88054511e-03 1.00767456e+00 5.31501124e-03
1.15312000e+04 9.73482250e-04 5.65695300e-03 1.00764433e+00 5.11388335e-03
1.15314000e+04 7.38738246e-04 5.22856222e-03 1.00761410e+00 4.72750708e-03
1.15316000e+04 4.21643070e-04 4.71080392e-03 1.00758386e+00 4.26016687e-03
1.15318000e+04 2.18855053e-04 4.31709179e-03 1.00755363e+00 3.90485181e-03
1.15320000e+04 2.64063910e-04 4.19250597e-03 1.00752339e+00 3.79287623e-03
1.15322000e+04 4.37015884e-04 4.20654704e-03 1.00749316e+00 3.80629508e-03
1.15324000e+04 6.46958077e-04 4.26072991e-03 1.00746293e+00 3.85604813e-03
1.15326000e+04 8.66424473e-04 4.32524845e-03 1.00743269e+00 3.91517567e-03
1.15328000e+04 1.10976874e-03 4.41567927e-03 1.00740246e+00 3.99778545e-03
1.15330000e+04 1.30543445e-03 4.45436930e-03 1.00737222e+00 4.03357341e-03
1.15332000e+04 1.41619133e-03 4.40091622e-03 1.00734199e+00 3.98592062e-03
1.15334000e+04 1.30547347e-03 4.10711866e-03 1.00731176e+00 3.72052828e-03
1.15336000e+04 1.10217646e-03 3.71285418e-03 1.00728152e+00 3.36400848e-03
1.15338000e+04 9.12195861e-04 3.33304066e-03 1.00725129e+00 3.02044997e-03
1.15340000e+04 8.03416188e-04 3.04134643e-03 1.00722105e+00 2.75663196e-03
1.15342000e+04 8.29626846e-04 2.89614376e-03 1.00719082e+00 2.62551732e-03
1.15344000e+04 1.01026319e-03 2.91852391e-03 1.00716059e+00 2.64630513e-03
1.15346000e+04 1.32781326e-03 3.08948290e-03 1.00713035e+00 2.80184668e-03
1.15348000e+04 1.64902186e-03 3.26441211e-03 1.00710012e+00 2.96104818e-03
1.15350000e+04 1.84536519e-03 3.30383749e-03 1.00706988e+00 2.99737519e-03
1.15352000e+04 2.07137116e-03 3.37545278e-03 1.00703965e+00 3.06292541e-03
1.15354000e+04 2.44461706e-03 3.60685290e-03 1.00700942e+00 3.27351839e-03
1.15356000e+04 2.87048261e-03 3.89535590e-03 1.00697918e+00 3.53602625e-03
1.15358000e+04 3.21015662e-03 4.09032379e-03 1.00694895e+00 3.71371033e-03
1.15360000e+04 3.38347813e-03 4.10476588e-03 1.00691872e+00 3.72752654e-03
1.15362000e+04 3.43778889e-03 3.99005745e-03 1.00688848e+00 3.62404459e-03
1.15364000e+04 3.45426445e-03 3.83429024e-03 1.00685825e+00 3.48322409e-03
1.15366000e+04 3.40436556e-03 3.60649347e-03 1.00682801e+00 3.27690342e-03
1.15368000e+04 3.27725339e-03 3.29490479e-03 1.00679778e+00 2.99435605e-03
1.15370000e+04 3.13602400e-03 2.96799612e-03 1.00676755e+00 2.69777665e-03
1.15372000e+04 2.95322560e-03 2.59597673e-03 1.00673731e+00 2.36007370e-03
1.15374000e+04 2.82403136e-03 2.28212860e-03 1.00670708e+00 2.07513812e-03
1.15376000e+04 2.65936683e-03 1.92978809e-03 1.00667684e+00 1.75508703e-03
1.15378000e+04 2.39888162e-03 1.47346295e-03 1.00664661e+00 1.34032589e-03
1.15380000e+04 2.06579056e-03 9.38345902e-04 1.00661638e+00 8.53721702e-04
1.15382000e+04 1.64686825e-03 3.10084748e-04 1.00658614e+00 2.82173322e-04
1.15384000e+04 1.20124179e-03 -3.47155756e-04 1.00655591e+00 -3.15967285e-04
1.15386000e+04 7.38734989e-04 -1.02271482e-03 1.00652567e+00 -9.31010362e-04
1.15388000e+04 3.24032218e-04 -1.64639693e-03 1.00649544e+00 -1.49905216e-03
1.15390000e+04 3.64006029e-05 -2.13218137e-03 1.00646521e+00 -1.94172888e-03
1.15392000e+04 -2.58569602e-04 -2.62592964e-03 1.00643497e+00 -2.39182717e-03
1.15394000e+04 -6.14861252e-04 -3.18622398e-03 1.00640474e+00 -2.90272097e-03
1.15396000e+04 -1.05388062e-03 -3.83629447e-03 1.00637450e+00 -3.49561199e-03
1.15398000e+04 -1.52746255e-03 -4.52387227e-03 1.00634427e+00 -4.12291071e-03
1.15400000e+04 -1.98237887e-03 -5.19119414e-03 1.00631404e+00 -4.73198318e-03
1.15402000e+04 -2.44729333e-03 -5.86936599e-03 1.00628380e+00 -5.35117870e-03
1.15404000e+04 -2.93388539e-03 -6.57106238e-03 1.00625357e+00 -5.99206079e-03
1.15406000e+04 -3.40226815e-03 -7.25299805e-03 1.00622333e+00 -6.61516307e-03
1.15408000e+04 -3.77916431e-03 -7.83565240e-03 1.00619310e+00 -7.14793417e-03
1.15410000e+04 -4.04381505e-03 -8.29649798e-03 1.00616287e+00 -7.56976851e-03
1.15412000e+04 -4.29740766e-03 -8.74534328e-03 1.00613263e+00 -7.98081178e-03
1.15414000e+04 -4.65450153e-03 -9.30650818e-03 1.00610240e+00 -8.49453101e-03
1.15416000e+04 -5.09172171e-03 -9.95462619e-03 1.00607216e+00 -9.08782699e-03
1.15418000e+04 -5.58637836e-03 -1.06650743e-02 1.00604193e+00 -9.73826180e-03
1.15420000e+04 -6.10171893e-03 -1.13979686e-02 1.00601170e+00 -1.04094432e-02
1.15422000e+04 -6.52231199e-03 -1.20280428e-02 1.00598146e+00 -1.09869591e-02
1.15424000e+04 -6.69144624e-03 -1.23852339e-02 1.00595123e+00 -1.13153832e-02
1.15426000e+04 -6.71896358e-03 -1.25887422e-02 1.00592099e+00 -1.15034981e-02
1.15428000e+04 -6.78392474e-03 -1.28328846e-02 1.00589076e+00 -1.17288226e-02
1.15430000e+04 -6.99771279e-03 -1.32385339e-02 1.00586053e+00 -1.21018728e-02
1.15432000e+04 -7.28162773e-03 -1.37202850e-02 1.00583029e+00 -1.25446458e-02
1.15434000e+04 -7.67664588e-03 -1.43226054e-02 1.00580006e+00 -1.30978462e-02
1.15436000e+04 -8.00080594e-03 -1.48480305e-02 1.00576982e+00 -1.35809240e-02
1.15438000e+04 -8.04477768e-03 -1.50693951e-02 1.00573959e+00 -1.37860203e-02
1.15440000e+04 -7.68849851e-03 -1.48564073e-02 1.00570936e+00 -1.35937579e-02
1.15442000e+04 -7.11374557e-03 -1.44063317e-02 1.00567912e+00 -1.31844433e-02
1.15444000e+04 -6.52068315e-03 -1.39363866e-02 1.00564889e+00 -1.27567852e-02
1.15446000e+04 -5.93115027e-03 -1.34702717e-02 1.00561865e+00 -1.23324710e-02
1.15448000e+04 -5.34083771e-03 -1.30033108e-02 1.00558842e+00 -1.19072204e-02
1.15450000e+04 -4.80796955e-03 -1.25986885e-02 1.00555819e+00 -1.15389025e-02
1.15452000e+04 -4.20109540e-03 -1.21137549e-02 1.00552795e+00 -1.10968747e-02
1.15454000e+04 -3.47977328e-03 -1.15046223e-02 1.00549772e+00 -1.05408836e-02
1.15456000e+04 -2.61746995e-03 -1.07424969e-02 1.00546748e+00 -9.84447708e-03
1.15458000e+04 -1.65139024e-03 -9.86775324e-03 1.00543725e+00 -9.04458155e-03
1.15460000e+04 -6.54058985e-04 -8.95909543e-03 1.00540702e+00 -8.21329001e-03
1.15462000e+04 3.75817081e-04 -8.01511997e-03 1.00537678e+00 -7.34929763e-03
1.15464000e+04 1.39295470e-03 -7.08496829e-03 1.00534655e+00 -6.49765349e-03
1.15466000e+04 2.36831606e-03 -6.20015221e-03 1.00531632e+00 -5.68726982e-03
1.15468000e+04 3.23617316e-03 -5.43199981e-03 1.00528608e+00 -4.98361045e-03
1.15470000e+04 3.99883371e-03 -4.77800675e-03 1.00525585e+00 -4.38443844e-03
1.15472000e+04 4.84287263e-03 -4.03570184e-03 1.00522561e+00 -3.70398469e-03
1.15474000e+04 5.95080222e-03 -3.00702266e-03 1.00519538e+00 -2.76038538e-03
1.15476000e+04 7.29437058e-03 -1.72262820e-03 1.00516515e+00 -1.58163947e-03
1.15478000e+04 8.79283385e-03 -2.70141712e-04 1.00513491e+00 -2.48079300e-04
1.15480000e+04 1.03648012e-02 1.26211144e-03 1.00510468e+00 1.15925650e-03
1.15482000e+04 1.19231173e-02 2.77955028e-03 1.00507444e+00 2.55352046e-03
1.15484000e+04 1.33604273e-02 4.16567321e-03 1.00504421e+00 3.82765681e-03
1.15486000e+04 1.46689656e-02 5.41205295e-03 1.00501398e+00 4.97385173e-03
1.15488000e+04 1.59198522e-02 6.59586915e-03 1.00498374e+00 6.06297598e-03
1.15490000e+04 1.72088940e-02 7.82109141e-03 1.00495351e+00 7.19058480e-03
1.15492000e+04 1.85643062e-02 9.11833882e-03 1.00492327e+00 8.38485635e-03
1.15494000e+04 2.00818283e-02 1.05915079e-02 1.00489304e+00 9.74138626e-03
1.15496000e+04 2.17166542e-02 1.21919752e-02 1.00486281e+00 1.12155383e-02
1.15498000e+04 2.34108883e-02 1.38569122e-02 1.00483257e+00 1.27495723e-02
1.15500000e+04 2.51157159e-02 1.55333454e-02 1.00480234e+00 1.42947730e-02
1.15502000e+04 2.67845534e-02 1.71707221e-02 1.00477210e+00 1.58046161e-02
1.15504000e+04 2.83321230e-02 1.86764988e-02 1.00474187e+00 1.71938844e-02
1.15506000e+04 2.98307553e-02 2.01291687e-02 1.00471164e+00 1.85347844e-02
1.15508000e+04 3.14058430e-02 2.16648081e-02 1.00468140e+00 1.99526105e-02
1.15510000e+04 3.31466651e-02 2.33803025e-02 1.00465117e+00 2.15366523e-02
1.15512000e+04 3.49884637e-02 2.52053766e-02 1.00462093e+00 2.32222594e-02
1.15514000e+04 3.68903868e-02 2.70956978e-02 1.00459070e+00 2.49686377e-02
1.15516000e+04 3.88157618e-02 2.90114691e-02 1.00456047e+00 2.67391421e-02
1.15518000e+04 4.07350151e-02 3.09205971e-02 1.00453023e+00 2.85042014e-02
1.15520000e+04 4.26006856e-02 3.27715770e-02 1.00450000e+00 3.02163234e-02
1.15522000e+04 4.44512090e-02 3.46061194e-02 1.00446976e+00 3.19139434e-02
1.15524000e+04 4.62585486e-02 3.63937986e-02 1.00443953e+00 3.35689890e-02
1.15526000e+04 4.80969184e-02 3.82151518e-02 1.00440930e+00 3.52557359e-02
1.15528000e+04 5.00308281e-02 4.01401849e-02 1.00437906e+00 3.70387995e-02
1.15530000e+04 5.20823619e-02 4.21928637e-02 1.00434883e+00 3.89403534e-02
1.15532000e+04 5.42117443e-02 4.43300240e-02 1.00431859e+00 4.09206215e-02
1.15534000e+04 5.63260374e-02 4.64508092e-02 1.00428836e+00 4.28865316e-02
1.15536000e+04 5.84634812e-02 4.85967177e-02 1.00425813e+00 4.48763967e-02
1.15538000e+04 6.06443899e-02 5.07897942e-02 1.00422789e+00 4.69105919e-02
1.15540000e+04 6.28471538e-02 5.30065880e-02 1.00419766e+00 4.89674787e-02
1.15542000e+04 6.51329945e-02 5.53135368e-02 1.00416742e+00 5.11084572e-02
1.15544000e+04 6.74781023e-02 5.76848023e-02 1.00413719e+00 5.33096973e-02
1.15546000e+04 6.99193606e-02 6.01604104e-02 1.00410696e+00 5.56082309e-02
1.15548000e+04 7.24031185e-02 6.26821391e-02 1.00407672e+00 5.79502875e-02
1.15550000e+04 7.48974902e-02 6.52153858e-02 1.00404649e+00 6.03038956e-02
1.15552000e+04 7.75624000e-02 6.79337005e-02 1.00401625e+00 6.28295721e-02
1.15554000e+04 8.04631690e-02 7.09079698e-02 1.00398602e+00 6.55929897e-02
1.15556000e+04 8.36125484e-02 7.41520311e-02 1.00395579e+00 6.86070884e-02
1.15558000e+04 8.69052605e-02 7.75516372e-02 1.00392555e+00 7.17662885e-02
1.15560000e+04 9.02772077e-02 8.10372293e-02 1.00389532e+00 7.50062915e-02
1.15562000e+04 9.38789019e-02 8.47721428e-02 1.00386508e+00 7.84783531e-02
1.15564000e+04 9.77066220e-02 8.87523399e-02 1.00383485e+00 8.21788685e-02
1.15566000e+04 1.01833360e-01 9.30570313e-02 1.00380462e+00 8.61813279e-02
1.15568000e+04 1.06276355e-01 9.77049249e-02 1.00377438e+00 9.05032347e-02
1.15570000e+04 1.11022950e-01 1.02682285e-01 1.00374415e+00 9.51320478e-02
1.15572000e+04 1.16102964e-01 1.08021472e-01 1.00371392e+00 1.00097931e-01
1.15574000e+04 1.21357009e-01 1.13549518e-01 1.00368368e+00 1.05240769e-01
1.15576000e+04 1.26887473e-01 1.19377532e-01 1.00365345e+00 1.10663662e-01
1.15578000e+04 1.32766802e-01 1.25584136e-01 1.00362321e+00 1.16439669e-01
1.15580000e+04 1.38994932e-01 1.32169260e-01 1.00359298e+00 1.22568929e-01
1.15582000e+04 1.45666501e-01 1.39235602e-01 1.00356275e+00 1.29146906e-01
1.15584000e+04 1.52570631e-01 1.46554321e-01 1.00353251e+00 1.35961555e-01
1.15586000e+04 1.59925427e-01 1.54362102e-01 1.00350228e+00 1.43232635e-01
1.15588000e+04 1.67814609e-01 1.62749799e-01 1.00347204e+00 1.51044731e-01
1.15590000e+04 1.76211932e-01 1.71688931e-01 1.00344181e+00 1.59371717e-01
1.15592000e+04 1.85316760e-01 1.81395847e-01 1.00341158e+00 1.68414759e-01
1.15594000e+04 1.94834860e-01 1.91551247e-01 1.00338134e+00 1.77877763e-01
1.15596000e+04 2.05088810e-01 2.02505191e-01 1.00335111e+00 1.88086108e-01
1.15598000e+04 2.16130390e-01 2.14313872e-01 1.00332087e+00 1.99092429e-01
1.15600000e+04 2.27878624e-01 2.26889415e-01 1.00329064e+00 2.10815536e-01
1.15602000e+04 2.40724632e-01 2.40656262e-01 1.00326041e+00 2.23650296e-01
1.15604000e+04 2.54270635e-01 2.55182743e-01 1.00323017e+00 2.37196110e-01
1.15606000e+04 2.68994765e-01 2.70987729e-01 1.00319994e+00 2.51935781e-01
1.15608000e+04 2.84904251e-01 2.88079064e-01 1.00316970e+00 2.67877295e-01
1.15610000e+04 3.01880640e-01 3.06328201e-01 1.00313947e+00 2.84901796e-01
1.15612000e+04 3.20698708e-01 3.26575931e-01 1.00310924e+00 3.03792043e-01
1.15614000e+04 3.41002470e-01 3.48435935e-01 1.00307900e+00 3.24189683e-01
1.15616000e+04 3.63360636e-01 3.72525379e-01 1.00304877e+00 3.46669923e-01
1.15618000e+04 3.87603355e-01 3.98659942e-01 1.00301853e+00 3.71062410e-01
1.15620000e+04 4.13397986e-01 4.26478640e-01 1.00298830e+00 3.97032196e-01
1.15622000e+04 4.41775726e-01 4.57100528e-01 1.00295807e+00 4.25622189e-01
1.15624000e+04 4.72058648e-01 4.89789922e-01 1.00292783e+00 4.56148755e-01
1.15626000e+04 5.05142766e-01 5.25519175e-01 1.00289760e+00 4.89518765e-01
1.15628000e+04 5.41228403e-01 5.64505676e-01 1.00286736e+00 5.25936408e-01
1.15630000e+04 5.79939476e-01 6.06341303e-01 1.00283713e+00 5.65023142e-01
1.15632000e+04 6.22037420e-01 6.51852362e-01 1.00280690e+00 6.07550670e-01
1.15634000e+04 6.66444590e-01 6.99869396e-01 1.00277666e+00 6.52430804e-01
1.15636000e+04 7.13597506e-01 7.50866114e-01 1.00274643e+00 7.00106597e-01
1.15638000e+04 7.63809902e-01 8.05182981e-01 1.00271619e+00 7.50897186e-01
1.15640000e+04 8.16085897e-01 8.61739266e-01 1.00268596e+00 8.03796324e-01
1.15642000e+04 8.70370048e-01 9.20474803e-01 1.00265573e+00 8.58749104e-01
1.15644000e+04 9.26220300e-01 9.80909873e-01 1.00262549e+00 9.15309086e-01
1.15646000e+04 9.81855632e-01 1.04111171e+00 1.00259526e+00 9.71673351e-01
1.15648000e+04 1.03664562e+00 1.10039619e+00 1.00256502e+00 1.02720315e+00
1.15650000e+04 1.08899926e+00 1.15703673e+00 1.00253479e+00 1.08028598e+00
1.15652000e+04 1.13787592e+00 1.20990405e+00 1.00250456e+00 1.12986580e+00
1.15654000e+04 1.18439003e+00 1.26020754e+00 1.00247432e+00 1.17707019e+00
1.15656000e+04 1.22559785e+00 1.30475264e+00 1.00244409e+00 1.21891339e+00
1.15658000e+04 1.26060927e+00 1.34257340e+00 1.00241385e+00 1.25448968e+00
1.15660000e+04 1.28954273e+00 1.37379836e+00 1.00238362e+00 1.28391553e+00
1.15662000e+04 1.31075993e+00 1.39664962e+00 1.00235339e+00 1.30552547e+00
1.15664000e+04 1.32605721e+00 1.41307659e+00 1.00232315e+00 1.32113751e+00
1.15666000e+04 1.33509085e+00 1.42270625e+00 1.00229292e+00 1.33039933e+00
1.15668000e+04 1.33862197e+00 1.42636458e+00 1.00226268e+00 1.33407976e+00
1.15670000e+04 1.33926098e+00 1.42688439e+00 1.00223245e+00 1.33482559e+00
1.15672000e+04 1.33506938e+00 1.42216202e+00 1.00220222e+00 1.33066679e+00
1.15674000e+04 1.32715166e+00 1.41339606e+00 1.00217198e+00 1.32272219e+00
1.15676000e+04 1.31631719e+00 1.40146484e+00 1.00214175e+00 1.31181172e+00
1.15678000e+04 1.30322191e+00 1.38708019e+00 1.00211151e+00 1.29860008e+00
1.15680000e+04 1.28962598e+00 1.37215224e+00 1.00208128e+00 1.28487454e+00
1.15682000e+04 1.27483972e+00 1.35593254e+00 1.00205105e+00 1.26993384e+00
1.15684000e+04 1.25915402e+00 1.33873676e+00 1.00202081e+00 1.25407296e+00
1.15686000e+04 1.24327982e+00 1.32133643e+00 1.00199058e+00 1.23801425e+00
1.15688000e+04 1.22732556e+00 1.30384921e+00 1.00196035e+00 1.22186786e+00
1.15690000e+04 1.21164538e+00 1.28665943e+00 1.00193011e+00 1.20599396e+00
1.15692000e+04 1.19647437e+00 1.27002218e+00 1.00189988e+00 1.19063187e+00
1.15694000e+04 1.18172543e+00 1.25384299e+00 1.00186964e+00 1.17569329e+00
1.15696000e+04 1.16774721e+00 1.23850016e+00 1.00183941e+00 1.16153327e+00
1.15698000e+04 1.15432096e+00 1.22375635e+00 1.00180918e+00 1.14792963e+00
1.15700000e+04 1.14117243e+00 1.20931391e+00 1.00177894e+00 1.13460343e+00
1.15702000e+04 1.12894422e+00 1.19587021e+00 1.00174871e+00 1.12220924e+00
1.15704000e+04 1.11760324e+00 1.18338932e+00 1.00171847e+00 1.11071390e+00
1.15706000e+04 1.10726902e+00 1.17200098e+00 1.00168824e+00 1.10023972e+00
1.15708000e+04 1.09762132e+00 1.16135765e+00 1.00165801e+00 1.09046099e+00
1.15710000e+04 1.08823920e+00 1.15100252e+00 1.00162777e+00 1.08094909e+00
1.15712000e+04 1.07961990e+00 1.14147520e+00 1.00159754e+00 1.07221106e+00
1.15714000e+04 1.07179808e+00 1.13281331e+00 1.00156730e+00 1.06428269e+00
1.15716000e+04 1.06463036e+00 1.12486126e+00 1.00153707e+00 1.05701824e+00
1.15718000e+04 1.05780565e+00 1.11728143e+00 1.00150684e+00 1.05010079e+00
1.15720000e+04 1.05100584e+00 1.10972863e+00 1.00147660e+00 1.04320605e+00
1.15722000e+04 1.04454411e+00 1.10254271e+00 1.00144637e+00 1.03665357e+00
1.15724000e+04 1.03856472e+00 1.09588023e+00 1.00141613e+00 1.03059078e+00
1.15726000e+04 1.03290409e+00 1.08956367e+00 1.00138590e+00 1.02485099e+00
1.15728000e+04 1.02744432e+00 1.08346507e+00 1.00135567e+00 1.01931401e+00
1.15730000e+04 1.02208521e+00 1.07747572e+00 1.00132543e+00 1.01387766e+00
1.15732000e+04 1.01674198e+00 1.07150360e+00 1.00129520e+00 1.00845541e+00
1.15734000e+04 1.01117162e+00 1.06528499e+00 1.00126496e+00 1.00279900e+00
1.15736000e+04 1.00564159e+00 1.05911016e+00 1.00123473e+00 9.97181587e-01
1.15738000e+04 1.00053204e+00 1.05339162e+00 1.00120450e+00 9.91991678e-01
1.15740000e+04 9.96122566e-01 1.04843281e+00 1.00117426e+00 9.87515316e-01
1.15742000e+04 9.92271886e-01 1.04408040e+00 1.00114403e+00 9.83608483e-01
1.15744000e+04 9.88696381e-01 1.04002662e+00 1.00111379e+00 9.79981499e-01
1.15746000e+04 9.85535774e-01 1.03642308e+00 1.00108356e+00 9.76777428e-01
1.15748000e+04 9.82933065e-01 1.03342497e+00 1.00105333e+00 9.74142802e-01
1.15750000e+04 9.80761249e-01 1.03089447e+00 1.00102309e+00 9.71948010e-01
1.15752000e+04 9.79002878e-01 1.02881264e+00 1.00099286e+00 9.70175457e-01
1.15754000e+04 9.77207154e-01 1.02669027e+00 1.00096262e+00 9.68363974e-01
1.15756000e+04 9.75637883e-01 1.02481365e+00 1.00093239e+00 9.66783613e-01
1.15758000e+04 9.74533906e-01 1.02344197e+00 1.00090216e+00 9.65679070e-01
1.15760000e+04 9.73864812e-01 1.02254222e+00 1.00087192e+00 9.65019480e-01
1.15762000e+04 9.73769974e-01 1.02226566e+00 1.00084169e+00 9.64947873e-01
1.15764000e+04 9.73983112e-01 1.02232331e+00 1.00081145e+00 9.65191776e-01
1.15766000e+04 9.74658505e-01 1.02288260e+00 1.00078122e+00 9.65909472e-01
1.15768000e+04 9.75695973e-01 1.02383481e+00 1.00075099e+00 9.66998564e-01
1.15770000e+04 9.76847006e-01 1.02491027e+00 1.00072075e+00 9.68204505e-01
1.15772000e+04 9.78510937e-01 1.02654232e+00 1.00069052e+00 9.69936825e-01
1.15774000e+04 9.80815669e-01 1.02886977e+00 1.00066028e+00 9.72327007e-01
1.15776000e+04 9.83592118e-01 1.03170913e+00 1.00063005e+00 9.75201999e-01
1.15778000e+04 9.86438012e-01 1.03462385e+00 1.00059982e+00 9.78149371e-01
1.15780000e+04 9.88995449e-01 1.03722553e+00 1.00056958e+00 9.80801895e-01
1.15782000e+04 9.91632167e-01 1.03991325e+00 1.00053935e+00 9.83536836e-01
1.15784000e+04 9.94551075e-01 1.04290721e+00 1.00050911e+00 9.86562540e-01
1.15786000e+04 9.97661215e-01 1.04610868e+00 1.00047888e+00 9.89785787e-01
1.15788000e+04 1.00084847e+00 1.04939385e+00 1.00044865e+00 9.93089498e-01
1.15790000e+04 1.00405617e+00 1.05270120e+00 1.00041841e+00 9.96415515e-01
1.15792000e+04 1.00721953e+00 1.05596043e+00 1.00038818e+00 9.99697276e-01
1.15794000e+04 1.01052118e+00 1.05936974e+00 1.00035795e+00 1.00312245e+00
1.15796000e+04 1.01359785e+00 1.06253489e+00 1.00032771e+00 1.00631773e+00
1.15798000e+04 1.01628171e+00 1.06527378e+00 1.00029748e+00 1.00911047e+00
1.15800000e+04 1.01854600e+00 1.06755734e+00 1.00026724e+00 1.01147291e+00
1.15802000e+04 1.02028103e+00 1.06926654e+00 1.00023701e+00 1.01329199e+00
1.15804000e+04 1.02176070e+00 1.07069864e+00 1.00020678e+00 1.01484914e+00
1.15806000e+04 1.02278059e+00 1.07163177e+00 1.00017654e+00 1.01593387e+00
1.15808000e+04 1.02340334e+00 1.07213394e+00 1.00014631e+00 1.01661038e+00
1.15810000e+04 1.02385140e+00 1.07244652e+00 1.00011607e+00 1.01710736e+00
1.15812000e+04 1.02373361e+00 1.07214505e+00 1.00008584e+00 1.01702205e+00
1.15814000e+04 1.02322841e+00 1.07142316e+00 1.00005561e+00 1.01653782e+00
1.15816000e+04 1.02206970e+00 1.06999209e+00 1.00002537e+00 1.01538042e+00
1.15818000e+04 1.02025027e+00 1.06784399e+00 9.99995138e-01 1.01354200e+00
1.15820000e+04 1.01801236e+00 1.06524177e+00 9.99964904e-01 1.01127173e+00
1.15822000e+04 1.01515292e+00 1.06196505e+00 9.99934670e-01 1.00836012e+00
1.15824000e+04 1.01191588e+00 1.05827857e+00 9.99904436e-01 1.00505820e+00
1.15826000e+04 1.00831731e+00 1.05419976e+00 9.99874202e-01 1.00138230e+00
1.15828000e+04 1.00449262e+00 1.04987555e+00 9.99843968e-01 9.97471801e-01
1.15830000e+04 1.00075646e+00 1.04564743e+00 9.99813734e-01 9.93651068e-01
1.15832000e+04 9.96838922e-01 1.04122246e+00 9.99783500e-01 9.89641731e-01
1.15834000e+04 9.92613038e-01 1.03646289e+00 9.99753266e-01 9.85312710e-01
1.15836000e+04 9.88307338e-01 1.03161669e+00 9.99723032e-01 9.80899617e-01
1.15838000e+04 9.84214769e-01 1.02700179e+00 9.99692798e-01 9.76704741e-01
1.15840000e+04 9.80570640e-01 1.02287353e+00 9.99662564e-01 9.72971112e-01
1.15842000e+04 9.77209810e-01 1.01905271e+00 9.99632330e-01 9.69528500e-01
1.15844000e+04 9.73816072e-01 1.01519618e+00 9.99602096e-01 9.66050543e-01
1.15846000e+04 9.70650096e-01 1.01158681e+00 9.99571862e-01 9.62806457e-01
1.15848000e+04 9.67923288e-01 1.00845403e+00 9.99541628e-01 9.60014779e-01
1.15850000e+04 9.65637001e-01 1.00579931e+00 9.99511394e-01 9.57677178e-01
1.15852000e+04 9.63863497e-01 1.00370105e+00 9.99481160e-01 9.55868603e-01
1.15854000e+04 9.62362940e-01 1.00189900e+00 9.99450926e-01 9.54341455e-01
1.15856000e+04 9.61221622e-01 1.00048680e+00 9.99420692e-01 9.53185115e-01
1.15858000e+04 9.60396060e-01 9.99417249e-01 9.99390458e-01 9.52354841e-01
1.15860000e+04 9.59645660e-01 9.98429268e-01 9.99360224e-01 9.51601977e-01
1.15862000e+04 9.59172711e-01 9.97742376e-01 9.99329990e-01 9.51135841e-01
1.15864000e+04 9.58904114e-01 9.97277249e-01 9.99299756e-01 9.50880965e-01
1.15866000e+04 9.58825204e-01 9.97017969e-01 9.99269522e-01 9.50822299e-01
1.15868000e+04 9.58761712e-01 9.96775421e-01 9.99239288e-01 9.50779569e-01
1.15870000e+04 9.58544693e-01 9.96366266e-01 9.99209055e-01 9.50577872e-01
1.15872000e+04 9.58505562e-01 9.96150154e-01 9.99178821e-01 9.50560303e-01
1.15874000e+04 9.58881487e-01 9.96384462e-01 9.99148587e-01 9.50972618e-01
1.15876000e+04 9.59531334e-01 9.96916030e-01 9.99118353e-01 9.51668865e-01
1.15878000e+04 9.60139299e-01 9.97402147e-01 9.99088119e-01 9.52321992e-01
1.15880000e+04 9.60559576e-01 9.97684585e-01 9.99057885e-01 9.52780868e-01
1.15882000e+04 9.61052725e-01 9.98046104e-01 9.99027651e-01 9.53315461e-01
1.15884000e+04 9.61803671e-01 9.98687385e-01 9.98997417e-01 9.54117543e-01
1.15886000e+04 9.62827668e-01 9.99624980e-01 9.98967183e-01 9.55203092e-01
1.15888000e+04 9.64121707e-01 1.00085563e+00 9.98936949e-01 9.56569154e-01
1.15890000e+04 9.65731547e-01 1.00242898e+00 9.98906715e-01 9.58263368e-01
1.15892000e+04 9.67554780e-01 1.00423390e+00 9.98876481e-01 9.60179672e-01
1.15894000e+04 9.69454343e-01 1.00612167e+00 9.98846247e-01 9.62175952e-01
1.15896000e+04 9.71477093e-01 1.00814311e+00 9.98816013e-01 9.64300896e-01
1.15898000e+04 9.73726938e-01 1.01041099e+00 9.98785779e-01 9.66662458e-01
1.15900000e+04 9.76310862e-01 1.01304142e+00 9.98755545e-01 9.69371876e-01
1.15902000e+04 9.79280114e-01 1.01609001e+00 9.98725311e-01 9.72482583e-01
1.15904000e+04 9.82677636e-01 1.01960336e+00 9.98695077e-01 9.76039431e-01
1.15906000e+04 9.86423683e-01 1.02349492e+00 9.98664843e-01 9.79959826e-01
1.15908000e+04 9.90451721e-01 1.02769250e+00 9.98634609e-01 9.84174843e-01
1.15910000e+04 9.94665701e-01 1.03209187e+00 9.98604375e-01 9.88584816e-01
1.15912000e+04 9.99051683e-01 1.03667789e+00 9.98574141e-01 9.93175372e-01
1.15914000e+04 1.00353846e+00 1.04137330e+00 9.98543907e-01 9.97872570e-01
1.15916000e+04 1.00808315e+00 1.04613155e+00 9.98513673e-01 1.00263187e+00
1.15918000e+04 1.01280043e+00 1.05107710e+00 9.98483439e-01 1.00757262e+00
1.15920000e+04 1.01771015e+00 1.05623148e+00 9.98453205e-01 1.01271557e+00
1.15922000e+04 1.02261222e+00 1.06137757e+00 9.98422971e-01 1.01785261e+00
1.15924000e+04 1.02728813e+00 1.06627822e+00 9.98392738e-01 1.02275629e+00
1.15926000e+04 1.03182413e+00 1.07102704e+00 9.98362504e-01 1.02751625e+00
1.15928000e+04 1.03648383e+00 1.07591010e+00 9.98332270e-01 1.03240693e+00
1.15930000e+04 1.04135506e+00 1.08102272e+00 9.98302036e-01 1.03751989e+00
1.15932000e+04 1.04618858e+00 1.08609441e+00 9.98271802e-01 1.04259559e+00
1.15934000e+04 1.05100341e+00 1.09114582e+00 9.98241568e-01 1.04765385e+00
1.15936000e+04 1.05540824e+00 1.09575230e+00 9.98211334e-01 1.05228685e+00
1.15938000e+04 1.05912715e+00 1.09961440e+00 9.98181100e-01 1.05620672e+00
1.15940000e+04 1.06199664e+00 1.10255473e+00 9.98150866e-01 1.05924258e+00
1.15942000e+04 1.06413653e+00 1.10470329e+00 9.98120632e-01 1.06151884e+00
1.15944000e+04 1.06597781e+00 1.10652781e+00 9.98090398e-01 1.06348456e+00
1.15946000e+04 1.06737204e+00 1.10786718e+00 9.98060164e-01 1.06498471e+00
1.15948000e+04 1.06819368e+00 1.10858518e+00 9.98029930e-01 1.06588802e+00
1.15950000e+04 1.06860669e+00 1.10885974e+00 9.97999696e-01 1.06636524e+00
1.15952000e+04 1.06845555e+00 1.10852207e+00 9.97969462e-01 1.06625378e+00
1.15954000e+04 1.06804417e+00 1.10790199e+00 9.97939228e-01 1.06587057e+00
1.15956000e+04 1.06718945e+00 1.10680080e+00 9.97908994e-01 1.06502426e+00
1.15958000e+04 1.06587697e+00 1.10520286e+00 9.97878760e-01 1.06369950e+00
1.15960000e+04 1.06427274e+00 1.10328830e+00 9.97848526e-01 1.06206943e+00
1.15962000e+04 1.06209014e+00 1.10074609e+00 9.97818292e-01 1.05983439e+00
1.15964000e+04 1.05923266e+00 1.09747150e+00 9.97788058e-01 1.05689315e+00
1.15966000e+04 1.05598553e+00 1.09377407e+00 9.97757824e-01 1.05354345e+00
1.15968000e+04 1.05278975e+00 1.09013236e+00 9.97727590e-01 1.05024608e+00
1.15970000e+04 1.05001370e+00 1.08694615e+00 9.97697356e-01 1.04738630e+00
1.15972000e+04 1.04727696e+00 1.08380259e+00 9.97667122e-01 1.04456650e+00
1.15974000e+04 1.04433180e+00 1.08043285e+00 9.97636888e-01 1.04152753e+00
1.15976000e+04 1.04123043e+00 1.07689360e+00 9.97606654e-01 1.03832390e+00
1.15978000e+04 1.03804325e+00 1.07326123e+00 9.97576421e-01 1.03502917e+00
1.15980000e+04 1.03473807e+00 1.06950079e+00 9.97546187e-01 1.03160961e+00
1.15982000e+04 1.03142518e+00 1.06573200e+00 9.97515953e-01 1.02818060e+00
1.15984000e+04 1.02802968e+00 1.06187355e+00 9.97485719e-01 1.02466370e+00
1.15986000e+04 1.02473861e+00 1.05812844e+00 9.97455485e-01 1.02125479e+00
1.15988000e+04 1.02158890e+00 1.05453672e+00 9.97425251e-01 1.01799257e+00
1.15990000e+04 1.01851856e+00 1.05103114e+00 9.97395017e-01 1.01481222e+00
1.15992000e+04 1.01562523e+00 1.04771765e+00 9.97364783e-01 1.01181610e+00
1.15994000e+04 1.01274138e+00 1.04441445e+00 9.97334549e-01 1.00882871e+00
1.15996000e+04 1.01005202e+00 1.04132231e+00 9.97304315e-01 1.00604404e+00
1.15998000e+04 1.00758541e+00 1.03847189e+00 9.97274081e-01 1.00349182e+00
1.16000000e+04 1.00522681e+00 1.03573870e+00 9.97243847e-01 1.00105188e+00
1.16002000e+04 1.00313876e+00 1.03329909e+00 9.97213613e-01 9.98894768e-01
1.16004000e+04 1.00122346e+00 1.03104697e+00 9.97183379e-01 9.96918066e-01
1.16006000e+04 9.99506762e-01 1.02901036e+00 9.97153145e-01 9.95148987e-01
1.16008000e+04 9.97845000e-01 1.02703337e+00 9.97122911e-01 9.93436868e-01
1.16010000e+04 9.96055459e-01 1.02491771e+00 9.97092677e-01 9.91589902e-01
1.16012000e+04 9.94458475e-01 1.02301102e+00 9.97062443e-01 9.89944401e-01
1.16014000e+04 9.93154524e-01 1.02142232e+00 9.97032209e-01 9.88606021e-01
1.16016000e+04 9.92151768e-01 1.02016048e+00 9.97001975e-01 9.87583521e-01
1.16018000e+04 9.91283098e-01 1.01904416e+00 9.96971741e-01 9.86701502e-01
1.16020000e+04 9.90389079e-01 1.01790032e+00 9.96941507e-01 9.85792486e-01
1.16022000e+04 9.89623742e-01 1.01689613e+00 9.96911273e-01 9.85018372e-01
1.16024000e+04 9.89088392e-01 1.01614152e+00 9.96881039e-01 9.84485753e-01
1.16026000e+04 9.88645648e-01 1.01548741e+00 9.96850805e-01 9.84050304e-01
1.16028000e+04 9.88139635e-01 1.01476464e+00 9.96820571e-01 9.83548132e-01
1.16030000e+04 9.87462189e-01 1.01385583e+00 9.96790337e-01 9.82865405e-01
1.16032000e+04 9.86671317e-01 1.01282392e+00 9.96760104e-01 9.82063051e-01
1.16034000e+04 9.85870807e-01 1.01178156e+00 9.96729870e-01 9.81250230e-01
1.16036000e+04 9.85003739e-01 1.01066698e+00 9.96699636e-01 9.80367018e-01
1.16038000e+04 9.84069305e-01 1.00947928e+00 9.96669402e-01 9.79412521e-01
1.16040000e+04 9.83131353e-01 1.00828777e+00 9.96639168e-01 9.78453934e-01
1.16042000e+04 9.82098408e-01 1.00699317e+00 9.96608934e-01 9.77394903e-01
1.16044000e+04 9.81016381e-01 1.00564531e+00 9.96578700e-01 9.76283736e-01
1.16046000e+04 9.79819472e-01 1.00417277e+00 9.96548466e-01 9.75051067e-01
1.16048000e+04 9.78530210e-01 1.00260002e+00 9.96518232e-01 9.73720563e-01
1.16050000e+04 9.77219515e-01 1.00100401e+00 9.96487998e-01 9.72366930e-01
1.16052000e+04 9.75801127e-01 9.99291125e-01 9.96457764e-01 9.70899201e-01
1.16054000e+04 9.74233134e-01 9.97415891e-01 9.96427530e-01 9.69273107e-01
1.16056000e+04 9.72616592e-01 9.95487973e-01 9.96397296e-01 9.67595148e-01
1.16058000e+04 9.71149697e-01 9.93722451e-01 9.96367062e-01 9.66074388e-01
1.16060000e+04 9.69922808e-01 9.92217385e-01 9.96336828e-01 9.64806273e-01
1.16062000e+04 9.68681848e-01 9.90697047e-01 9.96306594e-01 9.63522793e-01
1.16064000e+04 9.67119287e-01 9.88827709e-01 9.96276360e-01 9.61899297e-01
1.16066000e+04 9.65392210e-01 9.86779838e-01 9.96246126e-01 9.60101439e-01
1.16068000e+04 9.63673257e-01 9.84740784e-01 9.96215892e-01 9.58311432e-01
1.16070000e+04 9.62064481e-01 9.82821293e-01 9.96185658e-01 9.56637078e-01
1.16072000e+04 9.60698081e-01 9.81164828e-01 9.96155424e-01 9.55218118e-01
1.16074000e+04 9.59634370e-01 9.79836842e-01 9.96125190e-01 9.54118439e-01
1.16076000e+04 9.58858885e-01 9.78821639e-01 9.96094956e-01 9.53322949e-01
1.16078000e+04 9.58165899e-01 9.77895964e-01 9.96064722e-01 9.52614351e-01
1.16080000e+04 9.57360903e-01 9.76848735e-01 9.96034488e-01 9.51787031e-01
1.16082000e+04 9.56759862e-01 9.76022839e-01 9.96004254e-01 9.51175073e-01
1.16084000e+04 9.56263522e-01 9.75310564e-01 9.95974020e-01 9.50673618e-01
1.16086000e+04 9.55871884e-01 9.74711912e-01 9.95943786e-01 9.50282734e-01
1.16088000e+04 9.55584947e-01 9.74226881e-01 9.95913553e-01 9.50002488e-01
