# # source: .\experimental\XANES_Pt_MoS2(160))_Exp.txt
# # site: Pt_MoS2(160))_Exp
# # columns: Energy(eV) Abs_raw Preedge_normalized PredictedPost_raw Final_normalized
# 
1.15262000e+04 -6.99199850e-04 1.88621290e-02 1.05347051e+00 1.52288646e-02
1.15264000e+04 -7.95061079e-04 1.84488089e-02 1.05330729e+00 1.49011006e-02
1.15266000e+04 -9.29523239e-04 1.79911103e-02 1.05314407e+00 1.45372162e-02
1.15268000e+04 -1.10258633e-03 1.74890332e-02 1.05298086e+00 1.41371681e-02
1.15270000e+04 -1.43950123e-03 1.67985798e-02 1.05281764e+00 1.35844667e-02
1.15272000e+04 -1.74178068e-03 1.61479459e-02 1.05265442e+00 1.30635373e-02
1.15274000e+04 -1.91463782e-03 1.56461055e-02 1.05249120e+00 1.26626121e-02
1.15276000e+04 -1.94634594e-03 1.53065406e-02 1.05232798e+00 1.23927507e-02
1.15278000e+04 -1.90532869e-03 1.50505863e-02 1.05216476e+00 1.21903947e-02
1.15280000e+04 -1.84252847e-03 1.48196753e-02 1.05200154e+00 1.20081690e-02
1.15282000e+04 -1.72030422e-03 1.46570825e-02 1.05183832e+00 1.18811768e-02
1.15284000e+04 -1.41606200e-03 1.47037513e-02 1.05167510e+00 1.19237804e-02
1.15286000e+04 -1.17477447e-03 1.46780426e-02 1.05151189e+00 1.19077012e-02
1.15288000e+04 -1.26644447e-03 1.42695411e-02 1.05134867e+00 1.15809402e-02
1.15290000e+04 -1.73099910e-03 1.34323435e-02 1.05118545e+00 1.09058547e-02
1.15292000e+04 -2.34179107e-03 1.24270205e-02 1.05102223e+00 1.00936701e-02
1.15294000e+04 -2.77220149e-03 1.16290777e-02 1.05085901e+00 9.44934275e-03
1.15296000e+04 -3.07093851e-03 1.09825164e-02 1.05069579e+00 8.92755436e-03
1.15298000e+04 -3.28910884e-03 1.04285806e-02 1.05053257e+00 8.48067123e-03
1.15300000e+04 -3.33701397e-03 1.00703944e-02 1.05036935e+00 8.19267937e-03
1.15302000e+04 -3.40110669e-03 9.69359779e-03 1.05020613e+00 7.88930952e-03
1.15304000e+04 -3.49594944e-03 9.28144863e-03 1.05004292e+00 7.55691186e-03
1.15306000e+04 -3.70247972e-03 8.74089512e-03 1.04987970e+00 7.11965850e-03
1.15308000e+04 -3.92912155e-03 8.17721987e-03 1.04971648e+00 6.66321247e-03
1.15310000e+04 -4.06093205e-03 7.72256980e-03 1.04955326e+00 6.29527393e-03
1.15312000e+04 -4.29791560e-03 7.14700495e-03 1.04939004e+00 5.82843216e-03
1.15314000e+04 -4.78017756e-03 6.28944968e-03 1.04922682e+00 5.13115642e-03
1.15316000e+04 -5.33371998e-03 5.34994507e-03 1.04906360e+00 4.36643445e-03
1.15318000e+04 -5.66438794e-03 4.66667362e-03 1.04890038e+00 3.81030845e-03
1.15320000e+04 -5.59976163e-03 4.43786200e-03 1.04873716e+00 3.62494695e-03
1.15322000e+04 -5.38025428e-03 4.38711320e-03 1.04857395e+00 3.58494031e-03
1.15324000e+04 -5.20627556e-03 4.28402130e-03 1.04841073e+00 3.50211180e-03
1.15326000e+04 -5.07755127e-03 4.12890151e-03 1.04824751e+00 3.37666733e-03
1.15328000e+04 -4.91739431e-03 4.00991907e-03 1.04808429e+00 3.28068701e-03
1.15330000e+04 -4.79608290e-03 3.84627688e-03 1.04792107e+00 3.14807627e-03
1.15332000e+04 -4.74613792e-03 3.60058651e-03 1.04775785e+00 2.94817685e-03
1.15334000e+04 -4.86298698e-03 3.16313724e-03 1.04759463e+00 2.59103911e-03
1.15336000e+04 -5.10736452e-03 2.57907169e-03 1.04743141e+00 2.11346504e-03
1.15338000e+04 -5.49759938e-03 1.82731767e-03 1.04726819e+00 1.49803342e-03
1.15340000e+04 -6.00294838e-03 9.43219815e-04 1.04710498e+00 7.73563963e-04
1.15342000e+04 -6.41899812e-03 1.61787076e-04 1.04694176e+00 1.32740386e-04
1.15344000e+04 -6.60697730e-03 -3.57438705e-04 1.04677854e+00 -2.93384277e-04
1.15346000e+04 -6.52849423e-03 -5.70319555e-04 1.04661532e+00 -4.68305867e-04
1.15348000e+04 -6.25614522e-03 -5.60317623e-04 1.04645210e+00 -4.60279644e-04
1.15350000e+04 -5.91467549e-03 -4.70849343e-04 1.04628888e+00 -3.86941826e-04
1.15352000e+04 -5.53005492e-03 -3.31771643e-04 1.04612566e+00 -2.72759110e-04
1.15354000e+04 -5.22441107e-03 -2.83491477e-04 1.04596244e+00 -2.33161249e-04
1.15356000e+04 -4.99772638e-03 -3.25988661e-04 1.04579922e+00 -2.68222556e-04
1.15358000e+04 -4.78936217e-03 -3.89548438e-04 1.04563600e+00 -3.20649655e-04
1.15360000e+04 -4.63259577e-03 -5.12428922e-04 1.04547279e+00 -4.21968006e-04
1.15362000e+04 -4.56121201e-03 -7.33471671e-04 1.04530957e+00 -6.04235012e-04
1.15364000e+04 -4.59645549e-03 -1.07710106e-03 1.04514635e+00 -8.87678539e-04
1.15366000e+04 -4.76895116e-03 -1.57852584e-03 1.04498313e+00 -1.30145080e-03
1.15368000e+04 -5.21427176e-03 -2.39361055e-03 1.04481991e+00 -1.97426942e-03
1.15370000e+04 -5.87093593e-03 -3.45167163e-03 1.04465669e+00 -2.84812693e-03
1.15372000e+04 -6.37323432e-03 -4.33226227e-03 1.04449347e+00 -3.57619853e-03
1.15374000e+04 -6.25060409e-03 -4.49438824e-03 1.04433025e+00 -3.71154345e-03
1.15376000e+04 -5.74366045e-03 -4.21467878e-03 1.04416703e+00 -3.48197462e-03
1.15378000e+04 -5.22239873e-03 -3.91850820e-03 1.04400382e+00 -3.23861340e-03
1.15380000e+04 -4.87228697e-03 -3.81910440e-03 1.04384060e+00 -3.15774590e-03
1.15382000e+04 -4.66630609e-03 -3.88540423e-03 1.04367738e+00 -3.21387685e-03
1.15384000e+04 -4.48335087e-03 -3.97817609e-03 1.04351416e+00 -3.29195940e-03
1.15386000e+04 -4.45309740e-03 -4.24650529e-03 1.04335094e+00 -3.51543972e-03
1.15388000e+04 -4.56352967e-03 -4.67657734e-03 1.04318772e+00 -3.87305530e-03
1.15390000e+04 -4.61072641e-03 -5.03394909e-03 1.04302450e+00 -4.17072984e-03
1.15392000e+04 -4.71134973e-03 -5.45274404e-03 1.04286128e+00 -4.51955930e-03
1.15394000e+04 -4.78810090e-03 -5.84409378e-03 1.04269806e+00 -4.84591689e-03
1.15396000e+04 -4.82250768e-03 -6.18676125e-03 1.04253485e+00 -5.13215807e-03
1.15398000e+04 -4.63507482e-03 -6.27438527e-03 1.04237163e+00 -5.20697874e-03
1.15400000e+04 -4.09186410e-03 -5.95298047e-03 1.04220841e+00 -4.94227728e-03
1.15402000e+04 -3.56466769e-03 -5.64998692e-03 1.04204519e+00 -4.69265031e-03
1.15404000e+04 -3.26647389e-03 -5.61027188e-03 1.04188197e+00 -4.66157667e-03
1.15406000e+04 -3.23318091e-03 -5.87510663e-03 1.04171875e+00 -4.88363192e-03
1.15408000e+04 -3.35810196e-03 -6.32183608e-03 1.04155553e+00 -5.25713005e-03
1.15410000e+04 -3.49322437e-03 -6.78029375e-03 1.04139231e+00 -5.64069209e-03
1.15412000e+04 -3.60939937e-03 -7.21696807e-03 1.04122909e+00 -6.00643987e-03
1.15414000e+04 -3.56962184e-03 -7.47434770e-03 1.04106588e+00 -6.22320614e-03
1.15416000e+04 -3.39830441e-03 -7.58049923e-03 1.04090266e+00 -6.31418513e-03
1.15418000e+04 -3.15152961e-03 -7.59989932e-03 1.04073944e+00 -6.33294957e-03
1.15420000e+04 -2.82129335e-03 -7.52334589e-03 1.04057622e+00 -6.27173904e-03
1.15422000e+04 -2.44561400e-03 -7.39454768e-03 1.04041300e+00 -6.16690698e-03
1.15424000e+04 -2.03723340e-03 -7.22815366e-03 1.04024978e+00 -6.03062146e-03
1.15426000e+04 -1.62174984e-03 -7.05359355e-03 1.04008656e+00 -5.88740760e-03
1.15428000e+04 -1.15226872e-03 -6.81695381e-03 1.03992334e+00 -5.69223839e-03
1.15430000e+04 -5.96774735e-04 -6.48142725e-03 1.03976012e+00 -5.41430240e-03
1.15432000e+04 -5.36669714e-05 -6.16014081e-03 1.03959691e+00 -5.14803748e-03
1.15434000e+04 4.50231220e-04 -5.88393263e-03 1.03943369e+00 -4.91924020e-03
1.15436000e+04 8.67741479e-04 -5.70704248e-03 1.03927047e+00 -4.77332268e-03
1.15438000e+04 1.19804267e-03 -5.63041439e-03 1.03910725e+00 -4.71117756e-03
1.15440000e+04 1.48953008e-03 -5.59840953e-03 1.03894403e+00 -4.68633442e-03
1.15442000e+04 1.75265347e-03 -5.59901406e-03 1.03878081e+00 -4.68877880e-03
1.15444000e+04 1.97735847e-03 -5.64378725e-03 1.03861759e+00 -4.72822863e-03
1.15446000e+04 2.30429284e-03 -5.57102991e-03 1.03845437e+00 -4.66920612e-03
1.15448000e+04 2.94887621e-03 -5.13307953e-03 1.03829115e+00 -4.30393144e-03
1.15450000e+04 3.92054571e-03 -4.31908648e-03 1.03812793e+00 -3.62292316e-03
1.15452000e+04 4.88116996e-03 -3.51779187e-03 1.03796472e+00 -2.95200650e-03
1.15454000e+04 5.46228283e-03 -3.15281192e-03 1.03780150e+00 -2.64682515e-03
1.15456000e+04 5.72637780e-03 -3.15229946e-03 1.03763828e+00 -2.64749258e-03
1.15458000e+04 5.74395106e-03 -3.43520678e-03 1.03747506e+00 -2.88629247e-03
1.15460000e+04 5.62947330e-03 -3.86992983e-03 1.03731184e+00 -3.25290056e-03
1.15462000e+04 5.74054509e-03 -4.04534424e-03 1.03714862e+00 -3.40175867e-03
1.15464000e+04 6.51817961e-03 -3.45442832e-03 1.03698540e+00 -2.90606012e-03
1.15466000e+04 7.67899234e-03 -2.42298207e-03 1.03682218e+00 -2.03919651e-03
1.15468000e+04 8.73891822e-03 -1.50752289e-03 1.03665896e+00 -1.26926802e-03
1.15470000e+04 9.40260401e-03 -1.04761094e-03 1.03649575e+00 -8.82409280e-04
1.15472000e+04 9.83335229e-03 -8.55501371e-04 1.03633253e+00 -7.20894057e-04
1.15474000e+04 1.00031217e-02 -9.63432666e-04 1.03616931e+00 -8.12181088e-04
1.15476000e+04 1.01843059e-02 -1.05824052e-03 1.03600609e+00 -8.92476394e-04
1.15478000e+04 1.07589748e-02 -7.00669121e-04 1.03584287e+00 -5.91161644e-04
1.15480000e+04 1.19391885e-02 3.53081935e-04 1.03567965e+00 2.98022987e-04
1.15482000e+04 1.33128890e-02 1.62927994e-03 1.03551643e+00 1.37578651e-03
1.15484000e+04 1.44833370e-02 2.67180358e-03 1.03535321e+00 2.25704912e-03
1.15486000e+04 1.55291565e-02 3.57104501e-03 1.03518999e+00 3.01795687e-03
1.15488000e+04 1.66322154e-02 4.53609312e-03 1.03502678e+00 3.83513771e-03
1.15490000e+04 1.77717087e-02 5.54302896e-03 1.03486356e+00 4.68843093e-03
1.15492000e+04 1.89725577e-02 6.62050388e-03 1.03470034e+00 5.60212594e-03
1.15494000e+04 2.01556915e-02 7.67761215e-03 1.03453712e+00 6.49934391e-03
1.15496000e+04 2.13393852e-02 8.73536402e-03 1.03437390e+00 7.39785742e-03
1.15498000e+04 2.24012365e-02 9.65303688e-03 1.03421068e+00 8.17844226e-03
1.15500000e+04 2.32818829e-02 1.03623829e-02 1.03404746e+00 8.78310379e-03
1.15502000e+04 2.43045204e-02 1.12349726e-02 1.03388424e+00 9.52669426e-03
1.15504000e+04 2.57348613e-02 1.25762885e-02 1.03372102e+00 1.06685306e-02
1.15506000e+04 2.74510443e-02 1.42462301e-02 1.03355781e+00 1.20902157e-02
1.15508000e+04 2.91585055e-02 1.59061443e-02 1.03339459e+00 1.35045796e-02
1.15510000e+04 3.06845521e-02 1.73574906e-02 1.03323137e+00 1.47429783e-02
1.15512000e+04 3.21791161e-02 1.87726423e-02 1.03306815e+00 1.59516606e-02
1.15514000e+04 3.36786204e-02 2.01934737e-02 1.03290493e+00 1.71661861e-02
1.15516000e+04 3.52624007e-02 2.17111951e-02 1.03274171e+00 1.84641312e-02
1.15518000e+04 3.70404041e-02 2.34522099e-02 1.03257849e+00 1.99531450e-02
1.15520000e+04 3.90769152e-02 2.54904244e-02 1.03241527e+00 2.16963746e-02
1.15522000e+04 4.11960158e-02 2.76235901e-02 1.03225205e+00 2.35219227e-02
1.15524000e+04 4.32915010e-02 2.97296056e-02 1.03208884e+00 2.53258783e-02
1.15526000e+04 4.52778907e-02 3.17101969e-02 1.03192562e+00 2.70244618e-02
1.15528000e+04 4.70074104e-02 3.33954712e-02 1.03176240e+00 2.84726909e-02
1.15530000e+04 4.85769477e-02 3.48968178e-02 1.03159918e+00 2.97652590e-02
1.15532000e+04 5.03775118e-02 3.66637701e-02 1.03143596e+00 3.12855603e-02
1.15534000e+04 5.28063690e-02 3.91530550e-02 1.03127274e+00 3.34237771e-02
1.15536000e+04 5.58121840e-02 4.23056538e-02 1.03110952e+00 3.61302874e-02
1.15538000e+04 5.92651509e-02 4.59723319e-02 1.03094630e+00 3.92783058e-02
1.15540000e+04 6.30166029e-02 4.99821707e-02 1.03078308e+00 4.27222989e-02
1.15542000e+04 6.67820534e-02 5.40081033e-02 1.03061986e+00 4.61829628e-02
1.15544000e+04 7.02370963e-02 5.76771681e-02 1.03045665e+00 4.93412600e-02
1.15546000e+04 7.34109001e-02 6.10228994e-02 1.03029343e+00 5.22255070e-02
1.15548000e+04 7.65580466e-02 6.43379834e-02 1.03013021e+00 5.50859530e-02
1.15550000e+04 7.98676031e-02 6.78397861e-02 1.02996699e+00 5.81087546e-02
1.15552000e+04 8.32184643e-02 7.13890758e-02 1.02980377e+00 6.11748073e-02
1.15554000e+04 8.63620936e-02 7.47001163e-02 1.02964055e+00 6.40392088e-02
1.15556000e+04 8.97193692e-02 7.82567805e-02 1.02947733e+00 6.71166953e-02
1.15558000e+04 9.37285061e-02 8.25628731e-02 1.02931411e+00 7.08398073e-02
1.15560000e+04 9.84629364e-02 8.77028173e-02 1.02915089e+00 7.52818324e-02
1.15562000e+04 1.03611300e-01 9.33186507e-02 1.02898768e+00 8.01362895e-02
1.15564000e+04 1.08594502e-01 9.87446007e-02 1.02882446e+00 8.48317365e-02
1.15566000e+04 1.13592823e-01 1.04187933e-01 1.02866124e+00 8.95461093e-02
1.15568000e+04 1.18689434e-01 1.09744268e-01 1.02849802e+00 9.43616483e-02
1.15570000e+04 1.23776421e-01 1.15289538e-01 1.02833480e+00 9.91717614e-02
1.15572000e+04 1.29303208e-01 1.21340434e-01 1.02817158e+00 1.04421086e-01
1.15574000e+04 1.35315243e-01 1.27949208e-01 1.02800836e+00 1.10155168e-01
1.15576000e+04 1.41925264e-01 1.35245472e-01 1.02784514e+00 1.16486258e-01
1.15578000e+04 1.48775076e-01 1.42817417e-01 1.02768192e+00 1.23060282e-01
1.15580000e+04 1.55642039e-01 1.50409080e-01 1.02751871e+00 1.29656900e-01
1.15582000e+04 1.63214120e-01 1.58811400e-01 1.02735549e+00 1.36958244e-01
1.15584000e+04 1.71587064e-01 1.68134451e-01 1.02719227e+00 1.45060182e-01
1.15586000e+04 1.81013204e-01 1.78668336e-01 1.02702905e+00 1.54214136e-01
1.15588000e+04 1.91438581e-01 1.90351018e-01 1.02686583e+00 1.64367882e-01
1.15590000e+04 2.02586666e-01 2.02864578e-01 1.02670261e+00 1.75248060e-01
1.15592000e+04 2.14451649e-01 2.16202339e-01 1.02653939e+00 1.86849829e-01
1.15594000e+04 2.26440518e-01 2.29682528e-01 1.02637617e+00 1.98584650e-01
1.15596000e+04 2.38812713e-01 2.43603418e-01 1.02621295e+00 2.10710691e-01
1.15598000e+04 2.51695407e-01 2.58111216e-01 1.02604974e+00 2.23354975e-01
1.15600000e+04 2.65102158e-01 2.73221509e-01 1.02588652e+00 2.36531657e-01
1.15602000e+04 2.79495157e-01 2.89465665e-01 1.02572330e+00 2.50701633e-01
1.15604000e+04 2.94608076e-01 3.06537496e-01 1.02556008e+00 2.65600879e-01
1.15606000e+04 3.11012672e-01 3.25094335e-01 1.02539686e+00 2.81800124e-01
1.15608000e+04 3.28679106e-01 3.45101878e-01 1.02523364e+00 2.99271290e-01
1.15610000e+04 3.47525859e-01 3.66466403e-01 1.02507042e+00 3.17934702e-01
1.15612000e+04 3.68207957e-01 3.89940978e-01 1.02490720e+00 3.38445512e-01
1.15614000e+04 3.90246662e-01 4.14975210e-01 1.02474398e+00 3.60328182e-01
1.15616000e+04 4.14273907e-01 4.42295617e-01 1.02458077e+00 3.84215594e-01
1.15618000e+04 4.40179687e-01 4.71775727e-01 1.02441755e+00 4.10000417e-01
1.15620000e+04 4.67683115e-01 5.03092613e-01 1.02425433e+00 4.37404333e-01
1.15622000e+04 4.97647853e-01 5.37239207e-01 1.02409111e+00 4.67293084e-01
1.15624000e+04 5.29831315e-01 5.73936610e-01 1.02392789e+00 4.99427183e-01
1.15626000e+04 5.64134866e-01 6.13071425e-01 1.02376467e+00 5.33710808e-01
1.15628000e+04 5.99701356e-01 6.53658211e-01 1.02360145e+00 5.69288484e-01
1.15630000e+04 6.35962028e-01 6.95043080e-01 1.02343823e+00 6.05592150e-01
1.15632000e+04 6.74349009e-01 7.38872512e-01 1.02327501e+00 6.44057940e-01
1.15634000e+04 7.15341066e-01 7.85696935e-01 1.02311179e+00 6.85168650e-01
1.15636000e+04 7.58701606e-01 8.35244342e-01 1.02294858e+00 7.28690394e-01
1.15638000e+04 8.04295890e-01 8.87359829e-01 1.02278536e+00 7.74491085e-01
1.15640000e+04 8.51232262e-01 9.41018281e-01 1.02262214e+00 8.21678564e-01
1.15642000e+04 8.98327327e-01 9.94859178e-01 1.02245892e+00 8.69066134e-01
1.15644000e+04 9.44510717e-01 1.04765195e+00 1.02229570e+00 9.15578612e-01
1.15646000e+04 9.88821686e-01 1.09829204e+00 1.02213248e+00 9.60249148e-01
1.15648000e+04 1.03218279e+00 1.14784010e+00 1.02196926e+00 1.00400309e+00
1.15650000e+04 1.07427378e+00 1.19592793e+00 1.02180604e+00 1.04651705e+00
1.15652000e+04 1.11321768e+00 1.24039764e+00 1.02164282e+00 1.08590030e+00
1.15654000e+04 1.14938980e+00 1.28168070e+00 1.02147961e+00 1.12252668e+00
1.15656000e+04 1.18061221e+00 1.31727321e+00 1.02131639e+00 1.15419868e+00
1.15658000e+04 1.20650371e+00 1.34673690e+00 1.02115317e+00 1.18052569e+00
1.15660000e+04 1.22714857e+00 1.37016867e+00 1.02098995e+00 1.20158573e+00
1.15662000e+04 1.24163251e+00 1.38651738e+00 1.02082673e+00 1.21644976e+00
1.15664000e+04 1.25152259e+00 1.39758464e+00 1.02066351e+00 1.22669103e+00
1.15666000e+04 1.25679913e+00 1.40334783e+00 1.02050029e+00 1.23228367e+00
1.15668000e+04 1.25812846e+00 1.40457302e+00 1.02033707e+00 1.23389459e+00
1.15670000e+04 1.25743092e+00 1.40346797e+00 1.02017385e+00 1.23345895e+00
1.15672000e+04 1.25376535e+00 1.39895064e+00 1.02001064e+00 1.23002270e+00
1.15674000e+04 1.24843321e+00 1.39251730e+00 1.01984742e+00 1.22489809e+00
1.15676000e+04 1.24145580e+00 1.38419244e+00 1.01968420e+00 1.21810445e+00
1.15678000e+04 1.23285904e+00 1.37400585e+00 1.01952098e+00 1.20966586e+00
1.15680000e+04 1.22332233e+00 1.36273862e+00 1.01935776e+00 1.20026813e+00
1.15682000e+04 1.21238233e+00 1.34985807e+00 1.01919454e+00 1.18944062e+00
1.15684000e+04 1.20009042e+00 1.33542326e+00 1.01903132e+00 1.17723354e+00
1.15686000e+04 1.18716067e+00 1.32025515e+00 1.01886810e+00 1.16436910e+00
1.15688000e+04 1.17410339e+00 1.30494041e+00 1.01870488e+00 1.15136408e+00
1.15690000e+04 1.16158825e+00 1.29024896e+00 1.01854167e+00 1.13889790e+00
1.15692000e+04 1.14964952e+00 1.27622019e+00 1.01837845e+00 1.12700605e+00
1.15694000e+04 1.13838932e+00 1.26297152e+00 1.01821523e+00 1.11579301e+00
1.15696000e+04 1.12781018e+00 1.25050582e+00 1.01805201e+00 1.10526222e+00
1.15698000e+04 1.11726246e+00 1.23807627e+00 1.01788879e+00 1.09475418e+00
1.15700000e+04 1.10648257e+00 1.22537979e+00 1.01772557e+00 1.08400084e+00
1.15702000e+04 1.09655469e+00 1.21366285e+00 1.01756235e+00 1.07410500e+00
1.15704000e+04 1.08812540e+00 1.20366880e+00 1.01739913e+00 1.06572595e+00
1.15706000e+04 1.08104147e+00 1.19522147e+00 1.01723591e+00 1.05870963e+00
1.15708000e+04 1.07492090e+00 1.18788169e+00 1.01707270e+00 1.05266865e+00
1.15710000e+04 1.06920523e+00 1.18100742e+00 1.01690948e+00 1.04703508e+00
1.15712000e+04 1.06350688e+00 1.17415306e+00 1.01674626e+00 1.04141424e+00
1.15714000e+04 1.05734109e+00 1.16676130e+00 1.01658304e+00 1.03531161e+00
1.15716000e+04 1.05046065e+00 1.15854792e+00 1.01641982e+00 1.02847427e+00
1.15718000e+04 1.04265720e+00 1.14927338e+00 1.01625660e+00 1.02068848e+00
1.15720000e+04 1.03445161e+00 1.13953651e+00 1.01609338e+00 1.01248509e+00
1.15722000e+04 1.02685645e+00 1.13050143e+00 1.01593016e+00 1.00489830e+00
1.15724000e+04 1.02114221e+00 1.12362880e+00 1.01576694e+00 9.99227898e-01
1.15726000e+04 1.01706405e+00 1.11863714e+00 1.01560373e+00 9.95225963e-01
1.15728000e+04 1.01415933e+00 1.11499454e+00 1.01544051e+00 9.92421265e-01
1.15730000e+04 1.01202206e+00 1.11223427e+00 1.01527729e+00 9.90399783e-01
1.15732000e+04 1.00986041e+00 1.10944596e+00 1.01511407e+00 9.88351537e-01
1.15734000e+04 1.00693916e+00 1.10578437e+00 1.01495085e+00 9.85523186e-01
1.15736000e+04 1.00315316e+00 1.10112858e+00 1.01478763e+00 9.81805887e-01
1.15738000e+04 9.99086320e-01 1.09614993e+00 1.01462441e+00 9.77797301e-01
1.15740000e+04 9.95337964e-01 1.09153743e+00 1.01446119e+00 9.74111945e-01
1.15742000e+04 9.91589388e-01 1.08692467e+00 1.01429797e+00 9.70423114e-01
1.15744000e+04 9.87630456e-01 1.08207008e+00 1.01413475e+00 9.66515013e-01
1.15746000e+04 9.84048187e-01 1.07764852e+00 1.01397154e+00 9.62990430e-01
1.15748000e+04 9.81559693e-01 1.07448445e+00 1.01380832e+00 9.60586923e-01
1.15750000e+04 9.80409377e-01 1.07285885e+00 1.01364510e+00 9.59557290e-01
1.15752000e+04 9.79889501e-01 1.07195805e+00 1.01348188e+00 9.59175289e-01
1.15754000e+04 9.79149749e-01 1.07080447e+00 1.01331866e+00 9.58566661e-01
1.15756000e+04 9.78257498e-01 1.06947556e+00 1.01315544e+00 9.57800478e-01
1.15758000e+04 9.77118950e-01 1.06786349e+00 1.01299222e+00 9.56779911e-01
1.15760000e+04 9.75818189e-01 1.06606493e+00 1.01282900e+00 9.55591274e-01
1.15762000e+04 9.75416838e-01 1.06530039e+00 1.01266578e+00 9.55328869e-01
1.15764000e+04 9.76770785e-01 1.06655388e+00 1.01250257e+00 9.56876736e-01
1.15766000e+04 9.79548805e-01 1.06944459e+00 1.01233935e+00 9.59895484e-01
1.15768000e+04 9.83072415e-01 1.07319248e+00 1.01217613e+00 9.63686632e-01
1.15770000e+04 9.86594326e-01 1.07693842e+00 1.01201291e+00 9.67479388e-01
1.15772000e+04 9.89901018e-01 1.08043693e+00 1.01184969e+00 9.71053129e-01
1.15774000e+04 9.92545210e-01 1.08317378e+00 1.01168647e+00 9.73945192e-01
1.15776000e+04 9.94492527e-01 1.08510945e+00 1.01152325e+00 9.76119117e-01
1.15778000e+04 9.95965193e-01 1.08649943e+00 1.01136003e+00 9.77803872e-01
1.15780000e+04 9.97402756e-01 1.08784905e+00 1.01119681e+00 9.79453788e-01
1.15782000e+04 9.98978120e-01 1.08935709e+00 1.01103360e+00 9.81247878e-01
1.15784000e+04 1.00129865e+00 1.09172184e+00 1.01087038e+00 9.83815583e-01
1.15786000e+04 1.00401674e+00 1.09454365e+00 1.01070716e+00 9.86797655e-01
1.15788000e+04 1.00668144e+00 1.09730407e+00 1.01054394e+00 9.89727007e-01
1.15790000e+04 1.00915777e+00 1.09984794e+00 1.01038072e+00 9.92463560e-01
1.15792000e+04 1.01143631e+00 1.10216440e+00 1.01021750e+00 9.94997266e-01
1.15794000e+04 1.01354533e+00 1.10428598e+00 1.01005428e+00 9.97357215e-01
1.15796000e+04 1.01562243e+00 1.10637086e+00 1.00989106e+00 9.99686109e-01
1.15798000e+04 1.01817227e+00 1.10899924e+00 1.00972784e+00 1.00250839e+00
1.15800000e+04 1.02143353e+00 1.11244551e+00 1.00956463e+00 1.00607288e+00
1.15802000e+04 1.02453987e+00 1.11571368e+00 1.00940141e+00 1.00947941e+00
1.15804000e+04 1.02704859e+00 1.11829479e+00 1.00923819e+00 1.01226707e+00
1.15806000e+04 1.02866248e+00 1.11984712e+00 1.00907497e+00 1.01412557e+00
1.15808000e+04 1.02950626e+00 1.12051409e+00 1.00891175e+00 1.01518359e+00
1.15810000e+04 1.02971300e+00 1.12044866e+00 1.00874853e+00 1.01557872e+00
1.15812000e+04 1.02929039e+00 1.11965969e+00 1.00858531e+00 1.01531808e+00
1.15814000e+04 1.02871036e+00 1.11868972e+00 1.00842209e+00 1.01489300e+00
1.15816000e+04 1.02771327e+00 1.11724029e+00 1.00825887e+00 1.01403237e+00
1.15818000e+04 1.02604372e+00 1.11501774e+00 1.00809566e+00 1.01246896e+00
1.15820000e+04 1.02379469e+00 1.11212897e+00 1.00793244e+00 1.01029893e+00
1.15822000e+04 1.02097031e+00 1.10857874e+00 1.00776922e+00 1.00752578e+00
1.15824000e+04 1.01788278e+00 1.10472598e+00 1.00760600e+00 1.00447507e+00
1.15826000e+04 1.01456612e+00 1.10060978e+00 1.00744278e+00 1.00118197e+00
1.15828000e+04 1.01111882e+00 1.09634340e+00 1.00727956e+00 9.97749243e-01
1.15830000e+04 1.00779468e+00 1.09221861e+00 1.00711634e+00 9.94442336e-01
1.15832000e+04 1.00431042e+00 1.08790973e+00 1.00695312e+00 9.90964772e-01
1.15834000e+04 1.00062086e+00 1.08336483e+00 1.00678990e+00 9.87268997e-01
1.15836000e+04 9.96759238e-01 1.07862211e+00 1.00662668e+00 9.83389531e-01
1.15838000e+04 9.92688492e-01 1.07363896e+00 1.00646347e+00 9.79287279e-01
1.15840000e+04 9.88701826e-01 1.06875248e+00 1.00630025e+00 9.75269539e-01
1.15842000e+04 9.85141856e-01 1.06435657e+00 1.00613703e+00 9.71696030e-01
1.15844000e+04 9.82384432e-01 1.06088331e+00 1.00597381e+00 9.68962019e-01
1.15846000e+04 9.80430203e-01 1.05833348e+00 1.00581059e+00 9.67069325e-01
1.15848000e+04 9.79211964e-01 1.05662979e+00 1.00564737e+00 9.65948452e-01
1.15850000e+04 9.78517908e-01 1.05552874e+00 1.00548415e+00 9.65377737e-01
1.15852000e+04 9.77926150e-01 1.05454530e+00 1.00532093e+00 9.64914118e-01
1.15854000e+04 9.76693619e-01 1.05282518e+00 1.00515771e+00 9.63775710e-01
1.15856000e+04 9.75243467e-01 1.05085486e+00 1.00499450e+00 9.62407138e-01
1.15858000e+04 9.74306498e-01 1.04947454e+00 1.00483128e+00 9.61577905e-01
1.15860000e+04 9.74140434e-01 1.04898051e+00 1.00466806e+00 9.61560351e-01
1.15862000e+04 9.74372283e-01 1.04894395e+00 1.00450484e+00 9.61962316e-01
1.15864000e+04 9.74679721e-01 1.04899429e+00 1.00434162e+00 9.62444378e-01
1.15866000e+04 9.74848339e-01 1.04888504e+00 1.00417840e+00 9.62780381e-01
1.15868000e+04 9.74619459e-01 1.04831879e+00 1.00401518e+00 9.62697021e-01
1.15870000e+04 9.73724567e-01 1.04698684e+00 1.00385196e+00 9.61910107e-01
1.15872000e+04 9.72661933e-01 1.04546205e+00 1.00368874e+00 9.60945220e-01
1.15874000e+04 9.71777968e-01 1.04414267e+00 1.00352553e+00 9.60168347e-01
1.15876000e+04 9.71071328e-01 1.04302715e+00 1.00336231e+00 9.59578325e-01
1.15878000e+04 9.70122872e-01 1.04163362e+00 1.00319909e+00 9.58731882e-01
1.15880000e+04 9.69002436e-01 1.04004238e+00 1.00303587e+00 9.57702603e-01
1.15882000e+04 9.68392422e-01 1.03903795e+00 1.00287265e+00 9.57212994e-01
1.15884000e+04 9.69104498e-01 1.03955349e+00 1.00270943e+00 9.58123851e-01
1.15886000e+04 9.70679102e-01 1.04106066e+00 1.00254621e+00 9.59949904e-01
1.15888000e+04 9.72372546e-01 1.04270446e+00 1.00238299e+00 9.61903662e-01
1.15890000e+04 9.73927206e-01 1.04418871e+00 1.00221977e+00 9.63711941e-01
1.15892000e+04 9.75537496e-01 1.04573690e+00 1.00205656e+00 9.65580923e-01
1.15894000e+04 9.77512215e-01 1.04770408e+00 1.00189334e+00 9.67838648e-01
1.15896000e+04 9.79606613e-01 1.04980884e+00 1.00173012e+00 9.70225594e-01
1.15898000e+04 9.81837933e-01 1.05207103e+00 1.00156690e+00 9.72760271e-01
1.15900000e+04 9.84513938e-01 1.05484445e+00 1.00140368e+00 9.75770182e-01
1.15902000e+04 9.87232611e-01 1.05766693e+00 1.00124046e+00 9.78828240e-01
1.15904000e+04 9.89853788e-01 1.06037732e+00 1.00107724e+00 9.81785316e-01
1.15906000e+04 9.92531921e-01 1.06315319e+00 1.00091402e+00 9.84805751e-01
1.15908000e+04 9.95746567e-01 1.06654588e+00 1.00075080e+00 9.88400574e-01
1.15910000e+04 9.99884175e-01 1.07099967e+00 1.00058759e+00 9.92982499e-01
1.15912000e+04 1.00435866e+00 1.07584076e+00 1.00042437e+00 9.97927872e-01
1.15914000e+04 1.00902876e+00 1.08090674e+00 1.00026115e+00 1.00308647e+00
1.15916000e+04 1.01341744e+00 1.08564918e+00 1.00009793e+00 1.00794943e+00
1.15918000e+04 1.01725412e+00 1.08975702e+00 9.99934709e-01 1.01222738e+00
1.15920000e+04 1.02059416e+00 1.09329387e+00 9.99771491e-01 1.01597865e+00
1.15922000e+04 1.02376946e+00 1.09664131e+00 9.99608272e-01 1.01955728e+00
1.15924000e+04 1.02756114e+00 1.10069740e+00 9.99445053e-01 1.02379833e+00
1.15926000e+04 1.03153575e+00 1.10496380e+00 9.99281834e-01 1.02823899e+00
1.15928000e+04 1.03553898e+00 1.10926310e+00 9.99118615e-01 1.03271435e+00
1.15930000e+04 1.03950873e+00 1.11352391e+00 9.98955396e-01 1.03715799e+00
1.15932000e+04 1.04263316e+00 1.11681288e+00 9.98792177e-01 1.04070011e+00
1.15934000e+04 1.04404071e+00 1.11812799e+00 9.98628958e-01 1.04240531e+00
1.15936000e+04 1.04464055e+00 1.11851450e+00 9.98465739e-01 1.04324596e+00
1.15938000e+04 1.04604636e+00 1.11982762e+00 9.98302520e-01 1.04495204e+00
1.15940000e+04 1.04909443e+00 1.12302880e+00 9.98139301e-01 1.04842233e+00
1.15942000e+04 1.05255808e+00 1.12670776e+00 9.97976083e-01 1.05234206e+00
1.15944000e+04 1.05585097e+00 1.13019040e+00 9.97812864e-01 1.05608197e+00
1.15946000e+04 1.05826495e+00 1.13266258e+00 9.97649645e-01 1.05888069e+00
1.15948000e+04 1.05915006e+00 1.13337706e+00 9.97486426e-01 1.06003803e+00
1.15950000e+04 1.05813196e+00 1.13190346e+00 9.97323207e-01 1.05914900e+00
1.15952000e+04 1.05638227e+00 1.12958877e+00 9.97159988e-01 1.05747176e+00
1.15954000e+04 1.05530062e+00 1.12804212e+00 9.96996769e-01 1.05651231e+00
1.15956000e+04 1.05441967e+00 1.12672620e+00 9.96833550e-01 1.05576817e+00
1.15958000e+04 1.05286263e+00 1.12463300e+00 9.96670331e-01 1.05429467e+00
1.15960000e+04 1.05053162e+00 1.12164998e+00 9.96507112e-01 1.05198525e+00
1.15962000e+04 1.04759120e+00 1.11796635e+00 9.96343893e-01 1.04901629e+00
1.15964000e+04 1.04431530e+00 1.11389702e+00 9.96180674e-01 1.04568251e+00
1.15966000e+04 1.04106634e+00 1.10985866e+00 9.96017456e-01 1.04237471e+00
1.15968000e+04 1.03861359e+00 1.10673568e+00 9.95854237e-01 1.03992397e+00
1.15970000e+04 1.03727581e+00 1.10489457e+00 9.95691018e-01 1.03867598e+00
1.15972000e+04 1.03564832e+00 1.10272037e+00 9.95527799e-01 1.03711357e+00
1.15974000e+04 1.03238292e+00 1.09866311e+00 9.95364580e-01 1.03377787e+00
1.15976000e+04 1.02803557e+00 1.09336196e+00 9.95201361e-01 1.02926808e+00
1.15978000e+04 1.02346708e+00 1.08780657e+00 9.95038142e-01 1.02451465e+00
1.15980000e+04 1.01927112e+00 1.08267947e+00 9.94874923e-01 1.02016036e+00
1.15982000e+04 1.01576072e+00 1.07834054e+00 9.94711704e-01 1.01654503e+00
1.15984000e+04 1.01311397e+00 1.07499453e+00 9.94548485e-01 1.01386277e+00
1.15986000e+04 1.01143422e+00 1.07276025e+00 9.94385266e-01 1.01222701e+00
1.15988000e+04 1.01053094e+00 1.07141866e+00 9.94222048e-01 1.01143244e+00
1.15990000e+04 1.00960879e+00 1.07005538e+00 9.94058829e-01 1.01061664e+00
1.15992000e+04 1.00841887e+00 1.06838425e+00 9.93895610e-01 1.00950919e+00
1.15994000e+04 1.00574383e+00 1.06500571e+00 9.93732391e-01 1.00678664e+00
1.15996000e+04 1.00250102e+00 1.06097442e+00 9.93569172e-01 1.00344419e+00
1.15998000e+04 9.99659966e-01 1.05740502e+00 9.93405953e-01 1.00053567e+00
1.16000000e+04 9.97440445e-01 1.05455019e+00 9.93242734e-01 9.98300867e-01
1.16002000e+04 9.95912063e-01 1.05248993e+00 9.93079515e-01 9.96816531e-01
1.16004000e+04 9.94845937e-01 1.05096112e+00 9.92916296e-01 9.95834375e-01
1.16006000e+04 9.94034572e-01 1.04972521e+00 9.92753077e-01 9.95128958e-01
1.16008000e+04 9.92383945e-01 1.04752441e+00 9.92589858e-01 9.93507755e-01
1.16010000e+04 9.89291769e-01 1.04366630e+00 9.92426640e-01 9.90312447e-01
1.16012000e+04 9.86853650e-01 1.04056015e+00 9.92263421e-01 9.87827987e-01
1.16014000e+04 9.87046875e-01 1.04047918e+00 9.92100202e-01 9.88214428e-01
1.16016000e+04 9.88654848e-01 1.04202472e+00 9.91936983e-01 9.90146755e-01
1.16018000e+04 9.89647782e-01 1.04286316e+00 9.91773764e-01 9.91408690e-01
1.16020000e+04 9.89029686e-01 1.04184944e+00 9.91610545e-01 9.90910207e-01
1.16022000e+04 9.87639244e-01 1.03994777e+00 9.91447326e-01 9.89566325e-01
1.16024000e+04 9.86387702e-01 1.03820580e+00 9.91284107e-01 9.88373207e-01
1.16026000e+04 9.85118775e-01 1.03644383e+00 9.91120888e-01 9.87159928e-01
1.16028000e+04 9.84191578e-01 1.03507475e+00 9.90957669e-01 9.86319881e-01
1.16030000e+04 9.84189697e-01 1.03476947e+00 9.90794450e-01 9.86493223e-01
1.16032000e+04 9.83778594e-01 1.03399373e+00 9.90631231e-01 9.86217995e-01
1.16034000e+04 9.81964081e-01 1.03160452e+00 9.90468013e-01 9.84402867e-01
1.16036000e+04 9.79460954e-01 1.02842362e+00 9.90304794e-01 9.81830213e-01
1.16038000e+04 9.77862019e-01 1.02628226e+00 9.90141575e-01 9.80248031e-01
1.16040000e+04 9.78045413e-01 1.02618999e+00 9.89978356e-01 9.80622465e-01
1.16042000e+04 9.78755778e-01 1.02670357e+00 9.89815137e-01 9.81576469e-01
1.16044000e+04 9.79379666e-01 1.02711773e+00 9.89651918e-01 9.82436278e-01
1.16046000e+04 9.79292876e-01 1.02671483e+00 9.89488699e-01 9.82515026e-01
1.16048000e+04 9.77987288e-01 1.02491072e+00 9.89325480e-01 9.81252314e-01
1.16050000e+04 9.75263125e-01 1.02147571e+00 9.89162261e-01 9.78426241e-01
1.16052000e+04 9.72143143e-01 1.01758563e+00 9.88999042e-01 9.75161402e-01
1.16054000e+04 9.69639001e-01 1.01440357e+00 9.88835823e-01 9.72572292e-01
1.16056000e+04 9.67810671e-01 1.01199848e+00 9.88672605e-01 9.70726004e-01
1.16058000e+04 9.66389322e-01 1.01006128e+00 9.88509386e-01 9.69326993e-01
1.16060000e+04 9.65358778e-01 1.00857338e+00 9.88346167e-01 9.68358038e-01
1.16062000e+04 9.64410567e-01 1.00718013e+00 9.88182948e-01 9.67479090e-01
1.16064000e+04 9.63220552e-01 1.00550889e+00 9.88019729e-01 9.66332142e-01
1.16066000e+04 9.61905196e-01 1.00369355e+00 9.87856510e-01 9.65045552e-01
1.16068000e+04 9.60859055e-01 1.00218772e+00 9.87693291e-01 9.64055474e-01
1.16070000e+04 9.60270884e-01 1.00120840e+00 9.87530072e-01 9.63571178e-01
1.16072000e+04 9.59764655e-01 1.00032329e+00 9.87366853e-01 9.63177129e-01
1.16074000e+04 9.59124593e-01 9.99284316e-01 9.87203634e-01 9.62634485e-01
1.16076000e+04 9.58230050e-01 9.97952771e-01 9.87040415e-01 9.61809349e-01
1.16078000e+04 9.56988765e-01 9.96222587e-01 9.86877197e-01 9.60599043e-01
1.16080000e+04 9.55474541e-01 9.94178610e-01 9.86713978e-01 9.59084869e-01
1.16082000e+04 9.54368572e-01 9.92603995e-01 9.86550759e-01 9.58022259e-01
1.16084000e+04 9.53309661e-01 9.91083480e-01 9.86387540e-01 9.57010877e-01
1.16086000e+04 9.52297807e-01 9.89617067e-01 9.86224321e-01 9.56050796e-01
1.16088000e+04 9.51333012e-01 9.88204755e-01 9.86061102e-01 9.55142089e-01
