    Energy    <xanes>    
  11364.00  1.4729496E-02
  11364.00  1.4729626E-02
  11364.05  1.4731092E-02
  11364.06  1.4731397E-02
  11364.07  1.4731468E-02
  11364.07  1.4731576E-02
  11364.08  1.4731877E-02
  11364.08  1.4731956E-02
  11364.09  1.4732283E-02
  11364.09  1.4732495E-02
  11364.09  1.4732627E-02
  11364.10  1.4733083E-02
  11364.13  1.4734243E-02
  11364.13  1.4734441E-02
  11364.14  1.4734697E-02
  11364.14  1.4734957E-02
  11364.15  1.4735115E-02
  11364.15  1.4735278E-02
  11364.15  1.4735388E-02
  11364.16  1.4735728E-02
  11364.16  1.4736136E-02
  11364.17  1.4736255E-02
  11364.17  1.4736624E-02
  11364.18  1.4736812E-02
  11364.18  1.4737264E-02
  11364.19  1.4737529E-02
  11364.19  1.4737867E-02
  11364.19  1.4737936E-02
  11364.20  1.4738432E-02
  11364.20  1.4738575E-02
  11364.21  1.4739517E-02
  11364.22  1.4739591E-02
  11364.22  1.4739668E-02
  11364.22  1.4739746E-02
  11364.22  1.4739827E-02
  11364.23  1.4740816E-02
  11364.23  1.4740900E-02
  11364.23  1.4740986E-02
  11364.23  1.4741073E-02
  11364.24  1.4741251E-02
  11364.24  1.4741975E-02
  11364.27  1.4743983E-02
  11364.27  1.4744165E-02
  11364.27  1.4744348E-02
  11364.28  1.4745078E-02
  11364.32  1.4748822E-02
  11364.32  1.4749096E-02
  11364.32  1.4749188E-02
  11364.33  1.4749827E-02
  11364.33  1.4750284E-02
  11364.34  1.4750466E-02
  11364.35  1.4751928E-02
  11364.40  1.4755857E-02
  11364.40  1.4756131E-02
  11364.40  1.4756222E-02
  11364.42  1.4757684E-02
  11364.42  1.4758416E-02
  11364.49  1.4764174E-02
  11364.50  1.4765271E-02
  11364.52  1.4767282E-02
  11364.54  1.4769019E-02
  11364.54  1.4769385E-02
  11364.56  1.4770757E-02
  11364.72  1.4785683E-02
  11365.22  1.4831643E-02
  11365.72  1.4877848E-02
  11366.22  1.4924300E-02
  11366.72  1.4971001E-02
  11367.22  1.5017954E-02
  11367.72  1.5065160E-02
  11368.22  1.5112621E-02
  11368.72  1.5160340E-02
  11369.22  1.5208317E-02
  11369.72  1.5256556E-02
  11370.22  1.5305058E-02
  11370.72  1.5353826E-02
  11371.22  1.5402862E-02
  11371.72  1.5452167E-02
  11372.22  1.5501744E-02
  11372.72  1.5551595E-02
  11373.22  1.5601722E-02
  11373.72  1.5652128E-02
  11374.22  1.5702815E-02
  11374.72  1.5753785E-02
  11375.22  1.5805040E-02
  11375.72  1.5856584E-02
  11376.22  1.5908417E-02
  11376.72  1.5960543E-02
  11377.22  1.6012963E-02
  11377.72  1.6065682E-02
  11378.22  1.6118700E-02
  11378.72  1.6172020E-02
  11379.22  1.6225645E-02
  11379.72  1.6279578E-02
  11380.22  1.6333820E-02
  11380.72  1.6388375E-02
  11381.22  1.6443246E-02
  11381.72  1.6498434E-02
  11382.22  1.6553943E-02
  11382.72  1.6609776E-02
  11383.22  1.6665934E-02
  11383.72  1.6722421E-02
  11384.22  1.6779240E-02
  11384.72  1.6836394E-02
  11385.22  1.6893885E-02
  11385.72  1.6951716E-02
  11386.22  1.7009891E-02
  11386.72  1.7068412E-02
  11387.22  1.7127283E-02
  11387.72  1.7186505E-02
  11388.22  1.7246084E-02
  11388.72  1.7306020E-02
  11389.22  1.7366319E-02
  11389.72  1.7426983E-02
  11390.22  1.7488015E-02
  11390.72  1.7549418E-02
  11391.22  1.7611196E-02
  11391.72  1.7673352E-02
  11392.22  1.7735890E-02
  11392.72  1.7798813E-02
  11393.22  1.7862125E-02
  11393.72  1.7925828E-02
  11394.22  1.7989927E-02
  11394.72  1.8054425E-02
  11395.22  1.8119326E-02
  11395.72  1.8184634E-02
  11396.22  1.8250351E-02
  11396.72  1.8316483E-02
  11397.22  1.8383033E-02
  11397.72  1.8450004E-02
  11398.22  1.8517401E-02
  11398.72  1.8585228E-02
  11399.22  1.8653488E-02
  11399.72  1.8722186E-02
  11400.22  1.8791326E-02
  11400.72  1.8860913E-02
  11401.22  1.8930949E-02
  11401.72  1.9001440E-02
  11402.22  1.9072390E-02
  11402.72  1.9143803E-02
  11403.22  1.9215684E-02
  11403.72  1.9288037E-02
  11404.22  1.9360867E-02
  11404.72  1.9434178E-02
  11405.22  1.9507975E-02
  11405.72  1.9582264E-02
  11406.22  1.9657048E-02
  11406.72  1.9732332E-02
  11407.22  1.9808122E-02
  11407.72  1.9884422E-02
  11408.22  1.9961238E-02
  11408.72  2.0038575E-02
  11409.22  2.0116437E-02
  11409.72  2.0194830E-02
  11410.22  2.0273760E-02
  11410.72  2.0353232E-02
  11411.22  2.0433251E-02
  11411.72  2.0513822E-02
  11412.22  2.0594953E-02
  11412.72  2.0676647E-02
  11413.22  2.0758912E-02
  11413.72  2.0841752E-02
  11414.22  2.0925174E-02
  11414.72  2.1009183E-02
  11415.22  2.1093787E-02
  11415.72  2.1178991E-02
  11416.22  2.1264801E-02
  11416.72  2.1351223E-02
  11417.22  2.1438265E-02
  11417.72  2.1525933E-02
  11418.22  2.1614233E-02
  11418.72  2.1703172E-02
  11419.22  2.1792756E-02
  11419.72  2.1882994E-02
  11420.22  2.1973891E-02
  11420.72  2.2065456E-02
  11421.22  2.2157694E-02
  11421.72  2.2250614E-02
  11422.22  2.2344223E-02
  11422.72  2.2438528E-02
  11423.22  2.2533537E-02
  11423.72  2.2629258E-02
  11424.22  2.2725699E-02
  11424.72  2.2822867E-02
  11425.22  2.2920772E-02
  11425.72  2.3019420E-02
  11426.22  2.3118821E-02
  11426.72  2.3218982E-02
  11427.22  2.3319913E-02
  11427.72  2.3421623E-02
  11428.22  2.3524119E-02
  11428.72  2.3627411E-02
  11429.22  2.3731509E-02
  11429.72  2.3836421E-02
  11430.22  2.3942157E-02
  11430.72  2.4048726E-02
  11431.22  2.4156138E-02
  11431.72  2.4264404E-02
  11432.22  2.4373533E-02
  11432.72  2.4483534E-02
  11433.22  2.4594420E-02
  11433.72  2.4706199E-02
  11434.22  2.4818883E-02
  11434.72  2.4932483E-02
  11435.22  2.5047009E-02
  11435.72  2.5162473E-02
  11436.22  2.5278886E-02
  11436.72  2.5396259E-02
  11437.22  2.5514605E-02
  11437.72  2.5633935E-02
  11438.22  2.5754262E-02
  11438.72  2.5875597E-02
  11439.22  2.5997954E-02
  11439.72  2.6121345E-02
  11440.22  2.6245782E-02
  11440.72  2.6371280E-02
  11441.22  2.6497851E-02
  11441.72  2.6625509E-02
  11442.22  2.6754268E-02
  11442.72  2.6884141E-02
  11443.22  2.7015144E-02
  11443.72  2.7147291E-02
  11444.22  2.7280597E-02
  11444.72  2.7415076E-02
  11445.22  2.7550744E-02
  11445.72  2.7687617E-02
  11446.22  2.7825710E-02
  11446.72  2.7965040E-02
  11447.22  2.8105622E-02
  11447.72  2.8247474E-02
  11448.22  2.8390613E-02
  11448.72  2.8535056E-02
  11449.22  2.8680821E-02
  11449.72  2.8827925E-02
  11450.22  2.8976387E-02
  11450.72  2.9126226E-02
  11451.22  2.9277460E-02
  11451.72  2.9430108E-02
  11452.22  2.9584191E-02
  11452.72  2.9739728E-02
  11453.22  2.9896740E-02
  11453.72  3.0055248E-02
  11454.22  3.0215272E-02
  11454.72  3.0376834E-02
  11455.22  3.0539956E-02
  11455.72  3.0704661E-02
  11456.22  3.0870971E-02
  11456.72  3.1038910E-02
  11457.22  3.1208501E-02
  11457.72  3.1379768E-02
  11458.22  3.1552736E-02
  11458.72  3.1727431E-02
  11459.22  3.1903877E-02
  11459.72  3.2082102E-02
  11460.22  3.2262131E-02
  11460.72  3.2443991E-02
  11461.22  3.2627711E-02
  11461.72  3.2813319E-02
  11462.22  3.3000843E-02
  11462.72  3.3190313E-02
  11463.22  3.3381760E-02
  11463.72  3.3575213E-02
  11464.22  3.3770703E-02
  11464.72  3.3968264E-02
  11465.22  3.4167928E-02
  11465.72  3.4369727E-02
  11466.22  3.4573697E-02
  11466.72  3.4779870E-02
  11467.22  3.4988285E-02
  11467.72  3.5198975E-02
  11468.22  3.5411979E-02
  11468.72  3.5627334E-02
  11469.22  3.5845079E-02
  11469.72  3.6065253E-02
  11470.22  3.6287897E-02
  11470.72  3.6513052E-02
  11471.22  3.6740761E-02
  11471.72  3.6971066E-02
  11472.22  3.7204011E-02
  11472.72  3.7439642E-02
  11473.22  3.7678006E-02
  11473.72  3.7919148E-02
  11474.22  3.8163117E-02
  11474.72  3.8409963E-02
  11475.22  3.8659737E-02
  11475.72  3.8912490E-02
  11476.22  3.9168275E-02
  11476.72  3.9427147E-02
  11477.22  3.9689161E-02
  11477.72  3.9954373E-02
  11478.22  4.0222843E-02
  11478.72  4.0494630E-02
  11479.22  4.0769795E-02
  11479.72  4.1048401E-02
  11480.22  4.1330512E-02
  11480.72  4.1616194E-02
  11481.22  4.1905514E-02
  11481.72  4.2198542E-02
  11482.22  4.2495348E-02
  11482.72  4.2796006E-02
  11483.22  4.3100590E-02
  11483.72  4.3409176E-02
  11484.22  4.3721844E-02
  11484.72  4.4038673E-02
  11485.22  4.4359747E-02
  11485.72  4.4685151E-02
  11486.22  4.5014971E-02
  11486.72  4.5349298E-02
  11487.22  4.5688224E-02
  11487.72  4.6031842E-02
  11488.22  4.6380251E-02
  11488.72  4.6733551E-02
  11489.22  4.7091843E-02
  11489.72  4.7455234E-02
  11490.22  4.7823831E-02
  11490.72  4.8197748E-02
  11491.22  4.8577097E-02
  11491.72  4.8961998E-02
  11492.22  4.9352573E-02
  11492.72  4.9748946E-02
  11493.22  5.0151246E-02
  11493.72  5.0559605E-02
  11494.22  5.0974162E-02
  11494.72  5.1395056E-02
  11495.22  5.1822432E-02
  11495.72  5.2256440E-02
  11496.22  5.2697234E-02
  11496.72  5.3144973E-02
  11497.22  5.3599821E-02
  11497.72  5.4061947E-02
  11498.22  5.4531526E-02
  11498.72  5.5008737E-02
  11499.22  5.5493767E-02
  11499.72  5.5986807E-02
  11500.22  5.6488056E-02
  11500.72  5.6997719E-02
  11501.22  5.7516008E-02
  11501.72  5.8043141E-02
  11502.22  5.8579344E-02
  11502.72  5.9124852E-02
  11503.22  5.9679908E-02
  11503.72  6.0244760E-02
  11504.22  6.0819670E-02
  11504.72  6.1404905E-02
  11505.22  6.2000744E-02
  11505.72  6.2607475E-02
  11506.22  6.3225397E-02
  11506.72  6.3854820E-02
  11507.22  6.4496064E-02
  11507.72  6.5149464E-02
  11508.22  6.5815365E-02
  11508.72  6.6494126E-02
  11509.22  6.7186119E-02
  11509.72  6.7891734E-02
  11510.22  6.8611371E-02
  11510.72  6.9345449E-02
  11511.22  7.0094405E-02
  11511.72  7.0858689E-02
  11512.22  7.1638775E-02
  11512.72  7.2435152E-02
  11513.22  7.3248332E-02
  11513.72  7.4078847E-02
  11514.22  7.4927253E-02
  11514.72  7.5794129E-02
  11515.22  7.6680079E-02
  11515.72  7.7585733E-02
  11516.22  7.8511751E-02
  11516.72  7.9458821E-02
  11517.22  8.0427662E-02
  11517.72  8.1419026E-02
  11518.22  8.2433701E-02
  11518.72  8.3472511E-02
  11519.22  8.4536318E-02
  11519.72  8.5626028E-02
  11520.22  8.6742589E-02
  11520.72  8.7886995E-02
  11521.22  8.9060292E-02
  11521.72  9.0263575E-02
  11522.22  9.1497998E-02
  11522.72  9.2764773E-02
  11523.22  9.4065174E-02
  11523.72  9.5400546E-02
  11524.22  9.6772301E-02
  11524.72  9.8181932E-02
  11525.22  9.9631011E-02
  11525.72  1.0112120E-01
  11526.22  1.0265425E-01
  11526.72  1.0423203E-01
  11527.22  1.0585648E-01
  11527.72  1.0752969E-01
  11528.22  1.0925386E-01
  11528.72  1.1103133E-01
  11529.22  1.1286458E-01
  11529.72  1.1475623E-01
  11530.22  1.1670909E-01
  11530.72  1.1872613E-01
  11531.22  1.2081054E-01
  11531.72  1.2296569E-01
  11532.22  1.2519519E-01
  11532.72  1.2750292E-01
  11533.22  1.2989298E-01
  11533.72  1.3236980E-01
  11534.22  1.3493813E-01
  11534.72  1.3760303E-01
  11535.22  1.4036998E-01
  11535.72  1.4324484E-01
  11536.22  1.4623395E-01
  11536.72  1.4934414E-01
  11537.22  1.5258276E-01
  11537.72  1.5595780E-01
  11538.22  1.5947789E-01
  11538.72  1.6315240E-01
  11539.22  1.6699150E-01
  11539.72  1.7100628E-01
  11540.22  1.7520879E-01
  11540.72  1.7961223E-01
  11541.22  1.8423101E-01
  11541.72  1.8908094E-01
  11542.22  1.9417938E-01
  11542.72  1.9954544E-01
  11543.22  2.0520018E-01
  11543.72  2.1116688E-01
  11544.22  2.1747135E-01
  11544.72  2.2414223E-01
  11545.22  2.3121143E-01
  11545.72  2.3871455E-01
  11546.22  2.4669146E-01
  11546.72  2.5518693E-01
  11547.22  2.6425135E-01
  11547.72  2.7394168E-01
  11548.22  2.8432248E-01
  11548.72  2.9546722E-01
  11549.22  3.0745976E-01
  11549.72  3.2039626E-01
  11550.22  3.3438744E-01
  11550.72  3.4956130E-01
  11551.22  3.6606654E-01
  11551.72  3.8407673E-01
  11552.22  4.0379556E-01
  11552.72  4.2546333E-01
  11553.22  4.4936521E-01
  11553.72  4.7584170E-01
  11554.22  5.0518523E-01
  11554.72  5.3798644E-01
  11554.82  5.4503413E-01
  11554.92  5.5224974E-01
  11555.02  5.5963889E-01
  11555.12  5.6720747E-01
  11555.22  5.7496159E-01
  11555.32  5.8290764E-01
  11555.42  5.9105229E-01
  11555.52  5.9940248E-01
  11555.62  6.0796548E-01
  11555.72  6.1674888E-01
  11555.82  6.2576060E-01
  11555.92  6.3500891E-01
  11556.02  6.4450248E-01
  11556.12  6.5425036E-01
  11556.22  6.6426203E-01
  11556.32  6.7454738E-01
  11556.42  6.8511680E-01
  11556.52  6.9598116E-01
  11556.62  7.0715182E-01
  11556.72  7.1864073E-01
  11556.82  7.3046037E-01
  11556.92  7.4262386E-01
  11557.02  7.5514494E-01
  11557.12  7.6803803E-01
  11557.22  7.8131828E-01
  11557.32  7.9500156E-01
  11557.42  8.0910458E-01
  11557.52  8.2364486E-01
  11557.62  8.3864082E-01
  11557.72  8.5411182E-01
  11557.82  8.7007823E-01
  11557.92  8.8656143E-01
  11558.02  9.0358394E-01
  11558.12  9.2116946E-01
  11558.22  9.3934291E-01
  11558.32  9.5813051E-01
  11558.42  9.7755988E-01
  11558.52  9.9766009E-01
  11558.62  1.0184618E+00
  11558.72  1.0399971E+00
  11558.82  1.0623000E+00
  11558.92  1.0854063E+00
  11559.02  1.1093535E+00
  11559.12  1.1341813E+00
  11559.22  1.1599313E+00
  11559.32  1.1866474E+00
  11559.42  1.2143757E+00
  11559.52  1.2431648E+00
  11559.62  1.2730656E+00
  11559.72  1.3041316E+00
  11559.82  1.3364191E+00
  11559.92  1.3699870E+00
  11560.02  1.4048970E+00
  11560.12  1.4412135E+00
  11560.22  1.4790041E+00
  11560.32  1.5183389E+00
  11560.42  1.5592911E+00
  11560.52  1.6019365E+00
  11560.62  1.6463537E+00
  11560.72  1.6926237E+00
  11560.82  1.7408296E+00
  11560.92  1.7910566E+00
  11561.02  1.8433912E+00
  11561.12  1.8979208E+00
  11561.22  1.9547332E+00
  11561.32  2.0139151E+00
  11561.42  2.0755521E+00
  11561.52  2.1397264E+00
  11561.62  2.2065160E+00
  11561.72  2.2759926E+00
  11561.82  2.3482198E+00
  11561.92  2.4232508E+00
  11562.02  2.5011253E+00
  11562.12  2.5818673E+00
  11562.22  2.6654810E+00
  11562.32  2.7519476E+00
  11562.42  2.8412215E+00
  11562.52  2.9332259E+00
  11562.62  3.0278492E+00
  11562.72  3.1249402E+00
  11562.82  3.2243046E+00
  11562.92  3.3257014E+00
  11563.02  3.4288400E+00
  11563.12  3.5333782E+00
  11563.22  3.6389216E+00
  11563.32  3.7450242E+00
  11563.42  3.8511911E+00
  11563.52  3.9568827E+00
  11563.62  4.0615214E+00
  11563.72  4.1645007E+00
  11563.82  4.2651950E+00
  11563.92  4.3629730E+00
  11564.02  4.4572104E+00
  11564.12  4.5472987E+00
  11564.22  4.6326488E+00
  11564.32  4.7127024E+00
  11564.42  4.7869683E+00
  11564.52  4.8550465E+00
  11564.62  4.9166271E+00
  11564.72  4.9714960E+00
  11564.82  5.0195377E+00
  11564.92  5.0607313E+00
  11565.02  5.0951454E+00
  11565.12  5.1229302E+00
  11565.22  5.1443077E+00
  11565.32  5.1595616E+00
  11565.42  5.1690244E+00
  11565.52  5.1730664E+00
  11565.62  5.1720835E+00
  11565.72  5.1664866E+00
  11565.82  5.1566922E+00
  11565.92  5.1431139E+00
  11566.02  5.1261555E+00
  11566.12  5.1062061E+00
  11566.22  5.0836355E+00
  11566.32  5.0587917E+00
  11566.42  5.0319993E+00
  11566.52  5.0035585E+00
  11566.62  4.9737455E+00
  11566.72  4.9428122E+00
  11566.82  4.9109879E+00
  11566.92  4.8784803E+00
  11567.02  4.8454768E+00
  11567.12  4.8121460E+00
  11567.22  4.7786393E+00
  11567.32  4.7450922E+00
  11567.42  4.7116260E+00
  11567.52  4.6783488E+00
  11567.62  4.6453569E+00
  11567.72  4.6127355E+00
  11567.82  4.5805605E+00
  11567.92  4.5488984E+00
  11568.02  4.5178076E+00
  11568.12  4.4873393E+00
  11568.22  4.4575373E+00
  11568.32  4.4284396E+00
  11568.42  4.4000779E+00
  11568.52  4.3724785E+00
  11568.62  4.3456630E+00
  11568.72  4.3196478E+00
  11568.82  4.2944454E+00
  11568.92  4.2700639E+00
  11569.02  4.2465077E+00
  11569.12  4.2237780E+00
  11569.22  4.2018723E+00
  11569.32  4.1807855E+00
  11569.42  4.1605096E+00
  11569.52  4.1410341E+00
  11569.62  4.1223463E+00
  11569.72  4.1044313E+00
  11569.82  4.0872726E+00
  11569.92  4.0708519E+00
  11570.02  4.0551496E+00
  11570.12  4.0401448E+00
  11570.22  4.0258157E+00
  11570.32  4.0121396E+00
  11570.42  3.9990933E+00
  11570.52  3.9866531E+00
  11570.62  3.9747951E+00
  11570.72  3.9634954E+00
  11570.82  3.9527303E+00
  11570.92  3.9424764E+00
  11571.02  3.9327107E+00
  11571.12  3.9234111E+00
  11571.22  3.9145561E+00
  11571.32  3.9061253E+00
  11571.42  3.8980995E+00
  11571.52  3.8904607E+00
  11571.62  3.8831921E+00
  11571.72  3.8762786E+00
  11571.82  3.8697065E+00
  11571.92  3.8634637E+00
  11572.02  3.8575398E+00
  11572.12  3.8519258E+00
  11572.22  3.8466146E+00
  11572.32  3.8416005E+00
  11572.42  3.8368793E+00
  11572.52  3.8324484E+00
  11572.62  3.8283065E+00
  11572.72  3.8244534E+00
  11572.82  3.8208902E+00
  11572.92  3.8176187E+00
  11573.02  3.8146418E+00
  11573.12  3.8119626E+00
  11573.22  3.8095849E+00
  11573.32  3.8075128E+00
  11573.42  3.8057502E+00
  11573.52  3.8043011E+00
  11573.62  3.8031691E+00
  11573.72  3.8023573E+00
  11573.82  3.8018682E+00
  11573.92  3.8017035E+00
  11574.02  3.8018640E+00
  11574.12  3.8023494E+00
  11574.22  3.8031583E+00
  11574.32  3.8042880E+00
  11574.42  3.8057345E+00
  11574.52  3.8074924E+00
  11574.62  3.8095549E+00
  11574.72  3.8119139E+00
  11574.82  3.8145598E+00
  11574.92  3.8174816E+00
  11575.02  3.8206672E+00
  11575.12  3.8241028E+00
  11575.22  3.8277739E+00
  11575.32  3.8316646E+00
  11575.42  3.8357581E+00
  11575.52  3.8400368E+00
  11575.62  3.8444823E+00
  11575.72  3.8490756E+00
  11575.82  3.8537975E+00
  11575.92  3.8586281E+00
  11576.02  3.8635476E+00
  11576.12  3.8685361E+00
  11576.22  3.8735737E+00
  11576.32  3.8786411E+00
  11576.42  3.8837189E+00
  11576.52  3.8887885E+00
  11576.62  3.8938315E+00
  11576.72  3.8988305E+00
  11576.82  3.9037684E+00
  11576.92  3.9086292E+00
  11577.02  3.9133973E+00
  11577.12  3.9180580E+00
  11577.22  3.9225973E+00
  11577.32  3.9270020E+00
  11577.42  3.9312597E+00
  11577.52  3.9353585E+00
  11577.62  3.9392872E+00
  11577.72  3.9430354E+00
  11577.82  3.9465931E+00
  11577.92  3.9499509E+00
  11578.02  3.9531000E+00
  11578.12  3.9560320E+00
  11578.22  3.9587390E+00
  11578.32  3.9612137E+00
  11578.42  3.9634490E+00
  11578.52  3.9654386E+00
  11578.62  3.9671765E+00
  11578.72  3.9686572E+00
  11578.82  3.9698761E+00
  11578.92  3.9708288E+00
  11579.02  3.9715119E+00
  11579.12  3.9719226E+00
  11579.22  3.9720588E+00
  11579.32  3.9719194E+00
  11579.42  3.9715043E+00
  11579.52  3.9708142E+00
  11579.62  3.9698509E+00
  11579.72  3.9686174E+00
  11579.82  3.9671176E+00
  11579.92  3.9653569E+00
  11580.02  3.9633416E+00
  11580.12  3.9610793E+00
  11580.22  3.9585789E+00
  11580.32  3.9558503E+00
  11580.42  3.9529047E+00
  11580.52  3.9497545E+00
  11580.62  3.9464129E+00
  11580.72  3.9428944E+00
  11580.82  3.9392143E+00
  11580.92  3.9353888E+00
  11581.02  3.9314348E+00
  11581.12  3.9273699E+00
  11581.22  3.9232120E+00
  11581.32  3.9189798E+00
  11581.42  3.9146919E+00
  11581.52  3.9103673E+00
  11581.62  3.9060248E+00
  11581.72  3.9016834E+00
  11581.82  3.8973617E+00
  11581.92  3.8930779E+00
  11582.02  3.8888500E+00
  11582.12  3.8846953E+00
  11582.22  3.8806306E+00
  11582.32  3.8766720E+00
  11582.42  3.8728349E+00
  11582.52  3.8691339E+00
  11582.62  3.8655828E+00
  11582.72  3.8621943E+00
  11582.82  3.8589806E+00
  11582.92  3.8559527E+00
  11583.02  3.8531206E+00
  11583.12  3.8504937E+00
  11583.22  3.8480801E+00
  11583.32  3.8458873E+00
  11583.42  3.8439215E+00
  11583.52  3.8421884E+00
  11583.62  3.8406924E+00
  11583.72  3.8394374E+00
  11583.82  3.8384262E+00
  11583.92  3.8376610E+00
  11584.02  3.8371430E+00
  11584.12  3.8368728E+00
  11584.22  3.8368505E+00
  11584.32  3.8370752E+00
  11584.42  3.8375456E+00
  11584.52  3.8382600E+00
  11584.62  3.8392161E+00
  11584.72  3.8404110E+00
  11584.82  3.8418418E+00
  11584.92  3.8435049E+00
  11585.02  3.8453968E+00
  11585.12  3.8475135E+00
  11585.22  3.8498510E+00
  11585.32  3.8524051E+00
  11585.42  3.8551717E+00
  11585.52  3.8581464E+00
  11585.62  3.8613251E+00
  11585.72  3.8647036E+00
  11585.82  3.8682779E+00
  11585.92  3.8720440E+00
  11586.02  3.8759983E+00
  11586.12  3.8801371E+00
  11586.22  3.8844572E+00
  11586.32  3.8889555E+00
  11586.42  3.8936293E+00
  11586.52  3.8984764E+00
  11586.62  3.9034946E+00
  11586.72  3.9086823E+00
  11586.82  3.9140385E+00
  11586.92  3.9195623E+00
  11587.02  3.9252536E+00
  11587.12  3.9311126E+00
  11587.22  3.9371400E+00
  11587.32  3.9433369E+00
  11587.42  3.9497050E+00
  11587.52  3.9562464E+00
  11587.62  3.9629635E+00
  11587.72  3.9698589E+00
  11587.82  3.9769358E+00
  11587.92  3.9841971E+00
  11588.02  3.9916462E+00
  11588.12  3.9992863E+00
  11588.22  4.0071203E+00
  11588.32  4.0151511E+00
  11588.42  4.0233810E+00
  11588.52  4.0318119E+00
  11588.62  4.0404451E+00
  11588.72  4.0492811E+00
  11588.82  4.0583193E+00
  11588.92  4.0675585E+00
  11589.02  4.0769962E+00
  11589.12  4.0866285E+00
  11589.22  4.0964505E+00
  11589.32  4.1064557E+00
  11589.42  4.1166363E+00
  11589.52  4.1269829E+00
  11589.62  4.1374844E+00
  11589.72  4.1481284E+00
  11589.82  4.1589007E+00
  11589.92  4.1697855E+00
  11590.02  4.1807655E+00
  11590.12  4.1918216E+00
  11590.22  4.2029335E+00
  11590.32  4.2140794E+00
  11590.42  4.2252359E+00
  11590.52  4.2363788E+00
  11590.62  4.2474825E+00
  11590.72  4.2585205E+00
  11590.82  4.2694657E+00
  11590.92  4.2802903E+00
  11591.02  4.2909662E+00
  11591.12  4.3014650E+00
  11591.22  4.3117585E+00
  11591.32  4.3218189E+00
  11591.42  4.3316186E+00
  11591.52  4.3411313E+00
  11591.62  4.3503312E+00
  11591.72  4.3591942E+00
  11591.82  4.3676973E+00
  11591.92  4.3758195E+00
  11592.02  4.3835415E+00
  11592.12  4.3908461E+00
  11592.22  4.3977181E+00
  11592.32  4.4041449E+00
  11592.42  4.4101160E+00
  11592.52  4.4156234E+00
  11592.62  4.4206617E+00
  11592.72  4.4252277E+00
  11592.82  4.4293209E+00
  11592.92  4.4329430E+00
  11593.02  4.4360980E+00
  11593.12  4.4387922E+00
  11593.22  4.4410336E+00
  11593.32  4.4428326E+00
  11593.42  4.4442007E+00
  11593.52  4.4451516E+00
  11593.62  4.4456997E+00
  11593.72  4.4458612E+00
  11593.82  4.4456527E+00
  11593.92  4.4450919E+00
  11594.02  4.4441931E+00
  11594.12  4.4429376E+00
  11594.22  4.4413092E+00
  11594.32  4.4393580E+00
  11594.42  4.4372008E+00
  11594.52  4.4349158E+00
  11594.62  4.4324684E+00
  11594.72  4.4298241E+00
  11595.22  4.4139436E+00
  11595.72  4.3952996E+00
  11596.22  4.3754406E+00
  11596.72  4.3555650E+00
  11597.22  4.3366059E+00
  11597.72  4.3192859E+00
  11598.22  4.3041117E+00
  11598.72  4.2913296E+00
  11599.22  4.2808851E+00
  11599.72  4.2724285E+00
  11600.22  4.2653795E+00
  11600.72  4.2590295E+00
  11601.22  4.2526523E+00
  11601.72  4.2456059E+00
  11602.22  4.2374244E+00
  11602.72  4.2279005E+00
  11603.22  4.2171458E+00
  11603.72  4.2056029E+00
  11604.22  4.1939919E+00
  11604.72  4.1831934E+00
  11605.22  4.1740984E+00
  11605.72  4.1674716E+00
  11606.22  4.1638684E+00
  11606.72  4.1636234E+00
  11607.22  4.1668967E+00
  11607.72  4.1737443E+00
  11608.22  4.1841775E+00
  11608.72  4.1981842E+00
  11609.22  4.2157127E+00
  11609.72  4.2366360E+00
  11610.22  4.2607266E+00
  11610.72  4.2876628E+00
  11611.22  4.3170627E+00
  11611.72  4.3485235E+00
  11612.22  4.3816369E+00
  11612.72  4.4159654E+00
  11613.22  4.4509934E+00
  11613.72  4.4860836E+00
  11614.22  4.5204683E+00
  11614.72  4.5532885E+00
  11615.22  4.5836667E+00
  11615.72  4.6107879E+00
  11616.22  4.6339682E+00
  11616.72  4.6527030E+00
  11617.22  4.6666970E+00
  11617.72  4.6758793E+00
  11618.22  4.6804011E+00
  11618.72  4.6806118E+00
  11619.22  4.6770114E+00
  11619.72  4.6701870E+00
  11620.22  4.6607441E+00
  11620.72  4.6492492E+00
  11621.22  4.6361924E+00
  11621.72  4.6219729E+00
  11622.22  4.6069021E+00
  11622.72  4.5912175E+00
  11623.22  4.5751004E+00
  11623.72  4.5586947E+00
  11624.22  4.5421180E+00
  11624.72  4.5255410E+00
  11625.72  4.4927510E+00
  11626.72  4.4612009E+00
  11627.72  4.4316974E+00
  11628.72  4.4047095E+00
  11629.72  4.3802746E+00
  11630.72  4.3580876E+00
  11631.72  4.3377617E+00
  11632.72  4.3190601E+00
  11633.72  4.3018925E+00
  11634.72  4.2861199E+00
  11635.72  4.2713787E+00
  11636.72  4.2570760E+00
  11637.72  4.2425698E+00
  11638.72  4.2274436E+00
  11639.72  4.2117257E+00
  11640.72  4.1959299E+00
  11641.72  4.1809091E+00
  11642.72  4.1676334E+00
  11643.72  4.1570123E+00
  11644.72  4.1497974E+00
  11645.72  4.1465342E+00
  11646.72  4.1475354E+00
  11647.72  4.1528754E+00
  11648.72  4.1624064E+00
  11649.72  4.1757824E+00
  11650.72  4.1924862E+00
  11651.72  4.2118676E+00
  11652.72  4.2331963E+00
  11653.72  4.2557134E+00
  11654.72  4.2786603E+00
  11655.72  4.3012835E+00
  11656.72  4.3228296E+00
  11657.72  4.3425506E+00
  11658.72  4.3597361E+00
  11659.72  4.3737702E+00
  11660.72  4.3842115E+00
  11661.72  4.3908771E+00
  11662.72  4.3939039E+00
  11663.72  4.3937489E+00
  11664.72  4.3911128E+00
  11665.72  4.3868046E+00
  11666.72  4.3815952E+00
  11667.72  4.3761098E+00
  11668.72  4.3707826E+00
  11669.72  4.3658652E+00
  11670.72  4.3614642E+00
  11671.72  4.3575837E+00
  11672.72  4.3541629E+00
  11673.72  4.3511049E+00
  11674.72  4.3483021E+00
  11675.72  4.3456634E+00
  11676.72  4.3431457E+00
  11677.72  4.3407791E+00
  11678.72  4.3386726E+00
  11679.72  4.3369928E+00
  11680.72  4.3359194E+00
  11681.72  4.3355906E+00
  11682.72  4.3360563E+00
  11683.72  4.3372477E+00
  11684.72  4.3389699E+00
  11685.72  4.3409120E+00
  11686.72  4.3426727E+00
  11687.72  4.3437954E+00
  11688.72  4.3438105E+00
  11689.72  4.3422806E+00
  11690.72  4.3388435E+00
  11691.72  4.3332460E+00
  11692.72  4.3253616E+00
  11693.72  4.3151909E+00
  11694.72  4.3028480E+00
  11695.72  4.2885415E+00
  11696.72  4.2725569E+00
  11697.72  4.2552428E+00
  11698.72  4.2369999E+00
  11699.72  4.2182681E+00
  11700.72  4.1995110E+00
  11701.72  4.1811992E+00
  11702.72  4.1637948E+00
  11703.72  4.1477364E+00
  11704.72  4.1334251E+00
  11705.72  4.1212082E+00
  11706.72  4.1113639E+00
  11707.72  4.1040854E+00
  11708.72  4.0994705E+00
  11709.72  4.0975175E+00
  11710.72  4.0981292E+00
  11711.72  4.1011245E+00
  11712.72  4.1062559E+00
  11713.72  4.1132300E+00
  11714.72  4.1217249E+00
  11715.72  4.1314037E+00
  11716.72  4.1419217E+00
  11717.72  4.1529339E+00
  11718.72  4.1641052E+00
  11719.72  4.1751289E+00
  11720.72  4.1857512E+00
  11721.72  4.1957947E+00
  11722.72  4.2051710E+00
  11723.72  4.2138788E+00
  11724.72  4.2219834E+00
  11725.72  4.2295876E+00
  11726.72  4.2367997E+00
  11727.72  4.2437063E+00
  11728.72  4.2503548E+00
  11729.72  4.2567418E+00
  11730.72  4.2628079E+00
  11731.72  4.2684356E+00
  11732.72  4.2734523E+00
  11733.72  4.2776415E+00
  11734.72  4.2807633E+00
  11735.72  4.2825878E+00
  11736.72  4.2829363E+00
  11737.72  4.2817240E+00
  11738.72  4.2789949E+00
  11739.72  4.2749393E+00
  11740.72  4.2698882E+00
  11741.72  4.2642831E+00
  11742.72  4.2586280E+00
  11743.72  4.2534309E+00
  11744.72  4.2491480E+00
  11745.72  4.2461363E+00
  11746.72  4.2446232E+00
  11747.72  4.2446909E+00
  11748.72  4.2462754E+00
  11749.72  4.2491753E+00
  11750.72  4.2530665E+00
  11751.72  4.2575250E+00
  11752.72  4.2620563E+00
  11753.72  4.2661321E+00
  11754.72  4.2692321E+00
  11755.72  4.2708856E+00
  11756.72  4.2707056E+00
  11757.72  4.2684112E+00
  11758.72  4.2638373E+00
  11759.72  4.2569337E+00
  11760.72  4.2477558E+00
  11761.72  4.2364517E+00
  11762.72  4.2232460E+00
  11763.72  4.2084221E+00
  11764.72  4.1923058E+00
  11765.72  4.1752505E+00
  11766.72  4.1576264E+00
  11767.72  4.1398123E+00
  11768.72  4.1221883E+00
  11769.72  4.1051277E+00
  11770.72  4.0889870E+00
  11771.72  4.0740937E+00
  11772.72  4.0607351E+00
  11773.72  4.0491478E+00
  11774.72  4.0395099E+00
  11775.72  4.0319352E+00
  11776.72  4.0264697E+00
  11777.72  4.0230917E+00
  11778.72  4.0217145E+00
  11779.72  4.0221953E+00
  11780.72  4.0243463E+00
  11781.72  4.0279498E+00
  11782.72  4.0327715E+00
  11783.72  4.0385720E+00
  11784.72  4.0451150E+00
  11785.72  4.0521724E+00
  11786.72  4.0595294E+00
  11787.72  4.0669893E+00
  11788.72  4.0743822E+00
  11789.72  4.0815737E+00
  11790.72  4.0884733E+00
  11791.72  4.0950383E+00
  11792.72  4.1012718E+00
  11793.72  4.1072143E+00
  11794.72  4.1129311E+00
  11795.72  4.1184979E+00
  11796.72  4.1239862E+00
  11797.72  4.1294521E+00
  11798.72  4.1349279E+00
  11799.72  4.1404177E+00
  11800.72  4.1458973E+00
  11801.72  4.1513177E+00
  11802.72  4.1566120E+00
  11803.72  4.1617051E+00
  11804.72  4.1665252E+00
  11805.72  4.1710154E+00
  11806.72  4.1751441E+00
  11807.72  4.1789103E+00
  11808.72  4.1823430E+00
  11809.72  4.1854926E+00
  11810.72  4.1884141E+00
  11811.72  4.1911455E+00
  11812.72  4.1936875E+00
  11813.72  4.1959966E+00
