1.152600000000000000e+04 2.662893176685024628e-04
1.152620000000000073e+04 2.943958096722051258e-05
1.152640000000000146e+04 -1.858662395811196176e-04
1.152660000000000218e+04 -3.796281439765179008e-04
1.152680000000000291e+04 -5.518461322189742013e-04
1.152700000000000364e+04 -6.761897763383200189e-04
1.152720000000000437e+04 -7.887434100424149056e-04
1.152740000000000509e+04 -8.980425263369782793e-04
1.152760000000000582e+04 -1.011347435031411833e-03
1.152780000000000655e+04 -1.090297194354292913e-03
1.152800000000000728e+04 -1.136231629217251352e-03
1.152820000000000800e+04 -1.238172016155754309e-03
1.152840000000000873e+04 -1.519161537489637642e-03
1.152860000000000946e+04 -1.888725737020219113e-03
1.152880000000001019e+04 -2.228809608287429973e-03
1.152900000000001091e+04 -2.468014063423311887e-03
1.152920000000001164e+04 -2.616714412452495787e-03
1.152940000000001237e+04 -2.680644378906368343e-03
1.152960000000001310e+04 -2.694120386792855926e-03
1.152980000000001382e+04 -2.742645841900287484e-03
1.153000000000001455e+04 -2.910137828187706055e-03
1.153020000000001528e+04 -3.095146125977977190e-03
1.153040000000001601e+04 -3.266531543690172346e-03
1.153060000000001673e+04 -3.383184206643320528e-03
1.153080000000001746e+04 -3.438870931768127186e-03
1.153100000000001819e+04 -3.441876203810794593e-03
1.153120000000001892e+04 -3.410237525432402439e-03
1.153140000000001965e+04 -3.369099504436960050e-03
1.153160000000002037e+04 -3.349820463018284185e-03
1.153180000000002110e+04 -3.397095116159347481e-03
1.153200000000002183e+04 -3.529246475835125414e-03
1.153220000000002256e+04 -3.654576353170054925e-03
1.153240000000002328e+04 -3.673943832637948867e-03
1.153260000000002401e+04 -3.615005407031143727e-03
1.153280000000002474e+04 -3.524335881163520156e-03
1.153300000000002547e+04 -3.438283294115762438e-03
1.153320000000002619e+04 -3.404726312769743978e-03
1.153340000000002692e+04 -3.491425734142467128e-03
1.153360000000002765e+04 -3.651115516647685487e-03
1.153380000000002838e+04 -3.789664682808324518e-03
1.153400000000002910e+04 -3.836419232828264247e-03
1.153420000000002983e+04 -3.836594896028479740e-03
1.153440000000003056e+04 -3.782646326214124041e-03
1.153460000000003129e+04 -3.738336179847968205e-03
1.153480000000003201e+04 -3.776597186003034616e-03
1.153500000000003274e+04 -3.939146425759034939e-03
1.153520000000003347e+04 -4.153600315362018965e-03
1.153540000000003420e+04 -4.414124936905667804e-03
1.153560000000003492e+04 -4.604547356360620333e-03
1.153580000000003565e+04 -4.609834024164091021e-03
1.153600000000003638e+04 -4.389293742916480778e-03
1.153620000000003711e+04 -4.084619260433072080e-03
1.153640000000003783e+04 -3.861825392335663677e-03
1.153660000000003856e+04 -3.725420097298064691e-03
1.153680000000003929e+04 -3.654810546190609324e-03
1.153700000000004002e+04 -3.666500397431220366e-03
1.153720000000004075e+04 -3.658107249496373066e-03
1.153740000000004147e+04 -3.551583560670335329e-03
1.153760000000004220e+04 -3.365859902837004067e-03
1.153780000000004293e+04 -3.194952260381135958e-03
1.153800000000004366e+04 -3.110758142295675169e-03
1.153820000000004438e+04 -3.056263533515400296e-03
1.153840000000004511e+04 -2.998364663390388953e-03
1.153860000000004584e+04 -2.944515564043227902e-03
1.153880000000004657e+04 -2.932430420078614881e-03
1.153900000000004729e+04 -2.951434325034407551e-03
1.153920000000004802e+04 -2.947669198065524035e-03
1.153940000000004875e+04 -2.837502363729103687e-03
1.153960000000004948e+04 -2.663987474506621100e-03
1.153980000000005020e+04 -2.472175693124937720e-03
1.154000000000005093e+04 -2.292238620634768666e-03
1.154020000000005166e+04 -2.163769443122806092e-03
1.154040000000005239e+04 -2.161667027268449580e-03
1.154060000000005311e+04 -2.197422650182361166e-03
1.154080000000005384e+04 -2.140350332927112159e-03
1.154100000000005457e+04 -1.905565480881446765e-03
1.154120000000005530e+04 -1.575921018484736404e-03
1.154140000000005602e+04 -1.192062436360519142e-03
1.154160000000005675e+04 -8.222522758507329766e-04
1.154180000000005748e+04 -5.405207312630790160e-04
1.154200000000005821e+04 -4.005738599793693885e-04
1.154220000000005894e+04 -2.890321922120533417e-04
1.154240000000005966e+04 -7.006016738964382959e-05
1.154260000000006039e+04 1.952430617582076795e-04
1.154280000000006112e+04 4.278021897374573211e-04
1.154300000000006185e+04 5.964524258221855918e-04
1.154320000000006257e+04 6.702374799403588990e-04
1.154340000000006330e+04 6.409058311983055955e-04
1.154360000000006403e+04 5.313670750937051629e-04
1.154380000000006476e+04 3.966022184068099124e-04
1.154400000000006548e+04 3.330247296198018741e-04
1.154420000000006621e+04 3.326971826329971210e-04
1.154440000000006694e+04 4.135763336634932369e-04
1.154460000000006767e+04 6.042611466278458585e-04
1.154480000000006839e+04 9.433565280065490857e-04
1.154500000000006912e+04 1.415975136614186416e-03
1.154520000000006985e+04 1.930899555265053148e-03
1.154540000000007058e+04 2.388808164011903094e-03
1.154560000000007130e+04 2.761179065865905502e-03
1.154580000000007203e+04 3.056920529145194104e-03
1.154600000000007276e+04 3.296435669421084874e-03
1.154620000000007349e+04 3.561492751089003796e-03
1.154640000000007421e+04 3.911369458874575968e-03
1.154660000000007494e+04 4.389521126671909468e-03
1.154680000000007567e+04 5.022857281413448463e-03
1.154700000000007640e+04 5.778481652744028342e-03
1.154720000000007713e+04 6.543000209802164562e-03
1.154740000000007785e+04 7.141763975631234412e-03
1.154760000000007858e+04 7.627650415232733322e-03
1.154780000000007931e+04 8.095776948212611568e-03
1.154800000000008004e+04 8.588500737141863822e-03
1.154820000000008076e+04 9.139423676732684465e-03
1.154840000000008149e+04 9.720533950198863987e-03
1.154860000000008222e+04 1.040046001893768154e-02
1.154880000000008295e+04 1.117259462934556101e-02
1.154900000000008367e+04 1.198257636676897803e-02
1.154920000000008440e+04 1.288048087038500683e-02
1.154940000000008513e+04 1.382868780815911698e-02
1.154960000000008586e+04 1.482290196953413644e-02
1.154980000000008658e+04 1.580238480932032522e-02
1.155000000000008731e+04 1.670294425311139030e-02
1.155020000000008804e+04 1.764362317784885087e-02
1.155040000000008877e+04 1.866267929894970673e-02
1.155060000000008949e+04 1.978673767625389879e-02
1.155080000000009022e+04 2.099219197401154188e-02
1.155100000000009095e+04 2.223248759671175856e-02
1.155120000000009168e+04 2.350136945396667093e-02
1.155140000000009240e+04 2.470375685743695510e-02
1.155160000000009313e+04 2.591309778942953168e-02
1.155180000000009386e+04 2.719876214211854742e-02
1.155200000000009459e+04 2.857329233676100810e-02
1.155220000000009532e+04 3.004478509809419690e-02
1.155240000000009604e+04 3.151945353203540467e-02
1.155260000000009677e+04 3.308378685180961287e-02
1.155280000000009750e+04 3.476865791952881563e-02
1.155300000000009823e+04 3.653698332124592080e-02
1.155320000000009895e+04 3.845348828763121840e-02
1.155340000000009968e+04 4.046541315763670099e-02
1.155360000000010041e+04 4.259179532358716574e-02
1.155380000000010114e+04 4.478481181937832289e-02
1.155400000000010186e+04 4.695634094518164048e-02
1.155420000000010259e+04 4.921340293235941521e-02
1.155440000000010332e+04 5.148218003711134416e-02
1.155460000000010405e+04 5.389508901107091521e-02
1.155480000000010477e+04 5.649074734612789805e-02
1.155500000000010550e+04 5.926138893294162491e-02
1.155520000000010623e+04 6.229520967186941843e-02
1.155540000000010696e+04 6.557790392572047933e-02
1.155560000000010768e+04 6.906701272590232144e-02
1.155580000000010841e+04 7.263374079174315934e-02
1.155600000000010914e+04 7.613424874229471340e-02
1.155620000000010987e+04 7.972752987165968031e-02
1.155640000000011059e+04 8.336605645110907459e-02
1.155660000000011132e+04 8.719131637810476065e-02
1.155680000000011205e+04 9.123505240280188611e-02
1.155700000000011278e+04 9.555313579039836913e-02
1.155720000000011350e+04 1.002959744113900015e-01
1.155740000000011423e+04 1.055302540973861170e-01
1.155760000000011496e+04 1.111678153186206053e-01
1.155780000000011569e+04 1.169692984787484707e-01
1.155800000000011642e+04 1.227689961544150554e-01
1.155820000000011714e+04 1.288916723206146031e-01
1.155840000000011787e+04 1.354001737346937628e-01
1.155860000000011860e+04 1.424716990751432877e-01
1.155880000000011933e+04 1.501252509328215856e-01
1.155900000000012005e+04 1.584361225530763750e-01
1.155920000000012078e+04 1.675143555343911461e-01
1.155940000000012151e+04 1.771608464964865848e-01
1.155960000000012224e+04 1.875018066195203725e-01
1.155980000000012296e+04 1.986480789665118207e-01
1.156000000000012369e+04 2.105314156760646205e-01
1.156020000000012442e+04 2.231991883518712749e-01
1.156040000000012515e+04 2.360801715357239705e-01
1.156060000000012587e+04 2.496739740625550374e-01
1.156080000000012660e+04 2.641919752961596757e-01
1.156100000000012733e+04 2.797890460156691184e-01
1.156120000000012806e+04 2.970902679887961195e-01
1.156140000000012878e+04 3.158311662225079530e-01
1.156160000000012951e+04 3.365182177181842427e-01
1.156180000000013024e+04 3.585951690575979733e-01
1.156200000000013097e+04 3.819730706807734633e-01
1.156220000000013169e+04 4.086244203131398356e-01
1.156240000000013242e+04 4.392193301582721920e-01
1.156260000000013315e+04 4.739037587818127895e-01
1.156280000000013388e+04 5.122268243797527543e-01
1.156300000000013461e+04 5.529787211746909348e-01
1.156320000000013533e+04 5.957324671907318070e-01
1.156340000000013606e+04 6.387474021406724933e-01
1.156360000000013679e+04 6.820308183144940806e-01
1.156380000000013752e+04 7.267605091226441161e-01
1.156400000000013824e+04 7.728798614940395328e-01
1.156420000000013897e+04 8.194638547437917975e-01
1.156440000000013970e+04 8.659642393784812153e-01
1.156460000000014043e+04 9.112727976548207209e-01
1.156480000000014115e+04 9.553682250255276509e-01
1.156500000000014188e+04 9.976156963858520133e-01
1.156520000000014261e+04 1.037113304417084381e+00
1.156540000000014334e+04 1.074648438548289953e+00
1.156560000000014406e+04 1.108491866073173515e+00
1.156580000000014479e+04 1.138340965590599385e+00
1.156600000000014552e+04 1.164033351933783100e+00
1.156620000000014625e+04 1.183816036001990479e+00
1.156640000000014697e+04 1.198397995895907009e+00
1.156660000000014770e+04 1.207430852512434427e+00
1.156680000000014843e+04 1.211383366779445137e+00
1.156700000000014916e+04 1.212121211389265207e+00
1.156720000000014988e+04 1.209011190698216165e+00
1.156740000000015061e+04 1.203650450173824993e+00
1.156760000000015134e+04 1.196419192967348000e+00
1.156780000000015207e+04 1.187275453946130099e+00
1.156800000000015280e+04 1.177151461344503547e+00
1.156820000000015352e+04 1.165633620161245165e+00
1.156840000000015425e+04 1.152909502811890974e+00
1.156860000000015498e+04 1.139628065491007591e+00
1.156880000000015571e+04 1.126009160292218425e+00
1.156900000000015643e+04 1.112579105687931502e+00
1.156920000000015716e+04 1.099608582123764666e+00
1.156940000000015789e+04 1.087366997416824077e+00
1.156960000000015862e+04 1.075881384072461033e+00
1.156980000000015934e+04 1.064410939753725582e+00
1.157000000000016007e+04 1.052666861703948298e+00
1.157020000000016080e+04 1.041835702606593195e+00
1.157040000000016153e+04 1.032839816082103734e+00
1.157060000000016225e+04 1.025319656587450057e+00
1.157080000000016298e+04 1.018599466820235167e+00
1.157100000000016371e+04 1.012059300354168689e+00
1.157120000000016444e+04 1.005499549919252944e+00
1.157140000000016516e+04 9.981942117728863639e-01
1.157160000000016589e+04 9.906959892349873620e-01
1.157180000000016662e+04 9.840494668004541312e-01
1.157200000000016735e+04 9.788661110838294821e-01
1.157220000000016807e+04 9.744855324984875722e-01
1.157240000000016880e+04 9.703074812993390807e-01
1.157260000000016953e+04 9.662016586240149696e-01
1.157280000000017026e+04 9.621088352423947665e-01
1.157300000000017099e+04 9.577876149963636676e-01
1.157320000000017171e+04 9.536794090025479953e-01
1.157340000000017244e+04 9.499635458072894778e-01
1.157360000000017317e+04 9.466713521966358957e-01
1.157380000000017390e+04 9.435946628396938429e-01
1.157400000000017462e+04 9.405831306717246099e-01
1.157420000000017535e+04 9.378536188051493916e-01
1.157440000000017608e+04 9.354351576234183341e-01
1.157460000000017681e+04 9.333297980027932539e-01
1.157480000000017753e+04 9.314820768291596220e-01
1.157500000000017826e+04 9.298152552173675200e-01
1.157520000000017899e+04 9.283853906020091973e-01
1.157540000000017972e+04 9.270403112335942053e-01
1.157560000000018044e+04 9.259388400812572639e-01
1.157580000000018117e+04 9.251993184132093484e-01
1.157600000000018190e+04 9.248863431711346061e-01
1.157620000000018263e+04 9.250755208407255292e-01
1.157640000000018335e+04 9.257716046635765528e-01
1.157660000000018408e+04 9.268237095179632234e-01
1.157680000000018481e+04 9.280418121264490949e-01
1.157700000000018554e+04 9.292262101096375737e-01
1.157720000000018626e+04 9.305183240293104507e-01
1.157740000000018699e+04 9.318614397187601206e-01
1.157760000000018772e+04 9.333783685849978973e-01
1.157780000000018845e+04 9.352118017919888171e-01
1.157800000000018917e+04 9.374496378778556238e-01
1.157820000000018990e+04 9.399991598017558569e-01
1.157840000000019063e+04 9.428232564350724765e-01
1.157860000000019136e+04 9.457265129739810261e-01
1.157880000000019209e+04 9.485708042306948418e-01
1.157900000000019281e+04 9.512305617027154714e-01
1.157920000000019354e+04 9.537773411846438565e-01
1.157940000000019427e+04 9.562308841406828019e-01
1.157960000000019500e+04 9.586876979203795557e-01
1.157980000000019572e+04 9.613602371863556595e-01
1.158000000000019645e+04 9.643314949631578425e-01
1.158020000000019718e+04 9.672352659658659535e-01
1.158040000000019791e+04 9.698681323973064039e-01
1.158060000000019863e+04 9.720658248274629543e-01
1.158080000000019936e+04 9.738532018824388459e-01
1.158100000000020009e+04 9.752267361450523975e-01
1.158120000000020082e+04 9.761908937290547650e-01
1.158140000000020154e+04 9.770547381635159567e-01
1.158160000000020227e+04 9.775607911440208353e-01
1.158180000000020300e+04 9.774227267088473337e-01
1.158200000000020373e+04 9.766456859916876621e-01
1.158220000000020445e+04 9.753430326961223251e-01
1.158240000000020518e+04 9.738800783682940443e-01
1.158260000000020591e+04 9.722475309150300227e-01
1.158280000000020664e+04 9.704035232551682100e-01
1.158300000000020736e+04 9.685771501272830708e-01
1.158320000000020809e+04 9.666890591914099051e-01
1.158340000000020882e+04 9.646574984518155871e-01
1.158360000000020955e+04 9.628178393934742063e-01
1.158380000000021028e+04 9.616785749524048299e-01
1.158400000000021100e+04 9.613528190312065069e-01
1.158420000000021173e+04 9.611161334499591646e-01
1.158440000000021246e+04 9.600710873148365909e-01
1.158460000000021319e+04 9.584735901111800516e-01
1.158480000000021391e+04 9.566810269669356881e-01
1.158500000000021464e+04 9.548712011367668229e-01
1.158520000000021537e+04 9.534722490140687956e-01
1.158540000000021610e+04 9.527711385564825441e-01
1.158560000000021682e+04 9.527119255959266564e-01
1.158580000000021755e+04 9.528489685422539823e-01
1.158600000000021828e+04 9.526661028252092489e-01
1.158620000000021901e+04 9.524007911749230448e-01
1.158640000000021973e+04 9.518052480910987878e-01
1.158660000000022046e+04 9.511919255241593207e-01
1.158680000000022119e+04 9.506976011045648045e-01
1.158700000000022192e+04 9.504610250492144807e-01
1.158720000000022264e+04 9.507881578754990848e-01
1.158740000000022337e+04 9.519185146767286110e-01
1.158760000000022410e+04 9.536416743436512133e-01
1.158780000000022483e+04 9.554854970051156471e-01
1.158800000000022555e+04 9.570213945090737528e-01
1.158820000000022628e+04 9.585414769267436297e-01
1.158840000000022701e+04 9.601725169521122538e-01
1.158860000000022774e+04 9.618263480206388216e-01
1.158880000000022847e+04 9.634554142028803891e-01
1.158900000000022919e+04 9.650833970870448253e-01
1.158920000000022992e+04 9.666435536239748050e-01
1.158940000000023065e+04 9.679615808554303813e-01
1.158960000000023138e+04 9.693472921165737777e-01
1.158980000000023210e+04 9.711749211025491046e-01
1.159000000000023283e+04 9.736576098517508715e-01
1.159020000000023356e+04 9.765638291811508109e-01
1.159040000000023429e+04 9.796015155240718197e-01
1.159060000000023501e+04 9.827395545362922480e-01
1.159080000000023574e+04 9.859843386358776440e-01
1.159100000000023647e+04 9.891651270954515685e-01
1.159120000000023720e+04 9.923888980353268163e-01
1.159140000000023792e+04 9.954991426675843247e-01
1.159160000000023865e+04 9.986854530014864784e-01
1.159180000000023938e+04 1.002060351599851851e+00
1.159200000000024011e+04 1.005610678667961499e+00
1.159220000000024083e+04 1.009368766507835247e+00
1.159240000000024156e+04 1.013267867545441625e+00
1.159260000000024229e+04 1.017230236434230273e+00
1.159280000000024302e+04 1.021114806278224707e+00
1.159300000000024374e+04 1.024706930982820063e+00
1.159320000000024447e+04 1.028131985488800471e+00
1.159340000000024520e+04 1.031548719979493267e+00
1.159360000000024593e+04 1.034750872091786844e+00
1.159380000000024665e+04 1.037531465808500641e+00
1.159400000000024738e+04 1.039786955115946210e+00
1.159420000000024811e+04 1.041549818680338912e+00
1.159440000000024884e+04 1.042892404832918674e+00
1.159460000000024957e+04 1.043986449088643909e+00
1.159480000000025029e+04 1.044996325137544257e+00
1.159500000000025102e+04 1.046138350277538320e+00
1.159520000000025175e+04 1.047269599908185356e+00
1.159540000000025248e+04 1.048482378951297367e+00
1.159560000000025320e+04 1.049565044905953703e+00
1.159580000000025393e+04 1.050321754993738033e+00
1.159600000000025466e+04 1.050625858336606377e+00
1.159620000000025539e+04 1.050541709771878107e+00
1.159640000000025611e+04 1.050204808462740447e+00
1.159660000000025684e+04 1.049653256390561618e+00
1.159680000000025757e+04 1.048924771662105737e+00
1.159700000000025830e+04 1.048178076476441456e+00
1.159720000000025902e+04 1.047353007902644295e+00
1.159740000000025975e+04 1.046576612227766656e+00
1.159760000000026048e+04 1.045755002770240027e+00
1.159780000000026121e+04 1.044826959415165124e+00
1.159800000000026193e+04 1.043774427013125283e+00
1.159820000000026266e+04 1.042516152795144091e+00
1.159840000000026339e+04 1.040864182556596296e+00
1.159860000000026412e+04 1.039142155530472289e+00
1.159880000000026484e+04 1.037751759116020800e+00
1.159900000000026557e+04 1.036898365477314288e+00
1.159920000000026630e+04 1.036278561583700020e+00
1.159940000000026703e+04 1.035590059691418041e+00
1.159960000000026776e+04 1.034770534900593120e+00
1.159980000000026848e+04 1.033755058718372366e+00
1.160000000000026921e+04 1.032390065637730725e+00
1.160020000000026994e+04 1.030941372227870634e+00
1.160040000000027067e+04 1.029474832577282450e+00
1.160060000000027139e+04 1.028165207694774486e+00
1.160080000000027212e+04 1.026964614974054335e+00
1.160100000000027285e+04 1.025831231567946533e+00
1.160120000000027358e+04 1.024905139448066604e+00
1.160140000000027430e+04 1.024226006265479993e+00
1.160160000000027503e+04 1.023724345253584245e+00
1.160180000000027576e+04 1.023233234597262564e+00
1.160200000000027649e+04 1.022567659594734613e+00
1.160220000000027721e+04 1.021858739444083897e+00
1.160240000000027794e+04 1.021197237768375121e+00
1.160260000000027867e+04 1.020482477917928232e+00
1.160280000000027940e+04 1.019520388597726868e+00
1.160300000000028012e+04 1.018333759374917991e+00
1.160320000000028085e+04 1.017213514194681423e+00
1.160340000000028158e+04 1.016517430111644860e+00
1.160360000000028231e+04 1.016172477503852978e+00
1.160380000000028303e+04 1.016116438814309131e+00
1.160400000000028376e+04 1.016235792648482628e+00
1.160420000000028449e+04 1.016155079888362955e+00
1.160440000000028522e+04 1.015563143876449193e+00
1.160460000000028595e+04 1.014446366917454379e+00
1.160480000000028667e+04 1.012968906841769989e+00
1.160500000000028740e+04 1.011432469432143488e+00
1.160520000000028813e+04 1.010020950792449357e+00
1.160540000000028886e+04 1.009130429037557120e+00
1.160560000000028958e+04 1.008647218840423854e+00
1.160580000000029031e+04 1.008346569856100716e+00
1.160600000000029104e+04 1.008085468670550933e+00
1.160620000000029177e+04 1.007774997882582735e+00
1.160640000000029249e+04 1.007189597812829795e+00
1.160660000000029322e+04 1.006539356591727108e+00
1.160680000000029395e+04 1.006210324835245196e+00
1.160700000000029468e+04 1.006433097549661593e+00
1.160720000000029540e+04 1.006906935179032736e+00
1.160740000000029613e+04 1.007511899413804368e+00
1.160760000000029686e+04 1.007973439373490709e+00
1.160780000000029759e+04 1.007993605150949268e+00
1.160800000000029831e+04 1.007483202973304293e+00
1.160820000000029904e+04 1.007436960537922754e+00
1.160840000000029977e+04 1.007378780073068025e+00
1.160860000000030050e+04 1.007308661578740994e+00
1.160880000000030122e+04 1.007226605054941881e+00
