# # source: .\convoluted\116_09.txt
# # site: 09
# # columns: Energy(eV) Abs_raw Preedge_normalized PredictedPost_raw Final_normalized
# 
1.13640000e+04 1.47294960e-02 1.61536934e-03 4.09034773e+00 1.41807990e-03
1.13640000e+04 1.47296260e-02 1.61540409e-03 4.09034773e+00 1.41811041e-03
1.13640500e+04 1.47310920e-02 1.61189112e-03 4.09036215e+00 1.41502655e-03
1.13640600e+04 1.47313970e-02 1.61119168e-03 4.09036504e+00 1.41441255e-03
1.13640700e+04 1.47314680e-02 1.61042968e-03 4.09036792e+00 1.41374363e-03
1.13640700e+04 1.47315760e-02 1.61045855e-03 4.09036792e+00 1.41376897e-03
1.13640800e+04 1.47318770e-02 1.60975804e-03 4.09037080e+00 1.41315403e-03
1.13640800e+04 1.47319560e-02 1.60977916e-03 4.09037080e+00 1.41317257e-03
1.13640900e+04 1.47322830e-02 1.60908560e-03 4.09037369e+00 1.41256374e-03
1.13640900e+04 1.47324950e-02 1.60914228e-03 4.09037369e+00 1.41261349e-03
1.13640900e+04 1.47326270e-02 1.60917757e-03 4.09037369e+00 1.41264447e-03
1.13641000e+04 1.47330830e-02 1.60851850e-03 4.09037657e+00 1.41206591e-03
1.13641300e+04 1.47342430e-02 1.60648568e-03 4.09038523e+00 1.41028140e-03
1.13641300e+04 1.47344410e-02 1.60653862e-03 4.09038523e+00 1.41032787e-03
1.13641400e+04 1.47346970e-02 1.60582608e-03 4.09038811e+00 1.40970237e-03
1.13641400e+04 1.47349570e-02 1.60589559e-03 4.09038811e+00 1.40976339e-03
1.13641500e+04 1.47351150e-02 1.60515685e-03 4.09039099e+00 1.40911489e-03
1.13641500e+04 1.47352780e-02 1.60520043e-03 4.09039099e+00 1.40915314e-03
1.13641500e+04 1.47353880e-02 1.60522984e-03 4.09039099e+00 1.40917896e-03
1.13641600e+04 1.47357280e-02 1.60453975e-03 4.09039388e+00 1.40857317e-03
1.13641600e+04 1.47361360e-02 1.60464883e-03 4.09039388e+00 1.40866893e-03
1.13641700e+04 1.47362550e-02 1.60389967e-03 4.09039676e+00 1.40801127e-03
1.13641700e+04 1.47366240e-02 1.60399832e-03 4.09039676e+00 1.40809787e-03
1.13641800e+04 1.47368120e-02 1.60326760e-03 4.09039965e+00 1.40745641e-03
1.13641800e+04 1.47372640e-02 1.60338844e-03 4.09039965e+00 1.40756250e-03
1.13641900e+04 1.47375290e-02 1.60267831e-03 4.09040253e+00 1.40693910e-03
1.13641900e+04 1.47378670e-02 1.60276867e-03 4.09040253e+00 1.40701843e-03
1.13641900e+04 1.47379360e-02 1.60278712e-03 4.09040253e+00 1.40703463e-03
1.13642000e+04 1.47384320e-02 1.60213874e-03 4.09040541e+00 1.40646545e-03
1.13642000e+04 1.47385750e-02 1.60217697e-03 4.09040541e+00 1.40649901e-03
1.13642100e+04 1.47395170e-02 1.60164783e-03 4.09040830e+00 1.40603451e-03
1.13642200e+04 1.47395910e-02 1.60088664e-03 4.09041118e+00 1.40536629e-03
1.13642200e+04 1.47396680e-02 1.60090722e-03 4.09041118e+00 1.40538437e-03
1.13642200e+04 1.47397460e-02 1.60092808e-03 4.09041118e+00 1.40540267e-03
1.13642200e+04 1.47398270e-02 1.60094973e-03 4.09041118e+00 1.40542168e-03
1.13642300e+04 1.47408160e-02 1.60043316e-03 4.09041407e+00 1.40496821e-03
1.13642300e+04 1.47409000e-02 1.60045562e-03 4.09041407e+00 1.40498793e-03
1.13642300e+04 1.47409860e-02 1.60047861e-03 4.09041407e+00 1.40500811e-03
1.13642300e+04 1.47410730e-02 1.60050187e-03 4.09041407e+00 1.40502853e-03
1.13642400e+04 1.47412510e-02 1.59976847e-03 4.09041695e+00 1.40438472e-03
1.13642400e+04 1.47419750e-02 1.59996204e-03 4.09041695e+00 1.40455464e-03
1.13642700e+04 1.47439830e-02 1.59815593e-03 4.09042560e+00 1.40296916e-03
1.13642700e+04 1.47441650e-02 1.59820459e-03 4.09042560e+00 1.40301187e-03
1.13642700e+04 1.47443480e-02 1.59825351e-03 4.09042560e+00 1.40305482e-03
1.13642800e+04 1.47450780e-02 1.59766770e-03 4.09042849e+00 1.40254057e-03
1.13643200e+04 1.47488220e-02 1.59554473e-03 4.09044002e+00 1.40067693e-03
1.13643200e+04 1.47490960e-02 1.59561798e-03 4.09044002e+00 1.40074124e-03
1.13643200e+04 1.47491880e-02 1.59564258e-03 4.09044002e+00 1.40076283e-03
1.13643300e+04 1.47498270e-02 1.59503243e-03 4.09044291e+00 1.40022722e-03
1.13643300e+04 1.47502840e-02 1.59515461e-03 4.09044291e+00 1.40033448e-03
1.13643400e+04 1.47504660e-02 1.59442229e-03 4.09044579e+00 1.39969160e-03
1.13643500e+04 1.47519280e-02 1.59403217e-03 4.09044867e+00 1.39934915e-03
1.13644000e+04 1.47558570e-02 1.59117768e-03 4.09046309e+00 1.39684335e-03
1.13644000e+04 1.47561310e-02 1.59125093e-03 4.09046309e+00 1.39690765e-03
1.13644000e+04 1.47562220e-02 1.59127526e-03 4.09046309e+00 1.39692901e-03
1.13644200e+04 1.47576840e-02 1.59010416e-03 4.09046886e+00 1.39590097e-03
1.13644200e+04 1.47584160e-02 1.59029986e-03 4.09046886e+00 1.39607277e-03
1.13644900e+04 1.47641740e-02 1.58637239e-03 4.09048905e+00 1.39262505e-03
1.13645000e+04 1.47652710e-02 1.58588469e-03 4.09049194e+00 1.39219693e-03
1.13645200e+04 1.47672820e-02 1.58486037e-03 4.09049770e+00 1.39129774e-03
1.13645400e+04 1.47690190e-02 1.58376279e-03 4.09050347e+00 1.39033424e-03
1.13645400e+04 1.47693850e-02 1.58386064e-03 4.09050347e+00 1.39042014e-03
1.13645600e+04 1.47707570e-02 1.58266549e-03 4.09050924e+00 1.38937097e-03
1.13647200e+04 1.47856830e-02 1.57416024e-03 4.09055539e+00 1.38190469e-03
1.13652200e+04 1.48316430e-02 1.54739856e-03 4.09069959e+00 1.35841209e-03
1.13657200e+04 1.48778480e-02 1.52070238e-03 4.09084379e+00 1.33497696e-03
1.13662200e+04 1.49243000e-02 1.49407223e-03 4.09098799e+00 1.31159979e-03
1.13667200e+04 1.49710010e-02 1.46750865e-03 4.09113220e+00 1.28828103e-03
1.13672200e+04 1.50179540e-02 1.44101245e-03 4.09127640e+00 1.26502140e-03
1.13677200e+04 1.50651600e-02 1.41458388e-03 4.09142060e+00 1.24182112e-03
1.13682200e+04 1.51126210e-02 1.38822349e-03 4.09156481e+00 1.21868067e-03
1.13687200e+04 1.51603400e-02 1.36193207e-03 4.09170901e+00 1.19560075e-03
1.13692200e+04 1.52083170e-02 1.33570963e-03 4.09185321e+00 1.17258136e-03
1.13697200e+04 1.52565560e-02 1.30955724e-03 4.09199742e+00 1.14962345e-03
1.13702200e+04 1.53050580e-02 1.28347516e-03 4.09214162e+00 1.12672724e-03
1.13707200e+04 1.53538260e-02 1.25746419e-03 4.09228582e+00 1.10389343e-03
1.13712200e+04 1.54028620e-02 1.23152488e-03 4.09243003e+00 1.08112251e-03
1.13717200e+04 1.54521670e-02 1.20565748e-03 4.09257423e+00 1.05841470e-03
1.13722200e+04 1.55017440e-02 1.17986280e-03 4.09271843e+00 1.03577070e-03
1.13727200e+04 1.55515950e-02 1.15414137e-03 4.09286264e+00 1.01319100e-03
1.13732200e+04 1.56017220e-02 1.12849374e-03 4.09300684e+00 9.90676049e-04
1.13737200e+04 1.56521280e-02 1.10292069e-03 4.09315104e+00 9.68226560e-04
1.13742200e+04 1.57028150e-02 1.07742277e-03 4.09329525e+00 9.45843001e-04
1.13747200e+04 1.57537850e-02 1.05200051e-03 4.09343945e+00 9.23525842e-04
1.13752200e+04 1.58050400e-02 1.02665444e-03 4.09358365e+00 9.01275552e-04
1.13757200e+04 1.58565840e-02 1.00138564e-03 4.09372786e+00 8.79093071e-04
1.13762200e+04 1.59084170e-02 9.76194102e-04 4.09387206e+00 8.56978397e-04
1.13767200e+04 1.59605430e-02 9.51080897e-04 4.09401626e+00 8.34932471e-04
1.13772200e+04 1.60129630e-02 9.26046293e-04 4.09416047e+00 8.12955526e-04
1.13777200e+04 1.60656820e-02 9.01091626e-04 4.09430467e+00 7.91048737e-04
1.13782200e+04 1.61187000e-02 8.76216897e-04 4.09444887e+00 7.69212104e-04
1.13787200e+04 1.61720200e-02 8.51422908e-04 4.09459308e+00 7.47446330e-04
1.13792200e+04 1.62256450e-02 8.26710461e-04 4.09473728e+00 7.25752120e-04
1.13797200e+04 1.62795780e-02 8.02080357e-04 4.09488148e+00 7.04130179e-04
1.13802200e+04 1.63338200e-02 7.77532864e-04 4.09502569e+00 6.82580740e-04
1.13807200e+04 1.63883750e-02 7.53069052e-04 4.09516989e+00 6.61104744e-04
1.13812200e+04 1.64432460e-02 7.28689722e-04 4.09531409e+00 6.39702893e-04
1.13817200e+04 1.64984340e-02 7.04395143e-04 4.09545830e+00 6.18375423e-04
1.13822200e+04 1.65539430e-02 6.80186382e-04 4.09560250e+00 5.97123273e-04
1.13827200e+04 1.66097760e-02 6.56064243e-04 4.09574670e+00 5.75947147e-04
1.13832200e+04 1.66659340e-02 6.32028992e-04 4.09589091e+00 5.54847280e-04
1.13837200e+04 1.67224210e-02 6.08081700e-04 4.09603511e+00 5.33824611e-04
1.13842200e+04 1.67792400e-02 5.84223168e-04 4.09617931e+00 5.12879843e-04
1.13847200e+04 1.68363940e-02 5.60454198e-04 4.09632352e+00 4.92013682e-04
1.13852200e+04 1.68938850e-02 5.36775325e-04 4.09646772e+00 4.71226596e-04
1.13857200e+04 1.69517160e-02 5.13187350e-04 4.09661192e+00 4.50519290e-04
1.13862200e+04 1.70098910e-02 4.89691344e-04 4.09675613e+00 4.29892703e-04
1.13867200e+04 1.70684120e-02 4.66287841e-04 4.09690033e+00 4.09347304e-04
1.13872200e+04 1.71272830e-02 4.42977911e-04 4.09704453e+00 3.88884033e-04
1.13877200e+04 1.71865050e-02 4.19761820e-04 4.09718874e+00 3.68503123e-04
1.13882200e+04 1.72460840e-02 3.96641173e-04 4.09733294e+00 3.48205984e-04
1.13887200e+04 1.73060200e-02 3.73615970e-04 4.09747714e+00 3.27992615e-04
1.13892200e+04 1.73663190e-02 3.50687815e-04 4.09762135e+00 3.07864426e-04
1.13897200e+04 1.74269830e-02 3.27857243e-04 4.09776555e+00 2.87821884e-04
1.13902200e+04 1.74880150e-02 3.05125056e-04 4.09790975e+00 2.67865695e-04
1.13907200e+04 1.75494180e-02 2.82492055e-04 4.09805396e+00 2.47996563e-04
1.13912200e+04 1.76111960e-02 2.59959310e-04 4.09819816e+00 2.28215426e-04
1.13917200e+04 1.76733520e-02 2.37527624e-04 4.09834236e+00 2.08522990e-04
1.13922200e+04 1.77358900e-02 2.15198065e-04 4.09848657e+00 1.88920192e-04
1.13927200e+04 1.77988130e-02 1.92971436e-04 4.09863077e+00 1.69407738e-04
1.13932200e+04 1.78621250e-02 1.70848806e-04 4.09877497e+00 1.49986565e-04
1.13937200e+04 1.79258280e-02 1.48830709e-04 4.09891918e+00 1.30657144e-04
1.13942200e+04 1.79899270e-02 1.26918484e-04 4.09906338e+00 1.11420649e-04
1.13947200e+04 1.80544250e-02 1.05112931e-04 4.09920758e+00 9.22777823e-05
1.13952200e+04 1.81193260e-02 8.34151193e-05 4.09935179e+00 7.32294846e-05
1.13957200e+04 1.81846340e-02 6.18261195e-05 4.09949599e+00 5.42766942e-05
1.13962200e+04 1.82503510e-02 4.03464657e-05 4.09964019e+00 3.54198807e-05
1.13967200e+04 1.83164830e-02 1.89777621e-05 4.09978440e+00 1.66604525e-05
1.13972200e+04 1.83830330e-02 -2.27918935e-06 4.09992860e+00 -2.00088625e-06
1.13977200e+04 1.84500040e-02 -2.34235865e-05 4.10007280e+00 -2.05634312e-05
1.13982200e+04 1.85174010e-02 -4.44540926e-05 4.10021701e+00 -3.90260087e-05
1.13987200e+04 1.85852280e-02 -6.53696384e-05 4.10036121e+00 -5.73876799e-05
1.13992200e+04 1.86534880e-02 -8.61694216e-05 4.10050541e+00 -7.56477404e-05
1.13997200e+04 1.87221860e-02 -1.06852106e-04 4.10064962e+00 -9.38050166e-05
1.14002200e+04 1.87913260e-02 -1.27416621e-04 4.10079382e+00 -1.11858570e-04
1.14007200e+04 1.88609130e-02 -1.47861631e-04 4.10093802e+00 -1.29807226e-04
1.14012200e+04 1.89309490e-02 -1.68186601e-04 4.10108223e+00 -1.47650515e-04
1.14017200e+04 1.90014400e-02 -1.88389927e-04 4.10122643e+00 -1.65387030e-04
1.14022200e+04 1.90723900e-02 -2.08470539e-04 4.10137063e+00 -1.83015831e-04
1.14027200e+04 1.91438030e-02 -2.28427369e-04 4.10151484e+00 -2.00535979e-04
1.14032200e+04 1.92156840e-02 -2.48259078e-04 4.10165904e+00 -2.17946301e-04
1.14037200e+04 1.92880370e-02 -2.67964599e-04 4.10180324e+00 -2.35245857e-04
1.14042200e+04 1.93608670e-02 -2.87542594e-04 4.10194745e+00 -2.52433474e-04
1.14047200e+04 1.94341780e-02 -3.06991993e-04 4.10209165e+00 -2.69508213e-04
1.14052200e+04 1.95079750e-02 -3.26311461e-04 4.10223585e+00 -2.86468900e-04
1.14057200e+04 1.95822640e-02 -3.45499392e-04 4.10238006e+00 -3.03314127e-04
1.14062200e+04 1.96570480e-02 -3.64554985e-04 4.10252426e+00 -3.20043189e-04
1.14067200e+04 1.97323320e-02 -3.83476903e-04 4.10266846e+00 -3.36654913e-04
1.14072200e+04 1.98081220e-02 -4.02263543e-04 4.10281267e+00 -3.53147891e-04
1.14077200e+04 1.98844220e-02 -4.20913834e-04 4.10295687e+00 -3.69521183e-04
1.14082200e+04 1.99612380e-02 -4.39426172e-04 4.10310107e+00 -3.85773382e-04
1.14087200e+04 2.00385750e-02 -4.57799221e-04 4.10324528e+00 -4.01903312e-04
1.14092200e+04 2.01164370e-02 -4.76031912e-04 4.10338948e+00 -4.17910036e-04
1.14097200e+04 2.01948300e-02 -4.94122640e-04 4.10353368e+00 -4.33792145e-04
1.14102200e+04 2.02737600e-02 -5.12069800e-04 4.10367789e+00 -4.49548230e-04
1.14107200e+04 2.03532320e-02 -5.29872058e-04 4.10382209e+00 -4.65177118e-04
1.14112200e+04 2.04332510e-02 -5.47528075e-04 4.10396629e+00 -4.80677636e-04
1.14117200e+04 2.05138220e-02 -5.65036515e-04 4.10411050e+00 -4.96048608e-04
1.14122200e+04 2.05949530e-02 -5.82395239e-04 4.10425470e+00 -5.11288159e-04
1.14127200e+04 2.06766470e-02 -5.99603445e-04 4.10439890e+00 -5.26395582e-04
1.14132200e+04 2.07589120e-02 -6.16658994e-04 4.10454311e+00 -5.41369001e-04
1.14137200e+04 2.08417520e-02 -6.33560818e-04 4.10468731e+00 -5.56207476e-04
1.14142200e+04 2.09251740e-02 -6.50307043e-04 4.10483151e+00 -5.70909364e-04
1.14147200e+04 2.10091830e-02 -6.66896335e-04 4.10497572e+00 -5.85473492e-04
1.14152200e+04 2.10937870e-02 -6.83326553e-04 4.10511992e+00 -5.99897982e-04
1.14157200e+04 2.11789910e-02 -6.99596361e-04 4.10526412e+00 -6.14181659e-04
1.14162200e+04 2.12648010e-02 -7.15704156e-04 4.10540833e+00 -6.28323116e-04
1.14167200e+04 2.13512230e-02 -7.31648332e-04 4.10555253e+00 -6.42320944e-04
1.14172200e+04 2.14382650e-02 -7.47426751e-04 4.10569673e+00 -6.56173265e-04
1.14177200e+04 2.15259330e-02 -7.63037810e-04 4.10584094e+00 -6.69878671e-04
1.14182200e+04 2.16142330e-02 -7.78479903e-04 4.10598514e+00 -6.83435753e-04
1.14187200e+04 2.17031720e-02 -7.93751160e-04 4.10612934e+00 -6.96842868e-04
1.14192200e+04 2.17927560e-02 -8.08849976e-04 4.10627355e+00 -7.10098608e-04
1.14197200e+04 2.18829940e-02 -8.23773946e-04 4.10641775e+00 -7.23200860e-04
1.14202200e+04 2.19738910e-02 -8.38521732e-04 4.10656195e+00 -7.36148450e-04
1.14207200e+04 2.20654560e-02 -8.53090928e-04 4.10670615e+00 -7.48939266e-04
1.14212200e+04 2.21576940e-02 -8.67480198e-04 4.10685036e+00 -7.61572133e-04
1.14217200e+04 2.22506140e-02 -8.81687135e-04 4.10699456e+00 -7.74044940e-04
1.14222200e+04 2.23442230e-02 -8.95709868e-04 4.10713876e+00 -7.86356043e-04
1.14227200e+04 2.24385280e-02 -9.09546526e-04 4.10728297e+00 -7.98503799e-04
1.14232200e+04 2.25335370e-02 -9.23194970e-04 4.10742717e+00 -8.10486330e-04
1.14237200e+04 2.26292580e-02 -9.36653060e-04 4.10757137e+00 -8.22301758e-04
1.14242200e+04 2.27256990e-02 -9.49918659e-04 4.10771558e+00 -8.33948205e-04
1.14247200e+04 2.28228670e-02 -9.62989894e-04 4.10785978e+00 -8.45424029e-04
1.14252200e+04 2.29207720e-02 -9.75864093e-04 4.10800398e+00 -8.56726880e-04
1.14257200e+04 2.30194200e-02 -9.88539651e-04 4.10814819e+00 -8.67855352e-04
1.14262200e+04 2.31188210e-02 -1.00101389e-03 4.10829239e+00 -8.78807097e-04
1.14267200e+04 2.32189820e-02 -1.01328495e-03 4.10843659e+00 -8.89580472e-04
1.14272200e+04 2.33199130e-02 -1.02535015e-03 4.10858080e+00 -9.00173128e-04
1.14277200e+04 2.34216230e-02 -1.03720708e-03 4.10872500e+00 -9.10582954e-04
1.14282200e+04 2.35241190e-02 -1.04885388e-03 4.10886920e+00 -9.20808307e-04
1.14287200e+04 2.36274110e-02 -1.06028786e-03 4.10901341e+00 -9.30846838e-04
1.14292200e+04 2.37315090e-02 -1.07150636e-03 4.10915761e+00 -9.40696202e-04
1.14297200e+04 2.38364210e-02 -1.08250724e-03 4.10930181e+00 -9.50354518e-04
1.14302200e+04 2.39421570e-02 -1.09328783e-03 4.10944602e+00 -9.59819441e-04
1.14307200e+04 2.40487260e-02 -1.10384571e-03 4.10959022e+00 -9.69088858e-04
1.14312200e+04 2.41561380e-02 -1.11417821e-03 4.10973442e+00 -9.78160421e-04
1.14317200e+04 2.42644040e-02 -1.12428240e-03 4.10987863e+00 -9.87031548e-04
1.14322200e+04 2.43735330e-02 -1.13415586e-03 4.11002283e+00 -9.95700127e-04
1.14327200e+04 2.44835340e-02 -1.14379620e-03 4.11016703e+00 -1.00416404e-03
1.14332200e+04 2.45944200e-02 -1.15319993e-03 4.11031124e+00 -1.01242025e-03
1.14337200e+04 2.47061990e-02 -1.16236492e-03 4.11045544e+00 -1.02046686e-03
1.14342200e+04 2.48188830e-02 -1.17128795e-03 4.11059964e+00 -1.02830107e-03
1.14347200e+04 2.49324830e-02 -1.17996609e-03 4.11074385e+00 -1.03592028e-03
1.14352200e+04 2.50470090e-02 -1.18839667e-03 4.11088805e+00 -1.04332216e-03
1.14357200e+04 2.51624730e-02 -1.19657648e-03 4.11103225e+00 -1.05050389e-03
1.14362200e+04 2.52788860e-02 -1.20450256e-03 4.11117646e+00 -1.05746288e-03
1.14367200e+04 2.53962590e-02 -1.21217200e-03 4.11132066e+00 -1.06419655e-03
1.14372200e+04 2.55146050e-02 -1.21958130e-03 4.11146486e+00 -1.07070185e-03
1.14377200e+04 2.56339350e-02 -1.22672753e-03 4.11160907e+00 -1.07697620e-03
1.14382200e+04 2.57542620e-02 -1.23360721e-03 4.11175327e+00 -1.08301654e-03
1.14387200e+04 2.58755970e-02 -1.24021740e-03 4.11189747e+00 -1.08882030e-03
1.14392200e+04 2.59979540e-02 -1.24655436e-03 4.11204168e+00 -1.09438419e-03
1.14397200e+04 2.61213450e-02 -1.25261489e-03 4.11218588e+00 -1.09970539e-03
1.14402200e+04 2.62457820e-02 -1.25839576e-03 4.11233008e+00 -1.10478108e-03
1.14407200e+04 2.63712800e-02 -1.26389297e-03 4.11247429e+00 -1.10960774e-03
1.14412200e+04 2.64978510e-02 -1.26910332e-03 4.11261849e+00 -1.11418257e-03
1.14417200e+04 2.66255090e-02 -1.27402306e-03 4.11276269e+00 -1.11850226e-03
1.14422200e+04 2.67542680e-02 -1.27864845e-03 4.11290690e+00 -1.12256353e-03
1.14427200e+04 2.68841410e-02 -1.28297601e-03 4.11305110e+00 -1.12636334e-03
1.14432200e+04 2.70151440e-02 -1.28700147e-03 4.11319530e+00 -1.12989792e-03
1.14437200e+04 2.71472910e-02 -1.29072107e-03 4.11333951e+00 -1.13316399e-03
1.14442200e+04 2.72805970e-02 -1.29413082e-03 4.11348371e+00 -1.13615803e-03
1.14447200e+04 2.74150760e-02 -1.29722697e-03 4.11362791e+00 -1.13887676e-03
1.14452200e+04 2.75507440e-02 -1.30000524e-03 4.11377212e+00 -1.14131640e-03
1.14457200e+04 2.76876170e-02 -1.30246135e-03 4.11391632e+00 -1.14347322e-03
1.14462200e+04 2.78257100e-02 -1.30459130e-03 4.11406052e+00 -1.14534369e-03
1.14467200e+04 2.79650400e-02 -1.30639053e-03 4.11420473e+00 -1.14692382e-03
1.14472200e+04 2.81056220e-02 -1.30785504e-03 4.11434893e+00 -1.14821009e-03
1.14477200e+04 2.82474740e-02 -1.30898002e-03 4.11449313e+00 -1.14919827e-03
1.14482200e+04 2.83906130e-02 -1.30976092e-03 4.11463734e+00 -1.14988437e-03
1.14487200e+04 2.85350560e-02 -1.31019319e-03 4.11478154e+00 -1.15026440e-03
1.14492200e+04 2.86808210e-02 -1.31027203e-03 4.11492574e+00 -1.15033413e-03
1.14497200e+04 2.88279250e-02 -1.30999288e-03 4.11506995e+00 -1.15008959e-03
1.14502200e+04 2.89763870e-02 -1.30935068e-03 4.11521415e+00 -1.14952630e-03
1.14507200e+04 2.91262260e-02 -1.30834033e-03 4.11535835e+00 -1.14863980e-03
1.14512200e+04 2.92774600e-02 -1.30695703e-03 4.11550256e+00 -1.14742587e-03
1.14517200e+04 2.94301080e-02 -1.30519570e-03 4.11564676e+00 -1.14588006e-03
1.14522200e+04 2.95841910e-02 -1.30305072e-03 4.11579096e+00 -1.14399742e-03
1.14527200e+04 2.97397280e-02 -1.30051702e-03 4.11593517e+00 -1.14177350e-03
1.14532200e+04 2.98967400e-02 -1.29758897e-03 4.11607937e+00 -1.13920338e-03
1.14537200e+04 3.00552480e-02 -1.29426097e-03 4.11622357e+00 -1.13628212e-03
1.14542200e+04 3.02152720e-02 -1.29052767e-03 4.11636778e+00 -1.13300502e-03
1.14547200e+04 3.03768340e-02 -1.28638318e-03 4.11651198e+00 -1.12936692e-03
1.14552200e+04 3.05399560e-02 -1.28182163e-03 4.11665618e+00 -1.12536267e-03
1.14557200e+04 3.07046610e-02 -1.27683686e-03 4.11680039e+00 -1.12098685e-03
1.14562200e+04 3.08709710e-02 -1.27142300e-03 4.11694459e+00 -1.11623431e-03
1.14567200e+04 3.10389100e-02 -1.26557362e-03 4.11708879e+00 -1.11109940e-03
1.14572200e+04 3.12085010e-02 -1.25928258e-03 4.11723300e+00 -1.10557674e-03
1.14577200e+04 3.13797680e-02 -1.25254346e-03 4.11737720e+00 -1.09966069e-03
1.14582200e+04 3.15527360e-02 -1.24534959e-03 4.11752140e+00 -1.09334538e-03
1.14587200e+04 3.17274310e-02 -1.23769399e-03 4.11766561e+00 -1.08662470e-03
1.14592200e+04 3.19038770e-02 -1.22957027e-03 4.11780981e+00 -1.07949303e-03
1.14597200e+04 3.20821020e-02 -1.22097093e-03 4.11795401e+00 -1.07194379e-03
1.14602200e+04 3.22621310e-02 -1.21188930e-03 4.11809822e+00 -1.06397111e-03
1.14607200e+04 3.24439910e-02 -1.20231815e-03 4.11824242e+00 -1.05556865e-03
1.14612200e+04 3.26277110e-02 -1.19224972e-03 4.11838662e+00 -1.04672961e-03
1.14617200e+04 3.28133190e-02 -1.18167654e-03 4.11853083e+00 -1.03744741e-03
1.14622200e+04 3.30008430e-02 -1.17059112e-03 4.11867503e+00 -1.02771548e-03
1.14627200e+04 3.31903130e-02 -1.15898543e-03 4.11881923e+00 -1.01752678e-03
1.14632200e+04 3.33817600e-02 -1.14685120e-03 4.11896344e+00 -1.00687403e-03
1.14637200e+04 3.35752130e-02 -1.13418066e-03 4.11910764e+00 -9.95750431e-04
1.14642200e+04 3.37707030e-02 -1.12096553e-03 4.11925184e+00 -9.84148695e-04
1.14647200e+04 3.39682640e-02 -1.10719671e-03 4.11939605e+00 -9.72060845e-04
1.14652200e+04 3.41679280e-02 -1.09286566e-03 4.11954025e+00 -9.59479369e-04
1.14657200e+04 3.43697270e-02 -1.07796382e-03 4.11968445e+00 -9.46396756e-04
1.14662200e+04 3.45736970e-02 -1.06248157e-03 4.11982866e+00 -9.32804556e-04
1.14667200e+04 3.47798700e-02 -1.04641034e-03 4.11997286e+00 -9.18695255e-04
1.14672200e+04 3.49882850e-02 -1.02973971e-03 4.12011706e+00 -9.04059700e-04
1.14677200e+04 3.51989750e-02 -1.01246086e-03 4.12026127e+00 -8.88890145e-04
1.14682200e+04 3.54119790e-02 -9.94563366e-04 4.12040547e+00 -8.73177434e-04
1.14687200e+04 3.56273340e-02 -9.76037331e-04 4.12054967e+00 -8.56912881e-04
1.14692200e+04 3.58450790e-02 -9.56872330e-04 4.12069388e+00 -8.40087333e-04
1.14697200e+04 3.60652530e-02 -9.37057937e-04 4.12083808e+00 -8.22691634e-04
1.14702200e+04 3.62878970e-02 -9.16583189e-04 4.12098228e+00 -8.04716161e-04
1.14707200e+04 3.65130520e-02 -8.95437127e-04 4.12112649e+00 -7.86151287e-04
1.14712200e+04 3.67407610e-02 -8.73608252e-04 4.12127069e+00 -7.66986921e-04
1.14717200e+04 3.69710660e-02 -8.51085338e-04 4.12141489e+00 -7.47213202e-04
1.14722200e+04 3.72040110e-02 -8.27856620e-04 4.12155910e+00 -7.26819803e-04
1.14727200e+04 3.74396420e-02 -8.03909801e-04 4.12170330e+00 -7.05795925e-04
1.14732200e+04 3.76780060e-02 -7.79232315e-04 4.12184750e+00 -6.84130535e-04
1.14737200e+04 3.79191480e-02 -7.53812131e-04 4.12199171e+00 -6.61813071e-04
1.14742200e+04 3.81631170e-02 -7.27636149e-04 4.12213591e+00 -6.38832030e-04
1.14747200e+04 3.84099630e-02 -7.00691002e-04 4.12228011e+00 -6.15175674e-04
1.14752200e+04 3.86597370e-02 -6.72963054e-04 4.12242432e+00 -5.90832033e-04
1.14757200e+04 3.89124900e-02 -6.44438672e-04 4.12256852e+00 -5.65789134e-04
1.14762200e+04 3.91682750e-02 -6.15103685e-04 4.12271272e+00 -5.40034536e-04
1.14767200e+04 3.94271470e-02 -5.84943389e-04 4.12285692e+00 -5.13555330e-04
1.14772200e+04 3.96891610e-02 -5.53943080e-04 4.12300113e+00 -4.86338603e-04
1.14777200e+04 3.99543730e-02 -5.22087787e-04 4.12314533e+00 -4.58371210e-04
1.14782200e+04 4.02228430e-02 -4.89361468e-04 4.12328953e+00 -4.29639068e-04
1.14787200e+04 4.04946300e-02 -4.55748349e-04 4.12343374e+00 -4.00128327e-04
1.14792200e+04 4.07697950e-02 -4.21232123e-04 4.12357794e+00 -3.69824667e-04
1.14797200e+04 4.10484010e-02 -3.85795946e-04 4.12372214e+00 -3.38713299e-04
1.14802200e+04 4.13305120e-02 -3.49422709e-04 4.12386635e+00 -3.06779201e-04
1.14807200e+04 4.16161940e-02 -3.12094765e-04 4.12401055e+00 -2.74006880e-04
1.14812200e+04 4.19055140e-02 -2.73794202e-04 4.12415475e+00 -2.40380608e-04
1.14817200e+04 4.21985420e-02 -2.34502307e-04 4.12429896e+00 -2.05883953e-04
1.14822200e+04 4.24953480e-02 -1.94200364e-04 4.12444316e+00 -1.70500484e-04
1.14827200e+04 4.27960060e-02 -1.52868590e-04 4.12458736e+00 -1.34212830e-04
1.14832200e+04 4.31005900e-02 -1.10487200e-04 4.12473157e+00 -9.70036195e-05
1.14837200e+04 4.34091760e-02 -6.70358764e-05 4.12487577e+00 -5.88550132e-05
1.14842200e+04 4.37218440e-02 -2.24932310e-05 4.12501997e+00 -1.97482316e-05
1.14847200e+04 4.40386730e-02 2.31618569e-05 4.12516418e+00 2.03352698e-05
1.14852200e+04 4.43597470e-02 6.99518447e-05 4.12530838e+00 6.14152089e-05
1.14857200e+04 4.46851510e-02 1.17899457e-04 4.12545258e+00 1.03511539e-04
1.14862200e+04 4.50149710e-02 1.67027686e-04 4.12559679e+00 1.46644447e-04
1.14867200e+04 4.53492980e-02 2.17360861e-04 4.12574099e+00 1.90835295e-04
1.14872200e+04 4.56882240e-02 2.68923577e-04 4.12588519e+00 2.36105678e-04
1.14877200e+04 4.60318420e-02 3.21740699e-04 4.12602940e+00 2.82477428e-04
1.14882200e+04 4.63802510e-02 3.75838693e-04 4.12617360e+00 3.29973784e-04
1.14887200e+04 4.67335510e-02 4.31244295e-04 4.12631780e+00 3.78618219e-04
1.14892200e+04 4.70918430e-02 4.87984508e-04 4.12646201e+00 4.28434443e-04
1.14897200e+04 4.74552340e-02 5.46087937e-04 4.12660621e+00 4.79447572e-04
1.14902200e+04 4.78238310e-02 6.05583189e-04 4.12675041e+00 5.31682723e-04
1.14907200e+04 4.81977480e-02 6.66500742e-04 4.12689462e+00 5.85166658e-04
1.14912200e+04 4.85770970e-02 7.28870539e-04 4.12703882e+00 6.39925666e-04
1.14917200e+04 4.89619980e-02 7.92724662e-04 4.12718302e+00 6.95987917e-04
1.14922200e+04 4.93525730e-02 8.58095728e-04 4.12732723e+00 7.53382049e-04
1.14927200e+04 4.97489460e-02 9.25016888e-04 4.12747143e+00 8.12137169e-04
1.14932200e+04 5.01512460e-02 9.93522630e-04 4.12761563e+00 8.72283559e-04
1.14937200e+04 5.05596050e-02 1.06364824e-03 4.12775984e+00 9.33852205e-04
1.14942200e+04 5.09741620e-02 1.13543089e-03 4.12790404e+00 9.96875735e-04
1.14947200e+04 5.13950560e-02 1.20890774e-03 4.12804824e+00 1.06138678e-03
1.14952200e+04 5.18224320e-02 1.28411754e-03 4.12819245e+00 1.12741937e-03
1.14957200e+04 5.22564400e-02 1.36110041e-03 4.12833665e+00 1.19500873e-03
1.14962200e+04 5.26972340e-02 1.43989752e-03 4.12848085e+00 1.26419099e-03
1.14967200e+04 5.31449730e-02 1.52055137e-03 4.12862506e+00 1.33500349e-03
1.14972200e+04 5.35998210e-02 1.60310581e-03 4.12876926e+00 1.40748473e-03
1.14977200e+04 5.40619470e-02 1.68760602e-03 4.12891346e+00 1.48167436e-03
1.14982200e+04 5.45315260e-02 1.77409879e-03 4.12905767e+00 1.55761348e-03
1.14987200e+04 5.50087370e-02 1.86263197e-03 4.12920187e+00 1.63534410e-03
1.14992200e+04 5.54937670e-02 1.95325556e-03 4.12934607e+00 1.71491012e-03
1.14997200e+04 5.59868070e-02 2.04602062e-03 4.12949028e+00 1.79635637e-03
1.15002200e+04 5.64880560e-02 2.14098036e-03 4.12963448e+00 1.87972957e-03
1.15007200e+04 5.69977190e-02 2.23818958e-03 4.12977868e+00 1.96507783e-03
1.15012200e+04 5.75160080e-02 2.33770496e-03 4.12992289e+00 2.05245093e-03
1.15017200e+04 5.80431410e-02 2.43958478e-03 4.13006709e+00 2.14190003e-03
1.15022200e+04 5.85793440e-02 2.54388946e-03 4.13021129e+00 2.23347818e-03
1.15027200e+04 5.91248520e-02 2.65068183e-03 4.13035550e+00 2.32724056e-03
1.15032200e+04 5.96799080e-02 2.76002686e-03 4.13049970e+00 2.42324420e-03
1.15037200e+04 6.02447600e-02 2.87199084e-03 4.13064390e+00 2.52154732e-03
1.15042200e+04 6.08196700e-02 2.98664383e-03 4.13078811e+00 2.62221142e-03
1.15047200e+04 6.14049050e-02 3.10405721e-03 4.13093231e+00 2.72529917e-03
1.15052200e+04 6.20007440e-02 3.22430556e-03 4.13107651e+00 2.83087607e-03
1.15057200e+04 6.26074750e-02 3.34746589e-03 4.13122072e+00 2.93900972e-03
1.15062200e+04 6.32253970e-02 3.47361813e-03 4.13136492e+00 3.04977032e-03
1.15067200e+04 6.38548200e-02 3.60284516e-03 4.13150912e+00 3.16323062e-03
1.15072200e+04 6.44960640e-02 3.73523253e-03 4.13165333e+00 3.27946574e-03
1.15077200e+04 6.51494640e-02 3.87086981e-03 4.13179753e+00 3.39855433e-03
1.15082200e+04 6.58153650e-02 4.00984922e-03 4.13194173e+00 3.52057737e-03
1.15087200e+04 6.64941260e-02 4.15226676e-03 4.13208594e+00 3.64561913e-03
1.15092200e+04 6.71861190e-02 4.29822186e-03 4.13223014e+00 3.77376693e-03
1.15097200e+04 6.78917340e-02 4.44781881e-03 4.13237434e+00 3.90511232e-03
1.15102200e+04 6.86113710e-02 4.60116453e-03 4.13251855e+00 4.03974920e-03
1.15107200e+04 6.93454490e-02 4.75837106e-03 4.13266275e+00 4.17777593e-03
1.15112200e+04 7.00944050e-02 4.91955521e-03 4.13280695e+00 4.31929508e-03
1.15117200e+04 7.08586890e-02 5.08483730e-03 4.13295116e+00 4.46441228e-03
1.15122200e+04 7.16387750e-02 5.25434405e-03 4.13309536e+00 4.61323882e-03
1.15127200e+04 7.24351520e-02 5.42820620e-03 4.13323956e+00 4.76588946e-03
1.15132200e+04 7.32483320e-02 5.60656062e-03 4.13338377e+00 4.92248440e-03
1.15137200e+04 7.40788470e-02 5.78954956e-03 4.13352797e+00 5.08314852e-03
1.15142200e+04 7.49272530e-02 5.97732165e-03 4.13367217e+00 5.24801234e-03
1.15147200e+04 7.57941290e-02 6.17003169e-03 4.13381638e+00 5.41721177e-03
1.15152200e+04 7.66800790e-02 6.36784116e-03 4.13396058e+00 5.59088859e-03
1.15157200e+04 7.75857330e-02 6.57091849e-03 4.13410478e+00 5.76919069e-03
1.15162200e+04 7.85117510e-02 6.77944013e-03 4.13424899e+00 5.95227299e-03
1.15167200e+04 7.94588210e-02 6.99359002e-03 4.13439319e+00 6.14029701e-03
1.15172200e+04 8.04276620e-02 7.21356039e-03 4.13453739e+00 6.33343151e-03
1.15177200e+04 8.14190260e-02 7.43955227e-03 4.13468160e+00 6.53185301e-03
1.15182200e+04 8.24337010e-02 7.67177634e-03 4.13482580e+00 6.73574651e-03
1.15187200e+04 8.34725110e-02 7.91045290e-03 4.13497000e+00 6.94530541e-03
1.15192200e+04 8.45363180e-02 8.15581240e-03 4.13511421e+00 7.16073207e-03
1.15197200e+04 8.56260280e-02 8.40809707e-03 4.13525841e+00 7.38223917e-03
1.15202200e+04 8.67425890e-02 8.66756034e-03 4.13540261e+00 7.61004922e-03
1.15207200e+04 8.78869950e-02 8.93446797e-03 4.13554682e+00 7.84439557e-03
1.15212200e+04 8.90602920e-02 9.20909960e-03 4.13569102e+00 8.08552375e-03
1.15217200e+04 9.02635750e-02 9.49174799e-03 4.13583522e+00 8.33369081e-03
1.15222200e+04 9.14979980e-02 9.78272164e-03 4.13597943e+00 8.58916762e-03
1.15227200e+04 9.27647730e-02 1.00823446e-02 4.13612363e+00 8.85223871e-03
1.15232200e+04 9.40651740e-02 1.03909575e-02 4.13626783e+00 9.12320312e-03
1.15237200e+04 9.54005460e-02 1.07089198e-02 4.13641204e+00 9.40237658e-03
1.15242200e+04 9.67723010e-02 1.10366091e-02 4.13655624e+00 9.69009054e-03
1.15247200e+04 9.81819320e-02 1.13744246e-02 4.13670044e+00 9.98669548e-03
1.15252200e+04 9.96310110e-02 1.17227865e-02 4.13684465e+00 1.02925604e-02
1.15257200e+04 1.01121200e-01 1.20821392e-02 4.13698885e+00 1.06080754e-02
1.15262200e+04 1.02654250e-01 1.24529507e-02 4.13713305e+00 1.09336516e-02
1.15267200e+04 1.04232030e-01 1.28357208e-02 4.13727726e+00 1.12697277e-02
1.15272200e+04 1.05856480e-01 1.32309681e-02 4.13742146e+00 1.16167590e-02
1.15277200e+04 1.07529690e-01 1.36392513e-02 4.13756566e+00 1.19752362e-02
1.15282200e+04 1.09253860e-01 1.40611587e-02 4.13770987e+00 1.23456757e-02
1.15287200e+04 1.11031330e-01 1.44973159e-02 4.13785407e+00 1.27286268e-02
1.15292200e+04 1.12864580e-01 1.49483858e-02 4.13799827e+00 1.31246716e-02
1.15297200e+04 1.14756230e-01 1.54150690e-02 4.13814248e+00 1.35344253e-02
1.15302200e+04 1.16709090e-01 1.58981166e-02 4.13828668e+00 1.39585473e-02
1.15307200e+04 1.18726130e-01 1.63983228e-02 4.13843088e+00 1.43977349e-02
1.15312200e+04 1.20810540e-01 1.69165403e-02 4.13857509e+00 1.48527368e-02
1.15317200e+04 1.22965690e-01 1.74536701e-02 4.13871929e+00 1.53243442e-02
1.15322200e+04 1.25195190e-01 1.80106774e-02 4.13886349e+00 1.58134045e-02
1.15327200e+04 1.27502920e-01 1.85885995e-02 4.13900769e+00 1.63208285e-02
1.15332200e+04 1.29892980e-01 1.91885324e-02 4.13915190e+00 1.68475785e-02
1.15337200e+04 1.32369800e-01 1.98116607e-02 4.13929610e+00 1.73946946e-02
1.15342200e+04 1.34938130e-01 2.04592541e-02 4.13944030e+00 1.79632916e-02
1.15347200e+04 1.37603030e-01 2.11326655e-02 4.13958451e+00 1.85545574e-02
1.15352200e+04 1.40369980e-01 2.18333599e-02 4.13972871e+00 1.91697784e-02
1.15357200e+04 1.43244840e-01 2.25629041e-02 4.13987291e+00 1.98103302e-02
1.15362200e+04 1.46233950e-01 2.33229929e-02 4.14001712e+00 2.04777009e-02
1.15367200e+04 1.49344140e-01 2.41154525e-02 4.14016132e+00 2.11734939e-02
1.15372200e+04 1.52582760e-01 2.49422478e-02 4.14030552e+00 2.18994345e-02
1.15377200e+04 1.55957800e-01 2.58055150e-02 4.14044973e+00 2.26573982e-02
1.15382200e+04 1.59477890e-01 2.67075613e-02 4.14059393e+00 2.34494109e-02
1.15387200e+04 1.63152400e-01 2.76508917e-02 4.14073813e+00 2.42776722e-02
1.15392200e+04 1.66991500e-01 2.86382252e-02 4.14088234e+00 2.51445692e-02
1.15397200e+04 1.71006280e-01 2.96725267e-02 4.14102654e+00 2.60527053e-02
1.15402200e+04 1.75208790e-01 3.07570178e-02 4.14117074e+00 2.70049091e-02
1.15407200e+04 1.79612230e-01 3.18952275e-02 4.14131495e+00 2.80042791e-02
1.15412200e+04 1.84231010e-01 3.30910083e-02 4.14145915e+00 2.90541979e-02
1.15417200e+04 1.89080940e-01 3.43485870e-02 4.14160335e+00 3.01583769e-02
1.15422200e+04 1.94179380e-01 3.56726048e-02 4.14174756e+00 3.13208910e-02
1.15427200e+04 1.99545440e-01 3.70681708e-02 4.14189176e+00 3.25462262e-02
1.15432200e+04 2.05200180e-01 3.85409153e-02 4.14203596e+00 3.38393260e-02
1.15437200e+04 2.11166880e-01 4.00970622e-02 4.14218017e+00 3.52056553e-02
1.15442200e+04 2.17471350e-01 4.17435119e-02 4.14232437e+00 3.66512727e-02
1.15447200e+04 2.24142230e-01 4.34879212e-02 4.14246857e+00 3.81829010e-02
1.15452200e+04 2.31211430e-01 4.53388213e-02 4.14261278e+00 3.98080309e-02
1.15457200e+04 2.38714550e-01 4.73057299e-02 4.14275698e+00 4.15350192e-02
1.15462200e+04 2.46691460e-01 4.93993060e-02 4.14290118e+00 4.33732248e-02
1.15467200e+04 2.55186930e-01 5.16315191e-02 4.14304539e+00 4.53331572e-02
1.15472200e+04 2.64251350e-01 5.40158409e-02 4.14318959e+00 4.74266448e-02
1.15477200e+04 2.73941680e-01 5.65674995e-02 4.14333379e+00 4.96670585e-02
1.15482200e+04 2.84322480e-01 5.93037552e-02 4.14347800e+00 5.20695531e-02
1.15487200e+04 2.95467220e-01 6.22442501e-02 4.14362220e+00 5.46513749e-02
1.15492200e+04 3.07459760e-01 6.54114041e-02 4.14376640e+00 5.74322093e-02
1.15497200e+04 3.20396260e-01 6.88309256e-02 4.14391061e+00 6.04346288e-02
1.15502200e+04 3.34387440e-01 7.25324156e-02 4.14405481e+00 6.36846238e-02
1.15507200e+04 3.49561300e-01 7.65500949e-02 4.14419901e+00 6.72122412e-02
1.15512200e+04 3.66066540e-01 8.09237184e-02 4.14434322e+00 7.10523868e-02
1.15517200e+04 3.84076730e-01 8.56996899e-02 4.14448742e+00 7.52458044e-02
1.15522200e+04 4.03795560e-01 9.09324660e-02 4.14463162e+00 7.98403083e-02
1.15527200e+04 4.25463330e-01 9.66862908e-02 4.14477583e+00 8.48923065e-02
1.15532200e+04 4.49365210e-01 1.03037404e-01 4.14492003e+00 9.04687400e-02
1.15537200e+04 4.75841700e-01 1.10076839e-01 4.14506423e+00 9.66495377e-02
1.15542200e+04 5.05185230e-01 1.17882777e-01 4.14520844e+00 1.03503345e-01
1.15547200e+04 5.37986440e-01 1.26613125e-01 4.14535264e+00 1.11168809e-01
1.15548200e+04 5.45034130e-01 1.28489513e-01 4.14538148e+00 1.12816325e-01
1.15549200e+04 5.52249740e-01 1.30410796e-01 4.14541032e+00 1.14503259e-01
1.15550200e+04 5.59638890e-01 1.32378473e-01 4.14543916e+00 1.16230930e-01
1.15551200e+04 5.67207470e-01 1.34394122e-01 4.14546800e+00 1.18000720e-01
1.15552200e+04 5.74961590e-01 1.36459374e-01 4.14549684e+00 1.19814064e-01
1.15553200e+04 5.82907640e-01 1.38575940e-01 4.14552568e+00 1.21672461e-01
1.15554200e+04 5.91052290e-01 1.40745600e-01 4.14555452e+00 1.23577478e-01
1.15555200e+04 5.99402480e-01 1.42970212e-01 4.14558337e+00 1.25530744e-01
1.15556200e+04 6.07965480e-01 1.45251718e-01 4.14561221e+00 1.27533964e-01
1.15557200e+04 6.16748880e-01 1.47592149e-01 4.14564105e+00 1.29588921e-01
1.15558200e+04 6.25760600e-01 1.49993621e-01 4.14566989e+00 1.31697475e-01
1.15559200e+04 6.35008910e-01 1.52458344e-01 4.14569873e+00 1.33861565e-01
1.15560200e+04 6.44502480e-01 1.54988639e-01 4.14572757e+00 1.36083228e-01
1.15561200e+04 6.54250360e-01 1.57586923e-01 4.14575641e+00 1.38364587e-01
1.15562200e+04 6.64262030e-01 1.60255731e-01 4.14578525e+00 1.40707869e-01
1.15563200e+04 6.74547380e-01 1.62997707e-01 4.14581409e+00 1.43115394e-01
1.15564200e+04 6.85116800e-01 1.65815630e-01 4.14584293e+00 1.45589602e-01
1.15565200e+04 6.95981160e-01 1.68712404e-01 4.14587177e+00 1.48133045e-01
1.15566200e+04 7.07151820e-01 1.71691068e-01 4.14590061e+00 1.50748388e-01
1.15567200e+04 7.18640730e-01 1.74754816e-01 4.14592945e+00 1.53438438e-01
1.15568200e+04 7.30460370e-01 1.77906984e-01 4.14595829e+00 1.56206123e-01
1.15569200e+04 7.42623860e-01 1.81151081e-01 4.14598713e+00 1.59054523e-01
1.15570200e+04 7.55144940e-01 1.84490779e-01 4.14601598e+00 1.61986865e-01
1.15571200e+04 7.68038030e-01 1.87929935e-01 4.14604482e+00 1.65006532e-01
1.15572200e+04 7.81318280e-01 1.91472597e-01 4.14607366e+00 1.68117081e-01
1.15573200e+04 7.95001560e-01 1.95123009e-01 4.14610250e+00 1.71322237e-01
1.15574200e+04 8.09104580e-01 1.98885639e-01 4.14613134e+00 1.74625924e-01
1.15575200e+04 8.23644860e-01 2.02765170e-01 4.14616018e+00 1.78032253e-01
1.15576200e+04 8.38640820e-01 2.06766527e-01 4.14618902e+00 1.81545548e-01
1.15577200e+04 8.54111820e-01 2.10894886e-01 4.14621786e+00 1.85170355e-01
1.15578200e+04 8.70078230e-01 2.15155692e-01 4.14624670e+00 1.88911454e-01
1.15579200e+04 8.86561430e-01 2.19554663e-01 4.14627554e+00 1.92773865e-01
1.15580200e+04 9.03583940e-01 2.24097818e-01 4.14630438e+00 1.96762873e-01
1.15581200e+04 9.21169460e-01 2.28791493e-01 4.14633322e+00 2.00884043e-01
1.15582200e+04 9.39342910e-01 2.33642351e-01 4.14636206e+00 2.05143224e-01
1.15583200e+04 9.58130510e-01 2.38657402e-01 4.14639090e+00 2.09546570e-01
1.15584200e+04 9.77559880e-01 2.43844031e-01 4.14641974e+00 2.14100566e-01
1.15585200e+04 9.97660090e-01 2.49210008e-01 4.14644859e+00 2.18812035e-01
1.15586200e+04 1.01846180e+00 2.54763531e-01 4.14647743e+00 2.23688174e-01
1.15587200e+04 1.03999710e+00 2.60513179e-01 4.14650627e+00 2.28736517e-01
1.15588200e+04 1.06230000e+00 2.66468045e-01 4.14653511e+00 2.33965047e-01
1.15589200e+04 1.08540630e+00 2.72637700e-01 4.14656395e+00 2.39382167e-01
1.15590200e+04 1.10935350e+00 2.79032169e-01 4.14659279e+00 2.44996680e-01
1.15591200e+04 1.13418130e+00 2.85662066e-01 4.14662163e+00 2.50817905e-01
1.15592200e+04 1.15993130e+00 2.92538514e-01 4.14665047e+00 2.56855609e-01
1.15593200e+04 1.18664740e+00 2.99673248e-01 4.14667931e+00 2.63120095e-01
1.15594200e+04 1.21437570e+00 3.07078593e-01 4.14670815e+00 2.69622185e-01
1.15595200e+04 1.24316480e+00 3.14767544e-01 4.14673699e+00 2.76373288e-01
1.15596200e+04 1.27306560e+00 3.22753706e-01 4.14676583e+00 2.83385353e-01
1.15597200e+04 1.30413160e+00 3.31051385e-01 4.14679467e+00 2.90670937e-01
1.15598200e+04 1.33641910e+00 3.39675632e-01 4.14682351e+00 2.98243256e-01
1.15599200e+04 1.36998700e+00 3.48642193e-01 4.14685235e+00 3.06116137e-01
1.15600200e+04 1.40489700e+00 3.57967565e-01 4.14688120e+00 3.14304064e-01
1.15601200e+04 1.44121350e+00 3.67668964e-01 4.14691004e+00 3.22822153e-01
1.15602200e+04 1.47900410e+00 3.77764463e-01 4.14693888e+00 3.31686273e-01
1.15603200e+04 1.51833890e+00 3.88272804e-01 4.14696772e+00 3.40912880e-01
1.15604200e+04 1.55929110e+00 3.99213557e-01 4.14699656e+00 3.50519156e-01
1.15605200e+04 1.60193650e+00 4.10606986e-01 4.14702540e+00 3.60522895e-01
1.15606200e+04 1.64635370e+00 4.22474105e-01 4.14705424e+00 3.70942548e-01
1.15607200e+04 1.69262370e+00 4.34836570e-01 4.14708308e+00 3.81797128e-01
1.15608200e+04 1.74082960e+00 4.47716598e-01 4.14711192e+00 3.93106143e-01
1.15609200e+04 1.79105660e+00 4.61136966e-01 4.14714076e+00 4.04889592e-01
1.15610200e+04 1.84339120e+00 4.75120801e-01 4.14716960e+00 4.17167780e-01
1.15611200e+04 1.89792080e+00 4.89691469e-01 4.14719844e+00 4.29961225e-01
1.15612200e+04 1.95473320e+00 5.04872442e-01 4.14722728e+00 4.43290536e-01
1.15613200e+04 2.01391510e+00 5.20686901e-01 4.14725612e+00 4.57176065e-01
1.15614200e+04 2.07555210e+00 5.37157731e-01 4.14728496e+00 4.71637906e-01
1.15615200e+04 2.13972640e+00 5.54306907e-01 4.14731381e+00 4.86695356e-01
1.15616200e+04 2.20651600e+00 5.72155283e-01 4.14734265e+00 5.02366723e-01
1.15617200e+04 2.27599260e+00 5.90722028e-01 4.14737149e+00 5.18668839e-01
1.15618200e+04 2.34821980e+00 6.10024145e-01 4.14740033e+00 5.35616633e-01
1.15619200e+04 2.42325080e+00 6.30075858e-01 4.14742917e+00 5.53222595e-01
1.15620200e+04 2.50112530e+00 6.50887780e-01 4.14745801e+00 5.71496042e-01
1.15621200e+04 2.58186730e+00 6.72466327e-01 4.14748685e+00 5.90442610e-01
1.15622200e+04 2.66548100e+00 6.94812623e-01 4.14751569e+00 6.10063284e-01
1.15623200e+04 2.75194760e+00 7.17921641e-01 4.14754453e+00 6.30353651e-01
1.15624200e+04 2.84122150e+00 7.41781190e-01 4.14757337e+00 6.51303007e-01
1.15625200e+04 2.93322590e+00 7.66370737e-01 4.14760221e+00 6.72893325e-01
1.15626200e+04 3.02784920e+00 7.91660448e-01 4.14763105e+00 6.95098408e-01
1.15627200e+04 3.12494020e+00 8.17609897e-01 4.14765989e+00 7.17882763e-01
1.15628200e+04 3.22430460e+00 8.44167139e-01 4.14768873e+00 7.41200780e-01
1.15629200e+04 3.32570140e+00 8.71267743e-01 4.14771757e+00 7.64995887e-01
1.15630200e+04 3.42884000e+00 8.98834016e-01 4.14774642e+00 7.89199869e-01
1.15631200e+04 3.53337820e+00 9.26774473e-01 4.14777526e+00 8.13732397e-01
1.15632200e+04 3.63892160e+00 9.54983669e-01 4.14780410e+00 8.38500891e-01
1.15633200e+04 3.74502420e+00 9.83342368e-01 4.14783294e+00 8.63400656e-01
1.15634200e+04 3.85119110e+00 1.01171826e+00 4.14786178e+00 8.88315519e-01
1.15635200e+04 3.95688270e+00 1.03996707e+00 4.14789062e+00 9.13118815e-01
1.15636200e+04 4.06152140e+00 1.06793440e+00 4.14791946e+00 9.37674958e-01
1.15637200e+04 4.16450070e+00 1.09545808e+00 4.14794830e+00 9.61841576e-01
1.15638200e+04 4.26519500e+00 1.12237088e+00 4.14797714e+00 9.85471818e-01
1.15639200e+04 4.36297300e+00 1.14850399e+00 4.14800598e+00 1.00841749e+00
1.15640200e+04 4.45721060e+00 1.17369059e+00 4.14803482e+00 1.03053209e+00
1.15641200e+04 4.54730250e+00 1.19776883e+00 4.14806366e+00 1.05167354e+00
1.15642200e+04 4.63267130e+00 1.22058435e+00 4.14809250e+00 1.07170628e+00
1.15643200e+04 4.71277980e+00 1.24199353e+00 4.14812134e+00 1.09050422e+00
1.15644200e+04 4.78715640e+00 1.26187029e+00 4.14815018e+00 1.10795666e+00
1.15645200e+04 4.85541210e+00 1.28011063e+00 4.14817903e+00 1.12397228e+00
1.15646200e+04 4.91724460e+00 1.29663372e+00 4.14820787e+00 1.13848011e+00
1.15647200e+04 4.97244300e+00 1.31138319e+00 4.14823671e+00 1.15143066e+00
1.15648200e+04 5.02089060e+00 1.32432784e+00 4.14826555e+00 1.16279652e+00
1.15649200e+04 5.06256250e+00 1.33546101e+00 4.14829439e+00 1.17257186e+00
1.15650200e+04 5.09752030e+00 1.34479916e+00 4.14832323e+00 1.18077112e+00
1.15651200e+04 5.12590580e+00 1.35238020e+00 4.14835207e+00 1.18742760e+00
1.15652200e+04 5.14793130e+00 1.35826091e+00 4.14838091e+00 1.19259113e+00
1.15653200e+04 5.16386930e+00 1.36251412e+00 4.14840975e+00 1.19632568e+00
1.15654200e+04 5.17404140e+00 1.36522582e+00 4.14843859e+00 1.19870673e+00
1.15655200e+04 5.17880650e+00 1.36649196e+00 4.14846743e+00 1.19981855e+00
1.15656200e+04 5.17854970e+00 1.36641549e+00 4.14849627e+00 1.19975152e+00
1.15657200e+04 5.17367210e+00 1.36510366e+00 4.14852511e+00 1.19859980e+00
1.15658200e+04 5.16458060e+00 1.36266523e+00 4.14855395e+00 1.19645891e+00
1.15659200e+04 5.15168090e+00 1.35920869e+00 4.14858279e+00 1.19342407e+00
1.15660200e+04 5.13536980e+00 1.35484011e+00 4.14861163e+00 1.18958844e+00
1.15661200e+04 5.11603020e+00 1.34966187e+00 4.14864048e+00 1.18504190e+00
1.15662200e+04 5.09402710e+00 1.34377153e+00 4.14866932e+00 1.17987013e+00
1.15663200e+04 5.06970470e+00 1.33726113e+00 4.14869816e+00 1.17415392e+00
1.15664200e+04 5.04338450e+00 1.33021662e+00 4.14872700e+00 1.16796874e+00
1.15665200e+04 5.01536450e+00 1.32271767e+00 4.14875584e+00 1.16138455e+00
1.15666200e+04 4.98591930e+00 1.31483769e+00 4.14878468e+00 1.15446580e+00
1.15667200e+04 4.95530010e+00 1.30664385e+00 4.14881352e+00 1.14727147e+00
1.15668200e+04 4.92373570e+00 1.29819730e+00 4.14884236e+00 1.13985526e+00
1.15669200e+04 4.89143390e+00 1.28955361e+00 4.14887120e+00 1.13226595e+00
1.15670200e+04 4.85858250e+00 1.28076299e+00 4.14890004e+00 1.12454763e+00
1.15671200e+04 4.82535110e+00 1.27187077e+00 4.14892888e+00 1.11674010e+00
1.15672200e+04 4.79189200e+00 1.26291768e+00 4.14895772e+00 1.10887912e+00
1.15673200e+04 4.75834230e+00 1.25394036e+00 4.14898656e+00 1.10099687e+00
1.15674200e+04 4.72482480e+00 1.24497165e+00 4.14901540e+00 1.09312218e+00
1.15675200e+04 4.69144970e+00 1.23604102e+00 4.14904424e+00 1.08528092e+00
1.15676200e+04 4.65831540e+00 1.22717476e+00 4.14907309e+00 1.07749617e+00
1.15677200e+04 4.62550960e+00 1.21839633e+00 4.14910193e+00 1.06978854e+00
1.15678200e+04 4.59311060e+00 1.20972665e+00 4.14913077e+00 1.06217640e+00
1.15679200e+04 4.56118790e+00 1.20118431e+00 4.14915961e+00 1.05467607e+00
1.15680200e+04 4.52980300e+00 1.19278576e+00 4.14918845e+00 1.04730198e+00
1.15681200e+04 4.49901010e+00 1.18454547e+00 4.14921729e+00 1.04006686e+00
1.15682200e+04 4.46885650e+00 1.17647610e+00 4.14924613e+00 1.03298180e+00
1.15683200e+04 4.43938340e+00 1.16858867e+00 4.14927497e+00 1.02605648e+00
1.15684200e+04 4.41062630e+00 1.16089265e+00 4.14930381e+00 1.01929924e+00
1.15685200e+04 4.38261510e+00 1.15339605e+00 4.14933265e+00 1.01271709e+00
1.15686200e+04 4.35537480e+00 1.14610556e+00 4.14936149e+00 1.00631590e+00
1.15687200e+04 4.32892560e+00 1.13902656e+00 4.14939033e+00 1.00010041e+00
1.15688200e+04 4.30328330e+00 1.13216328e+00 4.14941917e+00 9.94074338e-01
1.15689200e+04 4.27845970e+00 1.12551889e+00 4.14944801e+00 9.88240445e-01
1.15690200e+04 4.25446250e+00 1.11909543e+00 4.14947685e+00 9.82600541e-01
1.15691200e+04 4.23129590e+00 1.11289404e+00 4.14950570e+00 9.77155612e-01
1.15692200e+04 4.20896040e+00 1.10691484e+00 4.14953454e+00 9.71905775e-01
1.15693200e+04 4.18745360e+00 1.10115719e+00 4.14956338e+00 9.66850468e-01
1.15694200e+04 4.16677000e+00 1.09561962e+00 4.14959222e+00 9.61988400e-01
1.15695200e+04 4.14690110e+00 1.09029987e+00 4.14962106e+00 9.57317574e-01
1.15696200e+04 4.12783610e+00 1.08519503e+00 4.14964990e+00 9.52835456e-01
1.15697200e+04 4.10956160e+00 1.08030154e+00 4.14967874e+00 9.48538901e-01
1.15698200e+04 4.09206240e+00 1.07561532e+00 4.14970758e+00 9.44424340e-01
1.15699200e+04 4.07532080e+00 1.07113165e+00 4.14973642e+00 9.40487618e-01
1.15700200e+04 4.05931780e+00 1.06684544e+00 4.14976526e+00 9.36724276e-01
1.15701200e+04 4.04403270e+00 1.06275116e+00 4.14979410e+00 9.33129454e-01
1.15702200e+04 4.02944350e+00 1.05884293e+00 4.14982294e+00 9.29697989e-01
1.15703200e+04 4.01552710e+00 1.05511458e+00 4.14985178e+00 9.26424457e-01
1.15704200e+04 4.00225940e+00 1.05155965e+00 4.14988062e+00 9.23303201e-01
1.15705200e+04 3.98961590e+00 1.04817160e+00 4.14990946e+00 9.20328471e-01
1.15706200e+04 3.97757160e+00 1.04494375e+00 4.14993831e+00 9.17494397e-01
1.15707200e+04 3.96610100e+00 1.04186928e+00 4.14996715e+00 9.14794994e-01
1.15708200e+04 3.95517900e+00 1.03894147e+00 4.14999599e+00 9.12224370e-01
1.15709200e+04 3.94478060e+00 1.03615365e+00 4.15002483e+00 9.09776656e-01
1.15710200e+04 3.93488130e+00 1.03349927e+00 4.15005367e+00 9.07446102e-01
1.15711200e+04 3.92545720e+00 1.03097193e+00 4.15008251e+00 9.05227096e-01
1.15712200e+04 3.91648530e+00 1.02856548e+00 4.15011135e+00 9.03114240e-01
1.15713200e+04 3.90794380e+00 1.02627410e+00 4.15014019e+00 9.01102417e-01
1.15714200e+04 3.89981190e+00 1.02409223e+00 4.15016903e+00 8.99186744e-01
1.15715200e+04 3.89207060e+00 1.02201479e+00 4.15019787e+00 8.97362761e-01
1.15716200e+04 3.88470200e+00 1.02003698e+00 4.15022671e+00 8.95626265e-01
1.15717200e+04 3.87769020e+00 1.01815457e+00 4.15025555e+00 8.93973526e-01
1.15718200e+04 3.87102080e+00 1.01636370e+00 4.15028439e+00 8.92401161e-01
1.15719200e+04 3.86468160e+00 1.01466111e+00 4.15031323e+00 8.90906308e-01
1.15720200e+04 3.85866170e+00 1.01304388e+00 4.15034207e+00 8.89486408e-01
1.15721200e+04 3.85295260e+00 1.01150974e+00 4.15037092e+00 8.88139466e-01
1.15722200e+04 3.84754710e+00 1.01005677e+00 4.15039976e+00 8.86863791e-01
1.15723200e+04 3.84244020e+00 1.00868363e+00 4.15042860e+00 8.85658210e-01
1.15724200e+04 3.83762830e+00 1.00738936e+00 4.15045744e+00 8.84521878e-01
1.15725200e+04 3.83310950e+00 1.00617345e+00 4.15048628e+00 8.83454348e-01
1.15726200e+04 3.82888330e+00 1.00503577e+00 4.15051512e+00 8.82455504e-01
1.15727200e+04 3.82495030e+00 1.00397647e+00 4.15054396e+00 8.81525485e-01
1.15728200e+04 3.82131240e+00 1.00299607e+00 4.15057280e+00 8.80664740e-01
1.15729200e+04 3.81797220e+00 1.00209526e+00 4.15060164e+00 8.79873876e-01
1.15730200e+04 3.81493310e+00 1.00127495e+00 4.15063048e+00 8.79153694e-01
1.15731200e+04 3.81219900e+00 1.00053617e+00 4.15065932e+00 8.78505108e-01
1.15732200e+04 3.80977380e+00 9.99879988e-01 4.15068816e+00 8.77929033e-01
1.15733200e+04 3.80766170e+00 9.99307509e-01 4.15071700e+00 8.77426457e-01
1.15734200e+04 3.80586660e+00 9.98819780e-01 4.15074584e+00 8.76998293e-01
1.15735200e+04 3.80439190e+00 9.98417709e-01 4.15077468e+00 8.76645341e-01
1.15736200e+04 3.80324050e+00 9.98102073e-01 4.15080353e+00 8.76368281e-01
1.15737200e+04 3.80241470e+00 9.97873485e-01 4.15083237e+00 8.76167653e-01
1.15738200e+04 3.80191570e+00 9.97732268e-01 4.15086121e+00 8.76043739e-01
1.15739200e+04 3.80174360e+00 9.97678447e-01 4.15089005e+00 8.75996562e-01
1.15740200e+04 3.80189730e+00 9.97711729e-01 4.15091889e+00 8.76025865e-01
1.15741200e+04 3.80237460e+00 9.97831525e-01 4.15094773e+00 8.76131130e-01
1.15742200e+04 3.80317180e+00 9.98036847e-01 4.15097657e+00 8.76311489e-01
1.15743200e+04 3.80428380e+00 9.98326330e-01 4.15100541e+00 8.76565745e-01
1.15744200e+04 3.80570390e+00 9.98698184e-01 4.15103425e+00 8.76892325e-01
1.15745200e+04 3.80742410e+00 9.99150269e-01 4.15106309e+00 8.77289352e-01
1.15746200e+04 3.80943490e+00 9.99680046e-01 4.15109193e+00 8.77754595e-01
1.15747200e+04 3.81172540e+00 1.00028460e+00 4.15112077e+00 8.78285496e-01
1.15748200e+04 3.81428340e+00 1.00096067e+00 4.15114961e+00 8.78879190e-01
1.15749200e+04 3.81709520e+00 1.00170460e+00 4.15117845e+00 8.79532462e-01
1.15750200e+04 3.82014600e+00 1.00251242e+00 4.15120729e+00 8.80241838e-01
1.15751200e+04 3.82342010e+00 1.00337994e+00 4.15123614e+00 8.81003632e-01
1.15752200e+04 3.82690060e+00 1.00430264e+00 4.15126498e+00 8.81813877e-01
1.15753200e+04 3.83056980e+00 1.00527579e+00 4.15129382e+00 8.82668418e-01
1.15754200e+04 3.83440930e+00 1.00629447e+00 4.15132266e+00 8.83562936e-01
1.15755200e+04 3.83840030e+00 1.00735365e+00 4.15135150e+00 8.84493018e-01
1.15756200e+04 3.84252340e+00 1.00844815e+00 4.15138034e+00 8.85454109e-01
1.15757200e+04 3.84675910e+00 1.00957276e+00 4.15140918e+00 8.86441633e-01
1.15758200e+04 3.85108760e+00 1.01072217e+00 4.15143802e+00 8.87450940e-01
1.15759200e+04 3.85548930e+00 1.01189115e+00 4.15146686e+00 8.88477432e-01
1.15760200e+04 3.85994470e+00 1.01307449e+00 4.15149570e+00 8.89516529e-01
1.15761200e+04 3.86443450e+00 1.01426703e+00 4.15152454e+00 8.90563701e-01
1.15762200e+04 3.86894010e+00 1.01546379e+00 4.15155338e+00 8.91614583e-01
1.15763200e+04 3.87344310e+00 1.01665986e+00 4.15158222e+00 8.92664854e-01
1.15764200e+04 3.87792580e+00 1.01785050e+00 4.15161106e+00 8.93710361e-01
1.15765200e+04 3.88237120e+00 1.01903116e+00 4.15163990e+00 8.94747111e-01
1.15766200e+04 3.88676310e+00 1.02019753e+00 4.15166874e+00 8.95771303e-01
1.15767200e+04 3.89108580e+00 1.02134539e+00 4.15169759e+00 8.96779251e-01
1.15768200e+04 3.89532470e+00 1.02247085e+00 4.15172643e+00 8.97767528e-01
1.15769200e+04 3.89946580e+00 1.02357016e+00 4.15175527e+00 8.98732847e-01
1.15770200e+04 3.90349620e+00 1.02463988e+00 4.15178411e+00 8.99672181e-01
1.15771200e+04 3.90740340e+00 1.02567666e+00 4.15181295e+00 9.00582593e-01
1.15772200e+04 3.91117620e+00 1.02667751e+00 4.15184179e+00 9.01461457e-01
1.15773200e+04 3.91480380e+00 1.02763953e+00 4.15187063e+00 9.02306236e-01
1.15774200e+04 3.91827630e+00 1.02856010e+00 4.15189947e+00 9.03114607e-01
1.15775200e+04 3.92158450e+00 1.02943673e+00 4.15192831e+00 9.03884409e-01
1.15776200e+04 3.92471990e+00 1.03026717e+00 4.15195715e+00 9.04613648e-01
1.15777200e+04 3.92767460e+00 1.03104930e+00 4.15198599e+00 9.05300469e-01
1.15778200e+04 3.93044160e+00 1.03178125e+00 4.15201483e+00 9.05943229e-01
1.15779200e+04 3.93301410e+00 1.03246120e+00 4.15204367e+00 9.06540331e-01
1.15780200e+04 3.93538630e+00 1.03308759e+00 4.15207251e+00 9.07090415e-01
1.15781200e+04 3.93755270e+00 1.03365897e+00 4.15210135e+00 9.07592188e-01
1.15782200e+04 3.93950840e+00 1.03417402e+00 4.15213020e+00 9.08044501e-01
1.15783200e+04 3.94124920e+00 1.03463161e+00 4.15215904e+00 9.08446367e-01
1.15784200e+04 3.94277130e+00 1.03503073e+00 4.15218788e+00 9.08796896e-01
1.15785200e+04 3.94407180e+00 1.03537061e+00 4.15221672e+00 9.09095405e-01
1.15786200e+04 3.94514790e+00 1.03565050e+00 4.15224556e+00 9.09341238e-01
1.15787200e+04 3.94599770e+00 1.03586988e+00 4.15227440e+00 9.09533948e-01
1.15788200e+04 3.94662010e+00 1.03602847e+00 4.15230324e+00 9.09673278e-01
1.15789200e+04 3.94701440e+00 1.03612608e+00 4.15233208e+00 9.09759063e-01
1.15790200e+04 3.94718060e+00 1.03616270e+00 4.15236092e+00 9.09791303e-01
1.15791200e+04 3.94711960e+00 1.03613858e+00 4.15238976e+00 9.09770209e-01
1.15792200e+04 3.94683280e+00 1.03605410e+00 4.15241860e+00 9.09696110e-01
1.15793200e+04 3.94632260e+00 1.03590988e+00 4.15244744e+00 9.09569569e-01
1.15794200e+04 3.94559210e+00 1.03570677e+00 4.15247628e+00 9.09391314e-01
1.15795200e+04 3.94464520e+00 1.03544581e+00 4.15250512e+00 9.09162261e-01
1.15796200e+04 3.94348660e+00 1.03512825e+00 4.15253396e+00 9.08883512e-01
1.15797200e+04 3.94212180e+00 1.03475556e+00 4.15256281e+00 9.08556359e-01
1.15798200e+04 3.94055730e+00 1.03432948e+00 4.15259165e+00 9.08182328e-01
1.15799200e+04 3.93880030e+00 1.03385194e+00 4.15262049e+00 9.07763109e-01
1.15800200e+04 3.93685870e+00 1.03332504e+00 4.15264933e+00 9.07300556e-01
1.15801200e+04 3.93474150e+00 1.03275120e+00 4.15267817e+00 9.06796781e-01
1.15802200e+04 3.93245810e+00 1.03213292e+00 4.15270701e+00 9.06253992e-01
1.15803200e+04 3.93001880e+00 1.03147297e+00 4.15273585e+00 9.05674607e-01
1.15804200e+04 3.92743470e+00 1.03077430e+00 4.15276469e+00 9.05061230e-01
1.15805200e+04 3.92471720e+00 1.03003997e+00 4.15279353e+00 9.04416539e-01
1.15806200e+04 3.92187870e+00 1.02927328e+00 4.15282237e+00 9.03743443e-01
1.15807200e+04 3.91893160e+00 1.02847757e+00 4.15285121e+00 9.03044854e-01
1.15808200e+04 3.91588930e+00 1.02765640e+00 4.15288005e+00 9.02323918e-01
1.15809200e+04 3.91276500e+00 1.02681331e+00 4.15290889e+00 9.01583732e-01
1.15810200e+04 3.90957260e+00 1.02595201e+00 4.15293773e+00 9.00827560e-01
1.15811200e+04 3.90632610e+00 1.02507625e+00 4.15296657e+00 9.00058688e-01
1.15812200e+04 3.90303950e+00 1.02418977e+00 4.15299542e+00 8.99280403e-01
1.15813200e+04 3.89972710e+00 1.02329639e+00 4.15302426e+00 8.98496061e-01
1.15814200e+04 3.89640300e+00 1.02239988e+00 4.15305310e+00 8.97708973e-01
1.15815200e+04 3.89308130e+00 1.02150402e+00 4.15308194e+00 8.96922448e-01
1.15816200e+04 3.88977580e+00 1.02061248e+00 4.15311078e+00 8.96139725e-01
1.15817200e+04 3.88650030e+00 1.01972897e+00 4.15313962e+00 8.95364045e-01
1.15818200e+04 3.88326790e+00 1.01885698e+00 4.15316846e+00 8.94598482e-01
1.15819200e+04 3.88009190e+00 1.01800006e+00 4.15319730e+00 8.93846159e-01
1.15820200e+04 3.87698460e+00 1.01716152e+00 4.15322614e+00 8.93109962e-01
1.15821200e+04 3.87395830e+00 1.01634463e+00 4.15325498e+00 8.92392780e-01
1.15822200e+04 3.87102460e+00 1.01555249e+00 4.15328382e+00 8.91697334e-01
1.15823200e+04 3.86819450e+00 1.01478806e+00 4.15331266e+00 8.91026208e-01
1.15824200e+04 3.86547840e+00 1.01405410e+00 4.15334150e+00 8.90381843e-01
1.15825200e+04 3.86288640e+00 1.01335332e+00 4.15337034e+00 8.89766610e-01
1.15826200e+04 3.86042760e+00 1.01268815e+00 4.15339918e+00 8.89182644e-01
1.15827200e+04 3.85811070e+00 1.01206092e+00 4.15342803e+00 8.88631988e-01
1.15828200e+04 3.85594360e+00 1.01147373e+00 4.15345687e+00 8.88116497e-01
1.15829200e+04 3.85393380e+00 1.01092860e+00 4.15348571e+00 8.87637931e-01
1.15830200e+04 3.85208790e+00 1.01042729e+00 4.15351455e+00 8.87197840e-01
1.15831200e+04 3.85041190e+00 1.00997140e+00 4.15354339e+00 8.86797632e-01
1.15832200e+04 3.84891130e+00 1.00956241e+00 4.15357223e+00 8.86438598e-01
1.15833200e+04 3.84759070e+00 1.00920154e+00 4.15360107e+00 8.86121817e-01
1.15834200e+04 3.84645440e+00 1.00888994e+00 4.15362991e+00 8.85848300e-01
1.15835200e+04 3.84550590e+00 1.00862855e+00 4.15365875e+00 8.85618869e-01
1.15836200e+04 3.84474810e+00 1.00841814e+00 4.15368759e+00 8.85434202e-01
1.15837200e+04 3.84418340e+00 1.00825936e+00 4.15371643e+00 8.85294865e-01
1.15838200e+04 3.84381380e+00 1.00815273e+00 4.15374527e+00 8.85201327e-01
1.15839200e+04 3.84364050e+00 1.00809859e+00 4.15377411e+00 8.85153869e-01
1.15840200e+04 3.84366450e+00 1.00809720e+00 4.15380295e+00 8.85152726e-01
1.15841200e+04 3.84388610e+00 1.00814863e+00 4.15383179e+00 8.85197969e-01
1.15842200e+04 3.84430540e+00 1.00825292e+00 4.15386064e+00 8.85289620e-01
1.15843200e+04 3.84492190e+00 1.00840994e+00 4.15388948e+00 8.85427563e-01
1.15844200e+04 3.84573490e+00 1.00861948e+00 4.15391832e+00 8.85611634e-01
1.15845200e+04 3.84674330e+00 1.00888127e+00 4.15394716e+00 8.85841574e-01
1.15846200e+04 3.84794580e+00 1.00919495e+00 4.15397600e+00 8.86117078e-01
1.15847200e+04 3.84934060e+00 1.00956004e+00 4.15400484e+00 8.86437723e-01
1.15848200e+04 3.85092590e+00 1.00997606e+00 4.15403368e+00 8.86803087e-01
1.15849200e+04 3.85269970e+00 1.01044247e+00 4.15406252e+00 8.87212701e-01
1.15850200e+04 3.85465970e+00 1.01095867e+00 4.15409136e+00 8.87666024e-01
1.15851200e+04 3.85680350e+00 1.01152400e+00 4.15412020e+00 8.88162494e-01
1.15852200e+04 3.85912860e+00 1.01213781e+00 4.15414904e+00 8.88701522e-01
1.15853200e+04 3.86163260e+00 1.01279944e+00 4.15417788e+00 8.89282547e-01
1.15854200e+04 3.86431270e+00 1.01350815e+00 4.15420672e+00 8.89904911e-01
1.15855200e+04 3.86716640e+00 1.01426328e+00 4.15423556e+00 8.90568026e-01
1.15856200e+04 3.87019100e+00 1.01506410e+00 4.15426440e+00 8.91271259e-01
1.15857200e+04 3.87338380e+00 1.01590988e+00 4.15429325e+00 8.92013977e-01
1.15858200e+04 3.87674240e+00 1.01679999e+00 4.15432209e+00 8.92795615e-01
1.15859200e+04 3.88026410e+00 1.01773371e+00 4.15435093e+00 8.93615541e-01
1.15860200e+04 3.88394650e+00 1.01871039e+00 4.15437977e+00 8.94473190e-01
1.15861200e+04 3.88778730e+00 1.01972942e+00 4.15440861e+00 8.95368023e-01
1.15862200e+04 3.89178410e+00 1.02079015e+00 4.15443745e+00 8.96299476e-01
1.15863200e+04 3.89593500e+00 1.02189208e+00 4.15446629e+00 8.97267104e-01
1.15864200e+04 3.90023780e+00 1.02303462e+00 4.15449513e+00 8.98270389e-01
1.15865200e+04 3.90469070e+00 1.02421730e+00 4.15452397e+00 8.99308910e-01
1.15866200e+04 3.90929210e+00 1.02543967e+00 4.15455281e+00 9.00382291e-01
1.15867200e+04 3.91404020e+00 1.02670126e+00 4.15458165e+00 9.01490109e-01
1.15868200e+04 3.91893360e+00 1.02800170e+00 4.15461049e+00 9.02632036e-01
1.15869200e+04 3.92397120e+00 1.02934070e+00 4.15463933e+00 9.03807814e-01
1.15870200e+04 3.92915160e+00 1.03071786e+00 4.15466817e+00 9.05017113e-01
1.15871200e+04 3.93447380e+00 1.03213294e+00 4.15469701e+00 9.06259699e-01
1.15872200e+04 3.93993690e+00 1.03358569e+00 4.15472586e+00 9.07535362e-01
1.15873200e+04 3.94553990e+00 1.03507584e+00 4.15475470e+00 9.08843865e-01
1.15874200e+04 3.95128220e+00 1.03660324e+00 4.15478354e+00 9.10185068e-01
1.15875200e+04 3.95716280e+00 1.03816760e+00 4.15481238e+00 9.11558737e-01
1.15876200e+04 3.96318100e+00 1.03976876e+00 4.15484122e+00 9.12964708e-01
1.15877200e+04 3.96933600e+00 1.04140649e+00 4.15487006e+00 9.14402792e-01
1.15878200e+04 3.97562680e+00 1.04308052e+00 4.15489890e+00 9.15872754e-01
1.15879200e+04 3.98205240e+00 1.04479059e+00 4.15492774e+00 9.17374360e-01
1.15880200e+04 3.98861170e+00 1.04653641e+00 4.15495658e+00 9.18907352e-01
1.15881200e+04 3.99530310e+00 1.04831755e+00 4.15498542e+00 9.20471355e-01
1.15882200e+04 4.00212510e+00 1.05013360e+00 4.15501426e+00 9.22066015e-01
1.15883200e+04 4.00907570e+00 1.05198403e+00 4.15504310e+00 9.23690864e-01
1.15884200e+04 4.01615260e+00 1.05386823e+00 4.15507194e+00 9.25345361e-01
1.15885200e+04 4.02335290e+00 1.05578542e+00 4.15510078e+00 9.27028827e-01
1.15886200e+04 4.03067360e+00 1.05773479e+00 4.15512962e+00 9.28740556e-01
1.15887200e+04 4.03811090e+00 1.05971534e+00 4.15515846e+00 9.30479657e-01
1.15888200e+04 4.04566070e+00 1.06172597e+00 4.15518731e+00 9.32245167e-01
1.15889200e+04 4.05331810e+00 1.06376537e+00 4.15521615e+00 9.34035936e-01
1.15890200e+04 4.06107780e+00 1.06583211e+00 4.15524499e+00 9.35850720e-01
1.15891200e+04 4.06893370e+00 1.06792457e+00 4.15527383e+00 9.37688086e-01
1.15892200e+04 4.07687920e+00 1.07004099e+00 4.15530267e+00 9.39546486e-01
1.15893200e+04 4.08490680e+00 1.07217936e+00 4.15533151e+00 9.41424160e-01
1.15894200e+04 4.09300850e+00 1.07433754e+00 4.15536035e+00 9.43319228e-01
1.15895200e+04 4.10117550e+00 1.07651317e+00 4.15538919e+00 9.45229625e-01
1.15896200e+04 4.10939850e+00 1.07870378e+00 4.15541803e+00 9.47153169e-01
1.15897200e+04 4.11766730e+00 1.08090663e+00 4.15544687e+00 9.49087464e-01
1.15898200e+04 4.12597110e+00 1.08311884e+00 4.15547571e+00 9.51029975e-01
1.15899200e+04 4.13429840e+00 1.08533733e+00 4.15550455e+00 9.52978004e-01
1.15900200e+04 4.14263730e+00 1.08755893e+00 4.15553339e+00 9.54928756e-01
1.15901200e+04 4.15097510e+00 1.08978023e+00 4.15556223e+00 9.56879250e-01
1.15902200e+04 4.15929870e+00 1.09199773e+00 4.15559107e+00 9.58826411e-01
1.15903200e+04 4.16759450e+00 1.09420780e+00 4.15561992e+00 9.60767047e-01
1.15904200e+04 4.17584850e+00 1.09640670e+00 4.15564876e+00 9.62697870e-01
1.15905200e+04 4.18404640e+00 1.09859059e+00 4.15567760e+00 9.64615525e-01
1.15906200e+04 4.19217350e+00 1.10075556e+00 4.15570644e+00 9.66516560e-01
1.15907200e+04 4.20021510e+00 1.10289767e+00 4.15573528e+00 9.68397524e-01
1.15908200e+04 4.20815630e+00 1.10501294e+00 4.15576412e+00 9.70254920e-01
1.15909200e+04 4.21598220e+00 1.10709738e+00 4.15579296e+00 9.72085251e-01
1.15910200e+04 4.22367790e+00 1.10914702e+00 4.15582180e+00 9.73885017e-01
1.15911200e+04 4.23122900e+00 1.11115799e+00 4.15585064e+00 9.75650840e-01
1.15912200e+04 4.23862090e+00 1.11312641e+00 4.15587948e+00 9.77379292e-01
1.15913200e+04 4.24583970e+00 1.11504854e+00 4.15590832e+00 9.79067109e-01
1.15914200e+04 4.25287180e+00 1.11692076e+00 4.15593716e+00 9.80711100e-01
1.15915200e+04 4.25970420e+00 1.11873959e+00 4.15596600e+00 9.82308211e-01
1.15916200e+04 4.26632450e+00 1.12050172e+00 4.15599484e+00 9.83855534e-01
1.15917200e+04 4.27272110e+00 1.12220404e+00 4.15602368e+00 9.85350344e-01
1.15918200e+04 4.27888320e+00 1.12384366e+00 4.15605253e+00 9.86790107e-01
1.15919200e+04 4.28480060e+00 1.12541787e+00 4.15608137e+00 9.88172427e-01
1.15920200e+04 4.29046430e+00 1.12692425e+00 4.15611021e+00 9.89495192e-01
1.15921200e+04 4.29586620e+00 1.12836064e+00 4.15613905e+00 9.90756501e-01
1.15922200e+04 4.30099930e+00 1.12972516e+00 4.15616789e+00 9.91954710e-01
1.15923200e+04 4.30585740e+00 1.13101616e+00 4.15619673e+00 9.93088365e-01
1.15924200e+04 4.31043560e+00 1.13223233e+00 4.15622557e+00 9.94156314e-01
1.15925200e+04 4.31473010e+00 1.13337266e+00 4.15625441e+00 9.95157665e-01
1.15926200e+04 4.31873810e+00 1.13443639e+00 4.15628325e+00 9.96091762e-01
1.15927200e+04 4.32245790e+00 1.13542306e+00 4.15631209e+00 9.96958206e-01
1.15928200e+04 4.32588900e+00 1.13633256e+00 4.15634093e+00 9.97756878e-01
1.15929200e+04 4.32903180e+00 1.13716497e+00 4.15636977e+00 9.98487872e-01
1.15930200e+04 4.33188780e+00 1.13792072e+00 4.15639861e+00 9.99151542e-01
1.15931200e+04 4.33445960e+00 1.13860048e+00 4.15642745e+00 9.99748497e-01
1.15932200e+04 4.33675050e+00 1.13920514e+00 4.15645629e+00 1.00027951e+00
1.15933200e+04 4.33876490e+00 1.13973588e+00 4.15648514e+00 1.00074562e+00
1.15934200e+04 4.34050790e+00 1.14019406e+00 4.15651398e+00 1.00114802e+00
1.15935200e+04 4.34198550e+00 1.14058128e+00 4.15654282e+00 1.00148811e+00
1.15936200e+04 4.34320410e+00 1.14089927e+00 4.15657166e+00 1.00176741e+00
1.15937200e+04 4.34417110e+00 1.14114998e+00 4.15660050e+00 1.00198764e+00
1.15938200e+04 4.34489420e+00 1.14133550e+00 4.15662934e+00 1.00215062e+00
1.15939200e+04 4.34538180e+00 1.14145805e+00 4.15665818e+00 1.00225832e+00
1.15940200e+04 4.34563940e+00 1.14151910e+00 4.15668702e+00 1.00231202e+00
1.15941200e+04 4.34564550e+00 1.14151293e+00 4.15671586e+00 1.00230669e+00
1.15942200e+04 4.34538060e+00 1.14143430e+00 4.15674470e+00 1.00223774e+00
1.15943200e+04 4.34488260e+00 1.14129335e+00 4.15677354e+00 1.00211407e+00
1.15944200e+04 4.34424510e+00 1.14111510e+00 4.15680238e+00 1.00195765e+00
1.15945200e+04 4.34352080e+00 1.14091365e+00 4.15683122e+00 1.00178085e+00
1.15946200e+04 4.34266920e+00 1.14067816e+00 4.15686006e+00 1.00157418e+00
1.15947200e+04 4.34164140e+00 1.14039557e+00 4.15688890e+00 1.00132614e+00
1.15952200e+04 4.33434410e+00 1.13840559e+00 4.15703311e+00 9.99579288e-01
1.15957200e+04 4.32444650e+00 1.13572042e+00 4.15717731e+00 9.97222022e-01
1.15962200e+04 4.31297950e+00 1.13261567e+00 4.15732151e+00 9.94496342e-01
1.15967200e+04 4.30081050e+00 1.12932324e+00 4.15746572e+00 9.91605867e-01
1.15972200e+04 4.28863800e+00 1.12602988e+00 4.15760992e+00 9.88714568e-01
1.15977200e+04 4.27699300e+00 1.12287754e+00 4.15775412e+00 9.85947095e-01
1.15982200e+04 4.26623870e+00 1.11996333e+00 4.15789833e+00 9.83388710e-01
1.15987200e+04 4.25656860e+00 1.11733898e+00 4.15804253e+00 9.81084836e-01
1.15992200e+04 4.24801090e+00 1.11501204e+00 4.15818673e+00 9.79042093e-01
1.15997200e+04 4.24044770e+00 1.11295097e+00 4.15833094e+00 9.77232805e-01
1.16002200e+04 4.23365020e+00 1.11109461e+00 4.15847514e+00 9.75603262e-01
1.16007200e+04 4.22732810e+00 1.10936535e+00 4.15861934e+00 9.74085317e-01
1.16012200e+04 4.22118300e+00 1.10768341e+00 4.15876355e+00 9.72608922e-01
1.16017200e+04 4.21496270e+00 1.10598136e+00 4.15890775e+00 9.71114871e-01
1.16022200e+04 4.20850720e+00 1.10421643e+00 4.15905195e+00 9.69565607e-01
1.16027200e+04 4.20178370e+00 1.10237986e+00 4.15919616e+00 9.67953428e-01
1.16032200e+04 4.19490430e+00 1.10050160e+00 4.15934036e+00 9.66304651e-01
1.16037200e+04 4.18812170e+00 1.09864923e+00 4.15948456e+00 9.64678595e-01
1.16042200e+04 4.18180170e+00 1.09692053e+00 4.15962877e+00 9.63161134e-01
1.16047200e+04 4.17637750e+00 1.09543132e+00 4.15977297e+00 9.61853959e-01
1.16052200e+04 4.17229530e+00 1.09430090e+00 4.15991717e+00 9.60861816e-01
1.16057200e+04 4.16996430e+00 1.09363865e+00 4.16006138e+00 9.60280765e-01
1.16062200e+04 4.16972230e+00 1.09353491e+00 4.16020558e+00 9.60190105e-01
1.16067200e+04 4.17181960e+00 1.09405657e+00 4.16034978e+00 9.60648594e-01
1.16072200e+04 4.17642150e+00 1.09524784e+00 4.16049399e+00 9.61695038e-01
1.16077200e+04 4.18361970e+00 1.09713323e+00 4.16063819e+00 9.63350963e-01
1.16082200e+04 4.19344510e+00 1.09972100e+00 4.16078239e+00 9.65623625e-01
1.16087200e+04 4.20587570e+00 1.10300527e+00 4.16092660e+00 9.68507859e-01
1.16092200e+04 4.22083760e+00 1.10696628e+00 4.16107080e+00 9.71986318e-01
1.16097200e+04 4.23820320e+00 1.11156992e+00 4.16121500e+00 9.76029049e-01
1.16102200e+04 4.25779000e+00 1.11676740e+00 4.16135921e+00 9.80593211e-01
1.16107200e+04 4.27936400e+00 1.12249615e+00 4.16150341e+00 9.85623873e-01
1.16112200e+04 4.30264600e+00 1.12868154e+00 4.16164761e+00 9.91055494e-01
1.16117200e+04 4.32731920e+00 1.13523887e+00 4.16179182e+00 9.96813704e-01
1.16122200e+04 4.35303160e+00 1.14207402e+00 4.16193602e+00 1.00281587e+00
1.16127200e+04 4.37939430e+00 1.14908303e+00 4.16208022e+00 1.00897070e+00
1.16132200e+04 4.40597680e+00 1.15615081e+00 4.16222443e+00 1.01517714e+00
1.16137200e+04 4.43230650e+00 1.16315100e+00 4.16236863e+00 1.02132424e+00
1.16142200e+04 4.45787630e+00 1.16994803e+00 4.16251283e+00 1.02729295e+00
1.16147200e+04 4.48216370e+00 1.17640222e+00 4.16265704e+00 1.03296063e+00
1.16152200e+04 4.50465840e+00 1.18237712e+00 4.16280124e+00 1.03820747e+00
1.16157200e+04 4.52489350e+00 1.18774792e+00 4.16294544e+00 1.04292387e+00
1.16162200e+04 4.54247510e+00 1.19240931e+00 4.16308965e+00 1.04701737e+00
1.16167200e+04 4.55710630e+00 1.19628191e+00 4.16323385e+00 1.05041825e+00
1.16172200e+04 4.56860310e+00 1.19931653e+00 4.16337805e+00 1.05308334e+00
1.16177200e+04 4.57690040e+00 1.20149576e+00 4.16352226e+00 1.05499733e+00
1.16182200e+04 4.58204940e+00 1.20283329e+00 4.16366646e+00 1.05617226e+00
1.16187200e+04 4.58420400e+00 1.20337028e+00 4.16381066e+00 1.05664425e+00
1.16192200e+04 4.58360040e+00 1.20316986e+00 4.16395487e+00 1.05646875e+00
1.16197200e+04 4.58053020e+00 1.20230999e+00 4.16409907e+00 1.05571421e+00
1.16202200e+04 4.57531320e+00 1.20087618e+00 4.16424327e+00 1.05445570e+00
1.16207200e+04 4.56827220e+00 1.19895472e+00 4.16438748e+00 1.05276900e+00
1.16212200e+04 4.55971370e+00 1.19662756e+00 4.16453168e+00 1.05072606e+00
1.16217200e+04 4.54991570e+00 1.19396901e+00 4.16467588e+00 1.04839214e+00
1.16222200e+04 4.53912240e+00 1.19104438e+00 4.16482009e+00 1.04582457e+00
1.16227200e+04 4.52754430e+00 1.18790993e+00 4.16496429e+00 1.04307277e+00
1.16232200e+04 4.51536170e+00 1.18461386e+00 4.16510849e+00 1.04017905e+00
1.16237200e+04 4.50273040e+00 1.18119784e+00 4.16525270e+00 1.03718000e+00
1.16242200e+04 4.48977920e+00 1.17769629e+00 4.16539690e+00 1.03410585e+00
1.16247200e+04 4.47662430e+00 1.17414028e+00 4.16554110e+00 1.03098387e+00
1.16257200e+04 4.45032280e+00 1.16703048e+00 4.16582951e+00 1.02474187e+00
1.16267200e+04 4.42448610e+00 1.16004494e+00 4.16611792e+00 1.01860896e+00
1.16277200e+04 4.39973090e+00 1.15334855e+00 4.16640632e+00 1.01272993e+00
1.16287200e+04 4.37645110e+00 1.14704660e+00 4.16669473e+00 1.00719724e+00
1.16297200e+04 4.35480300e+00 1.14118089e+00 4.16698314e+00 1.00204760e+00
1.16307200e+04 4.33475520e+00 1.13574301e+00 4.16727154e+00 9.97273620e-01
1.16317200e+04 4.31618480e+00 1.13070012e+00 4.16755995e+00 9.92846460e-01
1.16327200e+04 4.29895990e+00 1.12601695e+00 4.16784836e+00 9.88735155e-01
1.16337200e+04 4.28295390e+00 1.12165965e+00 4.16813676e+00 9.84909986e-01
1.16347200e+04 4.26800380e+00 1.11758465e+00 4.16842517e+00 9.81332688e-01
1.16357200e+04 4.25387090e+00 1.11372812e+00 4.16871358e+00 9.77947226e-01
1.16367200e+04 4.24025770e+00 1.11001054e+00 4.16900198e+00 9.74683760e-01
1.16377200e+04 4.22689010e+00 1.10635861e+00 4.16929039e+00 9.71477945e-01
1.16387200e+04 4.21362920e+00 1.10273522e+00 4.16957880e+00 9.68297172e-01
1.16397200e+04 4.20055740e+00 1.09916238e+00 4.16986720e+00 9.65160785e-01
1.16407200e+04 4.18799590e+00 1.09572596e+00 4.17015561e+00 9.62144190e-01
1.16417200e+04 4.17644810e+00 1.09256056e+00 4.17044402e+00 9.59365562e-01
1.16427200e+04 4.16650380e+00 1.08982386e+00 4.17073242e+00 9.56963362e-01
1.16437200e+04 4.15874310e+00 1.08767094e+00 4.17102083e+00 9.55073774e-01
1.16447200e+04 4.15366430e+00 1.08623502e+00 4.17130923e+00 9.53813779e-01
1.16457200e+04 4.15163720e+00 1.08561498e+00 4.17159764e+00 9.53270192e-01
1.16467200e+04 4.15287710e+00 1.08586837e+00 4.17188605e+00 9.53493558e-01
1.16477200e+04 4.15743540e+00 1.08700893e+00 4.17217445e+00 9.54495947e-01
1.16487200e+04 4.16520330e+00 1.08900758e+00 4.17246286e+00 9.56251818e-01
1.16497200e+04 4.17592590e+00 1.09179617e+00 4.17275127e+00 9.58701334e-01
1.16507200e+04 4.18922260e+00 1.09527294e+00 4.17303967e+00 9.61755147e-01
1.16517200e+04 4.20461420e+00 1.09930978e+00 4.17332808e+00 9.65300762e-01
1.16527200e+04 4.22155370e+00 1.10376046e+00 4.17361649e+00 9.69209768e-01
1.16537200e+04 4.23945600e+00 1.10846853e+00 4.17390489e+00 9.73344807e-01
1.16547200e+04 4.25772110e+00 1.11327361e+00 4.17419330e+00 9.77565025e-01
1.16557200e+04 4.27574850e+00 1.11801513e+00 4.17448171e+00 9.81729447e-01
1.16567200e+04 4.29295020e+00 1.12253590e+00 4.17477011e+00 9.85700036e-01
1.16577200e+04 4.30876760e+00 1.12668658e+00 4.17505852e+00 9.89345654e-01
1.16587200e+04 4.32269770e+00 1.13033270e+00 4.17534693e+00 9.92548214e-01
1.16597200e+04 4.33432990e+00 1.13336446e+00 4.17563533e+00 9.95211324e-01
1.16607200e+04 4.34338810e+00 1.13570807e+00 4.17592374e+00 9.97270163e-01
1.16617200e+04 4.34976790e+00 1.13733561e+00 4.17621215e+00 9.98700222e-01
1.16627200e+04 4.35355680e+00 1.13827048e+00 4.17650055e+00 9.99522040e-01
1.16637200e+04 4.35502450e+00 1.13858477e+00 4.17678896e+00 9.99798931e-01
1.16647200e+04 4.35457990e+00 1.13838781e+00 4.17707737e+00 9.99626887e-01
1.16657200e+04 4.35270450e+00 1.13780832e+00 4.17736577e+00 9.99118945e-01
1.16667200e+04 4.34988000e+00 1.13697509e+00 4.17765418e+00 9.98388189e-01
1.16677200e+04 4.34652880e+00 1.13600105e+00 4.17794259e+00 9.97533783e-01
1.16687200e+04 4.34298070e+00 1.13497437e+00 4.17823099e+00 9.96633150e-01
1.16697200e+04 4.33946400e+00 1.13395608e+00 4.17851940e+00 9.95739887e-01
1.16707200e+04 4.33611530e+00 1.13298271e+00 4.17880781e+00 9.94886063e-01
1.16717200e+04 4.33299750e+00 1.13207107e+00 4.17909621e+00 9.94086444e-01
1.16727200e+04 4.33012160e+00 1.13122410e+00 4.17938462e+00 9.93343613e-01
1.16737200e+04 4.32746690e+00 1.13043627e+00 4.17967303e+00 9.92652711e-01
1.16747200e+04 4.32500050e+00 1.12969878e+00 4.17996143e+00 9.92006013e-01
1.16757200e+04 4.32269520e+00 1.12900436e+00 4.18024984e+00 9.91397134e-01
1.16767200e+04 4.32054540e+00 1.12835151e+00 4.18053825e+00 9.90824760e-01
1.16777200e+04 4.31857720e+00 1.12774722e+00 4.18082665e+00 9.90295019e-01
1.16787200e+04 4.31684780e+00 1.12720676e+00 4.18111506e+00 9.89821338e-01
1.16797200e+04 4.31543340e+00 1.12675052e+00 4.18140347e+00 9.89421608e-01
1.16807200e+04 4.31440760e+00 1.12639818e+00 4.18169187e+00 9.89113106e-01
1.16817200e+04 4.31381440e+00 1.12616149e+00 4.18198028e+00 9.88906164e-01
1.16827200e+04 4.31364530e+00 1.12603818e+00 4.18226869e+00 9.88798785e-01
1.16837200e+04 4.31382280e+00 1.12600754e+00 4.18255709e+00 9.88772776e-01
1.16847200e+04 4.31419620e+00 1.12602927e+00 4.18284550e+00 9.88792758e-01
1.16857200e+04 4.31454650e+00 1.12604482e+00 4.18313391e+00 9.88807316e-01
1.16867200e+04 4.31460220e+00 1.12598162e+00 4.18342231e+00 9.88752713e-01
1.16877200e+04 4.31406080e+00 1.12575878e+00 4.18371072e+00 9.88557930e-01
1.16887200e+04 4.31261530e+00 1.12529422e+00 4.18399913e+00 9.88150893e-01
1.16897200e+04 4.30998220e+00 1.12451217e+00 4.18428753e+00 9.87465047e-01
1.16907200e+04 4.30592630e+00 1.12334972e+00 4.18457594e+00 9.86445172e-01
1.16917200e+04 4.30028160e+00 1.12176252e+00 4.18486435e+00 9.85052297e-01
1.16927200e+04 4.29296290e+00 1.11972777e+00 4.18515275e+00 9.83266417e-01
1.16937200e+04 4.28396920e+00 1.11724520e+00 4.18544116e+00 9.81087298e-01
1.16947200e+04 4.27338020e+00 1.11433614e+00 4.18572957e+00 9.78533649e-01
1.16957200e+04 4.26134770e+00 1.11104115e+00 4.18601797e+00 9.75641107e-01
1.16967200e+04 4.24808490e+00 1.10741725e+00 4.18630638e+00 9.72459724e-01
1.16977200e+04 4.23385700e+00 1.10353532e+00 4.18659479e+00 9.69051760e-01
1.16987200e+04 4.21896950e+00 1.09947706e+00 4.18688319e+00 9.65488936e-01
1.16997200e+04 4.20375780e+00 1.09533211e+00 4.18717160e+00 9.61849993e-01
1.17007200e+04 4.18857530e+00 1.09119498e+00 4.18746000e+00 9.58217899e-01
1.17017200e+04 4.17378020e+00 1.08716141e+00 4.18774841e+00 9.54676747e-01
1.17027200e+04 4.15972420e+00 1.08332544e+00 4.18803682e+00 9.51309108e-01
1.17037200e+04 4.14673950e+00 1.07977589e+00 4.18832522e+00 9.48192972e-01
1.17047200e+04 4.13512760e+00 1.07659335e+00 4.18861363e+00 9.45399124e-01
1.17057200e+04 4.12514740e+00 1.07384705e+00 4.18890204e+00 9.42988345e-01
1.17067200e+04 4.11700480e+00 1.07159203e+00 4.18919044e+00 9.41008977e-01
1.17077200e+04 4.11084410e+00 1.06986687e+00 4.18947885e+00 9.39494898e-01
1.17087200e+04 4.10674150e+00 1.06869194e+00 4.18976726e+00 9.38463999e-01
1.17097200e+04 4.10470380e+00 1.06806906e+00 4.19005566e+00 9.37917878e-01
1.17107200e+04 4.10467090e+00 1.06798217e+00 4.19034407e+00 9.37842426e-01
1.17117200e+04 4.10652260e+00 1.06839912e+00 4.19063248e+00 9.38209425e-01
1.17127200e+04 4.11008850e+00 1.06927437e+00 4.19092088e+00 9.38978871e-01
1.17137200e+04 4.11516020e+00 1.07055219e+00 4.19120929e+00 9.40101839e-01
1.17147200e+04 4.12150210e+00 1.07216960e+00 4.19149770e+00 9.41523017e-01
1.17157200e+04 4.12886250e+00 1.07405930e+00 4.19178610e+00 9.43183313e-01
1.17167200e+04 4.13698250e+00 1.07615208e+00 4.19207451e+00 9.45021946e-01
1.17177200e+04 4.14560490e+00 1.07837918e+00 4.19236292e+00 9.46978532e-01
1.17187200e+04 4.15448460e+00 1.08067507e+00 4.19265132e+00 9.48995530e-01
1.17197200e+04 4.16340020e+00 1.08298055e+00 4.19293973e+00 9.51020959e-01
1.17207200e+04 4.17216640e+00 1.08524610e+00 4.19322814e+00 9.53011317e-01
1.17217200e+04 4.18064420e+00 1.08743454e+00 4.19351654e+00 9.54933969e-01
1.17227200e+04 4.18874540e+00 1.08952229e+00 4.19380495e+00 9.56768209e-01
1.17237200e+04 4.19643080e+00 1.09149888e+00 4.19409336e+00 9.58504833e-01
1.17247200e+04 4.20370000e+00 1.09336421e+00 4.19438176e+00 9.60143747e-01
1.17257200e+04 4.21057750e+00 1.09512481e+00 4.19467017e+00 9.61690703e-01
1.17267200e+04 4.21709530e+00 1.09678924e+00 4.19495858e+00 9.63153213e-01
1.17277200e+04 4.22327870e+00 1.09836427e+00 4.19524698e+00 9.64537217e-01
1.17287200e+04 4.22913350e+00 1.09985145e+00 4.19553539e+00 9.65844076e-01
1.17297200e+04 4.23463820e+00 1.10124504e+00 4.19582380e+00 9.67068742e-01
1.17307200e+04 4.23974010e+00 1.10253093e+00 4.19611220e+00 9.68198843e-01
1.17317200e+04 4.24435510e+00 1.10368665e+00 4.19640061e+00 9.69214633e-01
1.17327200e+04 4.24837210e+00 1.10468250e+00 4.19668902e+00 9.70090029e-01
1.17337200e+04 4.25166230e+00 1.10548403e+00 4.19697742e+00 9.70794791e-01
1.17347200e+04 4.25409400e+00 1.10605605e+00 4.19726583e+00 9.71297998e-01
1.17357200e+04 4.25555250e+00 1.10636788e+00 4.19755424e+00 9.71572721e-01
1.17367200e+04 4.25596160e+00 1.10639916e+00 4.19784264e+00 9.71601070e-01
1.17377200e+04 4.25530500e+00 1.10614552e+00 4.19813105e+00 9.71379216e-01
1.17387200e+04 4.25364190e+00 1.10562279e+00 4.19841946e+00 9.70921058e-01
1.17397200e+04 4.25111290e+00 1.10486856e+00 4.19870786e+00 9.70259605e-01
1.17407200e+04 4.24793540e+00 1.10394096e+00 4.19899627e+00 9.69445897e-01
1.17417200e+04 4.24438540e+00 1.10291377e+00 4.19928468e+00 9.68544733e-01
1.17427200e+04 4.24077170e+00 1.10186955e+00 4.19957308e+00 9.67628612e-01
1.17437200e+04 4.23740380e+00 1.10089104e+00 4.19986149e+00 9.66770198e-01
1.17447200e+04 4.23456030e+00 1.10005274e+00 4.20014990e+00 9.66034900e-01
1.17457200e+04 4.23246110e+00 1.09941342e+00 4.20043830e+00 9.65474347e-01
1.17467200e+04 4.23124710e+00 1.09901076e+00 4.20072671e+00 9.65121620e-01
1.17477200e+04 4.23096820e+00 1.09885810e+00 4.20101512e+00 9.64988434e-01
1.17487200e+04 4.23158000e+00 1.09894356e+00 4.20130352e+00 9.65064367e-01
1.17497200e+04 4.23294750e+00 1.09923107e+00 4.20159193e+00 9.65317723e-01
1.17507200e+04 4.23485520e+00 1.09966299e+00 4.20188034e+00 9.65697908e-01
1.17517200e+04 4.23702270e+00 1.10016437e+00 4.20216874e+00 9.66139089e-01
1.17527200e+04 4.23912490e+00 1.10064830e+00 4.20245715e+00 9.66564940e-01
1.17537200e+04 4.24081590e+00 1.10102229e+00 4.20274556e+00 9.66894250e-01
1.17547200e+04 4.24175420e+00 1.10119504e+00 4.20303396e+00 9.67046841e-01
1.17557200e+04 4.24162780e+00 1.10108315e+00 4.20332237e+00 9.66949460e-01
1.17567200e+04 4.24017500e+00 1.10061665e+00 4.20361077e+00 9.66540665e-01
1.17577200e+04 4.23719960e+00 1.09974308e+00 4.20389918e+00 9.65774391e-01
1.17587200e+04 4.23257950e+00 1.09842980e+00 4.20418759e+00 9.64621970e-01
1.17597200e+04 4.22626910e+00 1.09666461e+00 4.20447599e+00 9.63072694e-01
1.17607200e+04 4.21829680e+00 1.09445512e+00 4.20476440e+00 9.61133230e-01
1.17617200e+04 4.20875790e+00 1.09182680e+00 4.20505281e+00 9.58825952e-01
1.17627200e+04 4.19780580e+00 1.08882066e+00 4.20534121e+00 9.56186875e-01
1.17637200e+04 4.18564100e+00 1.08549031e+00 4.20562962e+00 9.53263072e-01
1.17647200e+04 4.17250100e+00 1.08189923e+00 4.20591803e+00 9.50110304e-01
1.17657200e+04 4.15864930e+00 1.07811789e+00 4.20620643e+00 9.46790433e-01
1.17667200e+04 4.14436700e+00 1.07422142e+00 4.20649484e+00 9.43369460e-01
1.17677200e+04 4.12994380e+00 1.07028728e+00 4.20678325e+00 9.39915398e-01
1.17687200e+04 4.11567120e+00 1.06639341e+00 4.20707165e+00 9.36496689e-01
1.17697200e+04 4.10183390e+00 1.06261591e+00 4.20736006e+00 9.33180176e-01
1.17707200e+04 4.08870230e+00 1.05902708e+00 4.20764847e+00 9.30029344e-01
1.17717200e+04 4.07652420e+00 1.05569317e+00 4.20793687e+00 9.27102373e-01
1.17727200e+04 4.06551720e+00 1.05267235e+00 4.20822528e+00 9.24450353e-01
1.17737200e+04 4.05586140e+00 1.05001278e+00 4.20851369e+00 9.22115571e-01
1.17747200e+04 4.04769430e+00 1.04775121e+00 4.20880209e+00 9.20130309e-01
1.17757200e+04 4.04110680e+00 1.04591194e+00 4.20909050e+00 9.18515911e-01
1.17767200e+04 4.03614130e+00 1.04450632e+00 4.20937891e+00 9.17282332e-01
1.17777200e+04 4.03279220e+00 1.04353284e+00 4.20966731e+00 9.16428260e-01
1.17787200e+04 4.03100840e+00 1.04297784e+00 4.20995572e+00 9.15941696e-01
1.17797200e+04 4.03069890e+00 1.04281700e+00 4.21024413e+00 9.15801278e-01
1.17807200e+04 4.03173950e+00 1.04301710e+00 4.21053253e+00 9.15977844e-01
1.17817200e+04 4.03398160e+00 1.04353843e+00 4.21082094e+00 9.16436508e-01
1.17827200e+04 4.03726030e+00 1.04433689e+00 4.21110935e+00 9.17138552e-01
1.17837200e+04 4.04140230e+00 1.04536616e+00 4.21139775e+00 9.18043290e-01
1.17847200e+04 4.04623300e+00 1.04657955e+00 4.21168616e+00 9.19109727e-01
1.17857200e+04 4.05158180e+00 1.04793145e+00 4.21197457e+00 9.20297810e-01
1.17867200e+04 4.05728760e+00 1.04937879e+00 4.21226297e+00 9.21569714e-01
1.17877200e+04 4.06320380e+00 1.05088239e+00 4.21255138e+00 9.22891020e-01
1.17887200e+04 4.06920320e+00 1.05240823e+00 4.21283979e+00 9.24231863e-01
1.17897200e+04 4.07518310e+00 1.05392886e+00 4.21312819e+00 9.25568130e-01
1.17907200e+04 4.08106830e+00 1.05542417e+00 4.21341660e+00 9.26882165e-01
1.17917200e+04 4.08681260e+00 1.05688181e+00 4.21370501e+00 9.28163120e-01
1.17927200e+04 4.09239740e+00 1.05829680e+00 4.21399341e+00 9.29406629e-01
1.17937200e+04 4.09782680e+00 1.05967025e+00 4.21428182e+00 9.30613654e-01
1.17947200e+04 4.10312110e+00 1.06100759e+00 4.21457023e+00 9.31788961e-01
1.17957200e+04 4.10830910e+00 1.06231650e+00 4.21485863e+00 9.32939312e-01
1.17967200e+04 4.11342040e+00 1.06360491e+00 4.21514704e+00 9.34071657e-01
1.17977200e+04 4.11847820e+00 1.06487901e+00 4.21543545e+00 9.35191442e-01
1.17987200e+04 4.12349450e+00 1.06614202e+00 4.21572385e+00 9.36301486e-01
1.17997200e+04 4.12846750e+00 1.06739345e+00 4.21601226e+00 9.37401365e-01
1.18007200e+04 4.13338080e+00 1.06862892e+00 4.21630067e+00 9.38487230e-01
1.18017200e+04 4.13820520e+00 1.06984063e+00 4.21658907e+00 9.39552223e-01
1.18027200e+04 4.14290260e+00 1.07101838e+00 4.21687748e+00 9.40587400e-01
1.18037200e+04 4.14743120e+00 1.07215100e+00 4.21716589e+00 9.41582945e-01
1.18047200e+04 4.15175120e+00 1.07322785e+00 4.21745429e+00 9.42529516e-01
1.18057200e+04 4.15583060e+00 1.07424038e+00 4.21774270e+00 9.43419596e-01
1.18067200e+04 4.15965000e+00 1.07518340e+00 4.21803111e+00 9.44248633e-01
1.18077200e+04 4.16320390e+00 1.07605543e+00 4.21831951e+00 9.45015334e-01
1.18087200e+04 4.16650020e+00 1.07685860e+00 4.21860792e+00 9.45721553e-01
1.18097200e+04 4.16955550e+00 1.07759734e+00 4.21889633e+00 9.46371189e-01
1.18107200e+04 4.17238790e+00 1.07827648e+00 4.21918473e+00 9.46968490e-01
1.18117200e+04 4.17500940e+00 1.07889924e+00 4.21947314e+00 9.47516275e-01
1.18127200e+04 4.17742080e+00 1.07946583e+00 4.21976154e+00 9.48014730e-01
1.18137200e+04 4.17961180e+00 1.07997349e+00 4.22004995e+00 9.48461438e-01
