# # source: .\convoluted\116_01.txt
# # site: 01
# # columns: Energy(eV) Abs_raw Preedge_normalized PredictedPost_raw Final_normalized
# 
1.13640000e+04 1.47184750e-02 1.59698228e-03 4.08375319e+00 1.40598342e-03
1.13640000e+04 1.47185950e-02 1.59701430e-03 4.08375319e+00 1.40601161e-03
1.13640100e+04 1.47188870e-02 1.59631775e-03 4.08375609e+00 1.40539836e-03
1.13640200e+04 1.47193100e-02 1.59565615e-03 4.08375899e+00 1.40481589e-03
1.13640500e+04 1.47205410e-02 1.59366122e-03 4.08376769e+00 1.40305956e-03
1.13640500e+04 1.47205870e-02 1.59367350e-03 4.08376769e+00 1.40307037e-03
1.13640800e+04 1.47218840e-02 1.59169618e-03 4.08377640e+00 1.40132954e-03
1.13640900e+04 1.47226030e-02 1.59111356e-03 4.08377930e+00 1.40081660e-03
1.13641000e+04 1.47230890e-02 1.59046878e-03 4.08378220e+00 1.40024893e-03
1.13641100e+04 1.47233410e-02 1.58976155e-03 4.08378510e+00 1.39962629e-03
1.13641100e+04 1.47233930e-02 1.58977543e-03 4.08378510e+00 1.39963851e-03
1.13641100e+04 1.47234450e-02 1.58978930e-03 4.08378510e+00 1.39965072e-03
1.13641100e+04 1.47235520e-02 1.58981785e-03 4.08378510e+00 1.39967586e-03
1.13641100e+04 1.47236070e-02 1.58983253e-03 4.08378510e+00 1.39968878e-03
1.13641300e+04 1.47247460e-02 1.58858752e-03 4.08379090e+00 1.39859267e-03
1.13641300e+04 1.47248640e-02 1.58861900e-03 4.08379090e+00 1.39862039e-03
1.13641400e+04 1.47249880e-02 1.58787763e-03 4.08379380e+00 1.39796768e-03
1.13641400e+04 1.47253750e-02 1.58798089e-03 4.08379380e+00 1.39805860e-03
1.13641400e+04 1.47255070e-02 1.58801611e-03 4.08379380e+00 1.39808961e-03
1.13641600e+04 1.47262410e-02 1.58666303e-03 4.08379960e+00 1.39689836e-03
1.13641600e+04 1.47263090e-02 1.58668118e-03 4.08379960e+00 1.39691433e-03
1.13641600e+04 1.47264460e-02 1.58671773e-03 4.08379960e+00 1.39694651e-03
1.13641600e+04 1.47265160e-02 1.58673641e-03 4.08379960e+00 1.39696296e-03
1.13641600e+04 1.47265870e-02 1.58675536e-03 4.08379960e+00 1.39697964e-03
1.13641700e+04 1.47276000e-02 1.58625119e-03 4.08380250e+00 1.39653577e-03
1.13641800e+04 1.47283390e-02 1.58567391e-03 4.08380540e+00 1.39602754e-03
1.13641900e+04 1.47288620e-02 1.58503900e-03 4.08380830e+00 1.39546856e-03
1.13642000e+04 1.47296250e-02 1.58446812e-03 4.08381121e+00 1.39496596e-03
1.13642000e+04 1.47297810e-02 1.58450975e-03 4.08381121e+00 1.39500261e-03
1.13642100e+04 1.47300190e-02 1.58379879e-03 4.08381411e+00 1.39437668e-03
1.13642100e+04 1.47301010e-02 1.58382067e-03 4.08381411e+00 1.39439594e-03
1.13642200e+04 1.47309260e-02 1.58326634e-03 4.08381701e+00 1.39390791e-03
1.13642200e+04 1.47312630e-02 1.58335626e-03 4.08381701e+00 1.39398708e-03
1.13642300e+04 1.47319480e-02 1.58276457e-03 4.08381991e+00 1.39346616e-03
1.13642400e+04 1.47327340e-02 1.58219983e-03 4.08382281e+00 1.39296896e-03
1.13642400e+04 1.47330000e-02 1.58227081e-03 4.08382281e+00 1.39303145e-03
1.13642500e+04 1.47337240e-02 1.58168953e-03 4.08382571e+00 1.39251969e-03
1.13642500e+04 1.47341800e-02 1.58181121e-03 4.08382571e+00 1.39262681e-03
1.13642600e+04 1.47350010e-02 1.58125581e-03 4.08382861e+00 1.39213784e-03
1.13642700e+04 1.47354570e-02 1.58060302e-03 4.08383151e+00 1.39156312e-03
1.13642700e+04 1.47355480e-02 1.58062730e-03 4.08383151e+00 1.39158450e-03
1.13642700e+04 1.47359130e-02 1.58072469e-03 4.08383151e+00 1.39167025e-03
1.13642800e+04 1.47369160e-02 1.58021786e-03 4.08383441e+00 1.39122403e-03
1.13642900e+04 1.47371900e-02 1.57951650e-03 4.08383731e+00 1.39060656e-03
1.13642900e+04 1.47375550e-02 1.57961390e-03 4.08383731e+00 1.39069230e-03
1.13643000e+04 1.47380110e-02 1.57896110e-03 4.08384021e+00 1.39011759e-03
1.13643000e+04 1.47384680e-02 1.57908305e-03 4.08384021e+00 1.39022494e-03
1.13643100e+04 1.47396540e-02 1.57862504e-03 4.08384311e+00 1.38982172e-03
1.13643200e+04 1.47405670e-02 1.57809419e-03 4.08384601e+00 1.38935436e-03
1.13643300e+04 1.47407500e-02 1.57736855e-03 4.08384892e+00 1.38871551e-03
1.13643300e+04 1.47409320e-02 1.57741712e-03 4.08384892e+00 1.38875826e-03
1.13643300e+04 1.47410240e-02 1.57744167e-03 4.08384892e+00 1.38877987e-03
1.13643300e+04 1.47412060e-02 1.57749023e-03 4.08384892e+00 1.38882263e-03
1.13643400e+04 1.47423940e-02 1.57703276e-03 4.08385182e+00 1.38841987e-03
1.13643500e+04 1.47428500e-02 1.57637997e-03 4.08385472e+00 1.38784516e-03
1.13643800e+04 1.47455910e-02 1.57478795e-03 4.08386342e+00 1.38644355e-03
1.13643900e+04 1.47463220e-02 1.57420854e-03 4.08386632e+00 1.38593343e-03
1.13644000e+04 1.47470530e-02 1.57362913e-03 4.08386922e+00 1.38542332e-03
1.13644000e+04 1.47474180e-02 1.57372652e-03 4.08386922e+00 1.38550906e-03
1.13644100e+04 1.47480580e-02 1.57312282e-03 4.08387212e+00 1.38497757e-03
1.13644500e+04 1.47517130e-02 1.57100023e-03 4.08388373e+00 1.38310884e-03
1.13644500e+04 1.47518960e-02 1.57104906e-03 4.08388373e+00 1.38315183e-03
1.13649500e+04 1.47977080e-02 1.54454980e-03 4.08402877e+00 1.35982190e-03
1.13651200e+04 1.48137950e-02 1.53567638e-03 4.08407808e+00 1.35200975e-03
1.13656200e+04 1.48599380e-02 1.50926544e-03 4.08422312e+00 1.32875759e-03
1.13661200e+04 1.49063270e-02 1.48292014e-03 4.08436816e+00 1.30556321e-03
1.13666200e+04 1.49529660e-02 1.45664156e-03 4.08451321e+00 1.28242756e-03
1.13671200e+04 1.49998550e-02 1.43042967e-03 4.08465825e+00 1.25935064e-03
1.13676200e+04 1.50469980e-02 1.40428557e-03 4.08480329e+00 1.23633338e-03
1.13681200e+04 1.50943950e-02 1.37820924e-03 4.08494833e+00 1.21337580e-03
1.13686200e+04 1.51420480e-02 1.35220121e-03 4.08509337e+00 1.19047835e-03
1.13691200e+04 1.51899610e-02 1.32626257e-03 4.08523841e+00 1.16764198e-03
1.13696200e+04 1.52381350e-02 1.30039356e-03 4.08538345e+00 1.14486692e-03
1.13701200e+04 1.52865710e-02 1.27459447e-03 4.08552850e+00 1.12215342e-03
1.13706200e+04 1.53352730e-02 1.24886635e-03 4.08567354e+00 1.09950239e-03
1.13711200e+04 1.53842410e-02 1.22320921e-03 4.08581858e+00 1.07691386e-03
1.13716200e+04 1.54334800e-02 1.19762438e-03 4.08596362e+00 1.05438899e-03
1.13721200e+04 1.54829890e-02 1.17211159e-03 4.08610866e+00 1.03192754e-03
1.13726200e+04 1.55327720e-02 1.14667192e-03 4.08625370e+00 1.00953046e-03
1.13731200e+04 1.55828320e-02 1.12130616e-03 4.08639874e+00 9.87198453e-04
1.13736200e+04 1.56331690e-02 1.09601431e-03 4.08654379e+00 9.64931516e-04
1.13741200e+04 1.56837870e-02 1.07079744e-03 4.08668883e+00 9.42730591e-04
1.13746200e+04 1.57346870e-02 1.04565581e-03 4.08683387e+00 9.20595911e-04
1.13751200e+04 1.57858720e-02 1.02059024e-03 4.08697891e+00 8.98528182e-04
1.13756200e+04 1.58373450e-02 9.95601505e-04 4.08712395e+00 8.76528108e-04
1.13761200e+04 1.58891080e-02 9.70690156e-04 4.08726899e+00 8.54596160e-04
1.13766200e+04 1.59411620e-02 9.45856454e-04 4.08741403e+00 8.32732572e-04
1.13771200e+04 1.59935110e-02 9.21101468e-04 4.08755907e+00 8.10938284e-04
1.13776200e+04 1.60461570e-02 8.96425730e-04 4.08770412e+00 7.89213765e-04
1.13781200e+04 1.60991020e-02 8.71829775e-04 4.08784916e+00 7.67559486e-04
1.13786200e+04 1.61523490e-02 8.47314402e-04 4.08799420e+00 7.45976152e-04
1.13791200e+04 1.62059010e-02 8.22880413e-04 4.08813924e+00 7.24464466e-04
1.13796200e+04 1.62597590e-02 7.98528074e-04 4.08828428e+00 7.03024665e-04
1.13801200e+04 1.63139270e-02 7.74258452e-04 4.08842932e+00 6.81657687e-04
1.13806200e+04 1.63684070e-02 7.50072082e-04 4.08857436e+00 6.60364003e-04
1.13811200e+04 1.64232020e-02 7.25969763e-04 4.08871941e+00 6.39144317e-04
1.13816200e+04 1.64783140e-02 7.01952030e-04 4.08886445e+00 6.17999099e-04
1.13821200e+04 1.65337460e-02 6.78019682e-04 4.08900949e+00 5.96929054e-04
1.13826200e+04 1.65895020e-02 6.54173788e-04 4.08915453e+00 5.75935121e-04
1.13831200e+04 1.66455820e-02 6.30414346e-04 4.08929957e+00 5.55017302e-04
1.13836200e+04 1.67019910e-02 6.06742692e-04 4.08944461e+00 5.34176769e-04
1.13841200e+04 1.67587320e-02 5.83159626e-04 4.08958965e+00 5.13414228e-04
1.13846200e+04 1.68158060e-02 5.59665414e-04 4.08973470e+00 4.92729914e-04
1.13851200e+04 1.68732170e-02 5.36261124e-04 4.08987974e+00 4.72124766e-04
1.13856200e+04 1.69309680e-02 5.12947557e-04 4.09002478e+00 4.51599490e-04
1.13861200e+04 1.69890620e-02 4.89725513e-04 4.09016982e+00 4.31154790e-04
1.13866200e+04 1.70475020e-02 4.66595791e-04 4.09031486e+00 4.10791371e-04
1.13871200e+04 1.71062900e-02 4.43558927e-04 4.09045990e+00 3.90509702e-04
1.13876200e+04 1.71654300e-02 4.20615988e-04 4.09060494e+00 3.70310723e-04
1.13881200e+04 1.72249260e-02 3.97768040e-04 4.09074999e+00 3.50195375e-04
1.13886200e+04 1.72847790e-02 3.75015350e-04 4.09089503e+00 3.30163891e-04
1.13891200e+04 1.73449930e-02 3.52358987e-04 4.09104007e+00 3.10217212e-04
1.13896200e+04 1.74055720e-02 3.29800017e-04 4.09118511e+00 2.90356278e-04
1.13901200e+04 1.74665180e-02 3.07338973e-04 4.09133015e+00 2.70581557e-04
1.13906200e+04 1.75278350e-02 2.84976924e-04 4.09147519e+00 2.50893990e-04
1.13911200e+04 1.75895270e-02 2.62714936e-04 4.09162023e+00 2.31294517e-04
1.13916200e+04 1.76515960e-02 2.40553543e-04 4.09176528e+00 2.11783606e-04
1.13921200e+04 1.77140460e-02 2.18493813e-04 4.09191032e+00 1.92362199e-04
1.13926200e+04 1.77768800e-02 1.96536545e-04 4.09205536e+00 1.73031000e-04
1.13931200e+04 1.78401030e-02 1.74683075e-04 4.09220040e+00 1.53791183e-04
1.13936200e+04 1.79037160e-02 1.52933669e-04 4.09234544e+00 1.34642983e-04
1.13941200e+04 1.79677250e-02 1.31289928e-04 4.09249048e+00 1.15587810e-04
1.13946200e+04 1.80321320e-02 1.09752385e-04 4.09263552e+00 9.66261333e-05
1.13951200e+04 1.80969410e-02 8.83221082e-05 4.09278057e+00 7.77588931e-05
1.13956200e+04 1.81621560e-02 6.70001646e-05 4.09292561e+00 5.89870288e-05
1.13961200e+04 1.82277810e-02 4.57876216e-05 4.09307065e+00 4.03114802e-05
1.13966200e+04 1.82938190e-02 2.46852797e-05 4.09321569e+00 2.17329520e-05
1.13971200e+04 1.83602740e-02 3.69420609e-06 4.09336073e+00 3.25238386e-06
1.13976200e+04 1.84271500e-02 -1.71845318e-05 4.09350577e+00 -1.51292845e-05
1.13981200e+04 1.84944520e-02 -3.79495998e-05 4.09365081e+00 -3.34108786e-05
1.13986200e+04 1.85621820e-02 -5.86004644e-05 4.09379585e+00 -5.15919284e-05
1.13991200e+04 1.86303450e-02 -7.91357912e-05 4.09394090e+00 -6.96712595e-05
1.13996200e+04 1.86989450e-02 -9.95545131e-05 4.09408594e+00 -8.76479321e-05
1.14001200e+04 1.87679860e-02 -1.19855563e-04 4.09423098e+00 -1.05521007e-04
1.14006200e+04 1.88374730e-02 -1.40037606e-04 4.09437602e+00 -1.23289308e-04
1.14011200e+04 1.89074090e-02 -1.60099842e-04 4.09452106e+00 -1.40952132e-04
1.14016200e+04 1.89777990e-02 -1.80040937e-04 4.09466610e+00 -1.58508305e-04
1.14021200e+04 1.90486470e-02 -1.99859824e-04 4.09481114e+00 -1.75956885e-04
1.14026200e+04 1.91199580e-02 -2.19555168e-04 4.09495619e+00 -1.93296699e-04
1.14031200e+04 1.91917350e-02 -2.39126169e-04 4.09510123e+00 -2.10527042e-04
1.14036200e+04 1.92639840e-02 -2.58571226e-04 4.09524627e+00 -2.27646504e-04
1.14041200e+04 1.93367090e-02 -2.77889271e-04 4.09539131e+00 -2.44654146e-04
1.14046200e+04 1.94099150e-02 -2.97078971e-04 4.09553635e+00 -2.61548793e-04
1.14051200e+04 1.94836060e-02 -3.16139258e-04 4.09568139e+00 -2.78329505e-04
1.14056200e+04 1.95577870e-02 -3.35068798e-04 4.09582643e+00 -2.94995108e-04
1.14061200e+04 1.96324620e-02 -3.53866524e-04 4.09597148e+00 -3.11544662e-04
1.14066200e+04 1.97076380e-02 -3.72530568e-04 4.09611652e+00 -3.27976523e-04
1.14071200e+04 1.97833180e-02 -3.91060129e-04 4.09626156e+00 -3.44289986e-04
1.14076200e+04 1.98595070e-02 -4.09453873e-04 4.09640660e+00 -3.60483876e-04
1.14081200e+04 1.99362120e-02 -4.27709933e-04 4.09655164e+00 -3.76556549e-04
1.14086200e+04 2.00134360e-02 -4.45827507e-04 4.09669668e+00 -3.92507300e-04
1.14091200e+04 2.00911840e-02 -4.63805262e-04 4.09684172e+00 -4.08334955e-04
1.14096200e+04 2.01694630e-02 -4.81641331e-04 4.09698677e+00 -4.24037869e-04
1.14101200e+04 2.02482780e-02 -4.99334378e-04 4.09713181e+00 -4.39614867e-04
1.14106200e+04 2.03276330e-02 -5.16883336e-04 4.09727685e+00 -4.55065010e-04
1.14111200e+04 2.04075350e-02 -5.34286338e-04 4.09742189e+00 -4.70386654e-04
1.14116200e+04 2.04879890e-02 -5.51542050e-04 4.09756693e+00 -4.85578623e-04
1.14121200e+04 2.05690000e-02 -5.68649137e-04 4.09771197e+00 -5.00639743e-04
1.14126200e+04 2.06505740e-02 -5.85605998e-04 4.09785701e+00 -5.15568606e-04
1.14131200e+04 2.07327180e-02 -6.02410766e-04 4.09800206e+00 -5.30363565e-04
1.14136200e+04 2.08154360e-02 -6.19062373e-04 4.09814710e+00 -5.45023682e-04
1.14141200e+04 2.08987350e-02 -6.35558951e-04 4.09829214e+00 -5.59547312e-04
1.14146200e+04 2.09826200e-02 -6.51899167e-04 4.09843718e+00 -5.73933280e-04
1.14151200e+04 2.10670990e-02 -6.68080885e-04 4.09858222e+00 -5.88179708e-04
1.14156200e+04 2.11521760e-02 -6.84103039e-04 4.09872726e+00 -6.02285655e-04
1.14161200e+04 2.12378590e-02 -6.99963493e-04 4.09887230e+00 -6.16249243e-04
1.14166200e+04 2.13241530e-02 -7.15660914e-04 4.09901735e+00 -6.30069295e-04
1.14171200e+04 2.14110660e-02 -7.31193166e-04 4.09916239e+00 -6.43743934e-04
1.14176200e+04 2.14986030e-02 -7.46558916e-04 4.09930743e+00 -6.57271985e-04
1.14181200e+04 2.15867710e-02 -7.61756297e-04 4.09945247e+00 -6.70651803e-04
1.14186200e+04 2.16755770e-02 -7.76783439e-04 4.09959751e+00 -6.83881743e-04
1.14191200e+04 2.17650280e-02 -7.91638475e-04 4.09974255e+00 -6.96960162e-04
1.14196200e+04 2.18551300e-02 -8.06319805e-04 4.09988759e+00 -7.09885649e-04
1.14201200e+04 2.19458920e-02 -8.20825026e-04 4.10003264e+00 -7.22656091e-04
1.14206200e+04 2.20373180e-02 -8.35153072e-04 4.10017768e+00 -7.35270548e-04
1.14211200e+04 2.21294180e-02 -8.49301274e-04 4.10032272e+00 -7.47726670e-04
1.14216200e+04 2.22221980e-02 -8.63268031e-04 4.10046776e+00 -7.60023049e-04
1.14221200e+04 2.23156660e-02 -8.77051209e-04 4.10061280e+00 -7.72157804e-04
1.14226200e+04 2.24098280e-02 -8.90649206e-04 4.10075784e+00 -7.84129526e-04
1.14231200e+04 2.25046940e-02 -9.04059355e-04 4.10090288e+00 -7.95935866e-04
1.14236200e+04 2.26002700e-02 -9.17280054e-04 4.10104792e+00 -8.07575415e-04
1.14241200e+04 2.26965650e-02 -9.30308901e-04 4.10119297e+00 -8.19046058e-04
1.14246200e+04 2.27935850e-02 -9.43144297e-04 4.10133801e+00 -8.30346386e-04
1.14251200e+04 2.28913410e-02 -9.55783305e-04 4.10148305e+00 -8.41473814e-04
1.14256200e+04 2.29898390e-02 -9.68224324e-04 4.10162809e+00 -8.52426934e-04
1.14261200e+04 2.30890880e-02 -9.80464954e-04 4.10177313e+00 -8.63203630e-04
1.14266200e+04 2.31890960e-02 -9.92503060e-04 4.10191817e+00 -8.73802023e-04
1.14271200e+04 2.32898730e-02 -1.00433597e-03 4.10206321e+00 -8.84219765e-04
1.14276200e+04 2.33914260e-02 -1.01596182e-03 4.10220826e+00 -8.94455211e-04
1.14281200e+04 2.34937650e-02 -1.02737795e-03 4.10235330e+00 -9.04506011e-04
1.14286200e+04 2.35968980e-02 -1.03858221e-03 4.10249834e+00 -9.14370287e-04
1.14291200e+04 2.37008350e-02 -1.04957194e-03 4.10264338e+00 -9.24045688e-04
1.14296200e+04 2.38055850e-02 -1.06034473e-03 4.10278842e+00 -9.33530101e-04
1.14301200e+04 2.39111580e-02 -1.07089792e-03 4.10293346e+00 -9.42821177e-04
1.14306200e+04 2.40175620e-02 -1.08122938e-03 4.10307850e+00 -9.51917036e-04
1.14311200e+04 2.41248080e-02 -1.09133616e-03 4.10322355e+00 -9.60815095e-04
1.14316200e+04 2.42329050e-02 -1.10121588e-03 4.10336859e+00 -9.69513238e-04
1.14321200e+04 2.43418640e-02 -1.11086558e-03 4.10351363e+00 -9.78008882e-04
1.14326200e+04 2.44516940e-02 -1.12028288e-03 4.10365867e+00 -9.86299912e-04
1.14331200e+04 2.45624060e-02 -1.12946483e-03 4.10380371e+00 -9.94383744e-04
1.14336200e+04 2.46740110e-02 -1.13840850e-03 4.10394875e+00 -1.00225780e-03
1.14341200e+04 2.47865180e-02 -1.14711149e-03 4.10409379e+00 -1.00991995e-03
1.14346200e+04 2.48999400e-02 -1.15557033e-03 4.10423884e+00 -1.01736715e-03
1.14351200e+04 2.50142850e-02 -1.16378288e-03 4.10438388e+00 -1.02459753e-03
1.14356200e+04 2.51295670e-02 -1.17174542e-03 4.10452892e+00 -1.03160779e-03
1.14361200e+04 2.52457970e-02 -1.17945499e-03 4.10467396e+00 -1.03839534e-03
1.14366200e+04 2.53629840e-02 -1.18690922e-03 4.10481900e+00 -1.04495808e-03
1.14371200e+04 2.54811430e-02 -1.19410408e-03 4.10496404e+00 -1.05129248e-03
1.14376200e+04 2.56002840e-02 -1.20103691e-03 4.10510908e+00 -1.05739618e-03
1.14381200e+04 2.57204190e-02 -1.20770452e-03 4.10525413e+00 -1.06326638e-03
1.14386200e+04 2.58415610e-02 -1.21410343e-03 4.10539917e+00 -1.06890002e-03
1.14391200e+04 2.59637220e-02 -1.22023043e-03 4.10554421e+00 -1.07429428e-03
1.14396200e+04 2.60869150e-02 -1.22608207e-03 4.10568925e+00 -1.07944610e-03
1.14401200e+04 2.62111530e-02 -1.23165487e-03 4.10583429e+00 -1.08435243e-03
1.14406200e+04 2.63364490e-02 -1.23694536e-03 4.10597933e+00 -1.08901021e-03
1.14411200e+04 2.64628170e-02 -1.24194981e-03 4.10612437e+00 -1.09341617e-03
1.14416200e+04 2.65902690e-02 -1.24666502e-03 4.10626942e+00 -1.09756747e-03
1.14421200e+04 2.67188200e-02 -1.25108698e-03 4.10641446e+00 -1.10146060e-03
1.14426200e+04 2.68484830e-02 -1.25521222e-03 4.10655950e+00 -1.10509249e-03
1.14431200e+04 2.69792740e-02 -1.25903648e-03 4.10670454e+00 -1.10845940e-03
1.14436200e+04 2.71112060e-02 -1.26255628e-03 4.10684958e+00 -1.11155827e-03
1.14441200e+04 2.72442940e-02 -1.26576763e-03 4.10699462e+00 -1.11438557e-03
1.14446200e+04 2.73785540e-02 -1.26866625e-03 4.10713966e+00 -1.11693755e-03
1.14451200e+04 2.75140000e-02 -1.27124841e-03 4.10728471e+00 -1.11921092e-03
1.14456200e+04 2.76506480e-02 -1.27350985e-03 4.10742975e+00 -1.12120191e-03
1.14461200e+04 2.77885140e-02 -1.27544628e-03 4.10757479e+00 -1.12290677e-03
1.14466200e+04 2.79276140e-02 -1.27705344e-03 4.10771983e+00 -1.12432175e-03
1.14471200e+04 2.80679650e-02 -1.27832680e-03 4.10786487e+00 -1.12544284e-03
1.14476200e+04 2.82095820e-02 -1.27926235e-03 4.10800991e+00 -1.12626652e-03
1.14481200e+04 2.83524840e-02 -1.27985502e-03 4.10815495e+00 -1.12678833e-03
1.14486200e+04 2.84966870e-02 -1.28010054e-03 4.10829999e+00 -1.12700452e-03
1.14491200e+04 2.86422090e-02 -1.27999412e-03 4.10844504e+00 -1.12691085e-03
1.14496200e+04 2.87890670e-02 -1.27953121e-03 4.10859008e+00 -1.12650332e-03
1.14501200e+04 2.89372810e-02 -1.27870648e-03 4.10873512e+00 -1.12577725e-03
1.14506200e+04 2.90868680e-02 -1.27751539e-03 4.10888016e+00 -1.12472863e-03
1.14511200e+04 2.92378480e-02 -1.27595260e-03 4.10902520e+00 -1.12335277e-03
1.14516200e+04 2.93902390e-02 -1.27401332e-03 4.10917024e+00 -1.12164544e-03
1.14521200e+04 2.95440610e-02 -1.27169220e-03 4.10931528e+00 -1.11960194e-03
1.14526200e+04 2.96993350e-02 -1.26898364e-03 4.10946033e+00 -1.11721734e-03
1.14531200e+04 2.98560800e-02 -1.26588258e-03 4.10960537e+00 -1.11448718e-03
1.14536200e+04 3.00143180e-02 -1.26238314e-03 4.10975041e+00 -1.11140628e-03
1.14541200e+04 3.01740690e-02 -1.25847998e-03 4.10989545e+00 -1.10796995e-03
1.14546200e+04 3.03353540e-02 -1.25416751e-03 4.11004049e+00 -1.10417326e-03
1.14551200e+04 3.04981970e-02 -1.24943931e-03 4.11018553e+00 -1.10001056e-03
1.14556200e+04 3.06626180e-02 -1.24429005e-03 4.11033057e+00 -1.09547716e-03
1.14561200e+04 3.08286410e-02 -1.23871333e-03 4.11047562e+00 -1.09056742e-03
1.14566200e+04 3.09962900e-02 -1.23270275e-03 4.11062066e+00 -1.08527570e-03
1.14571200e+04 3.11655870e-02 -1.22625243e-03 4.11076570e+00 -1.07959684e-03
1.14576200e+04 3.13365560e-02 -1.21935596e-03 4.11091074e+00 -1.07352519e-03
1.14581200e+04 3.15092230e-02 -1.21200642e-03 4.11105578e+00 -1.06705465e-03
1.14586200e+04 3.16836130e-02 -1.20419713e-03 4.11120082e+00 -1.06017934e-03
1.14591200e+04 3.18597500e-02 -1.19592169e-03 4.11134586e+00 -1.05289363e-03
1.14596200e+04 3.20376610e-02 -1.18717289e-03 4.11149091e+00 -1.04519118e-03
1.14601200e+04 3.22173720e-02 -1.17794379e-03 4.11163595e+00 -1.03706587e-03
1.14606200e+04 3.23989110e-02 -1.16822693e-03 4.11178099e+00 -1.02851113e-03
1.14611200e+04 3.25823060e-02 -1.15801483e-03 4.11192603e+00 -1.01952038e-03
1.14616200e+04 3.27675830e-02 -1.14730055e-03 4.11207107e+00 -1.01008752e-03
1.14621200e+04 3.29547730e-02 -1.13607583e-03 4.11221611e+00 -1.00020525e-03
1.14626200e+04 3.31439040e-02 -1.12433319e-03 4.11236115e+00 -9.89867008e-04
1.14631200e+04 3.33350070e-02 -1.11206436e-03 4.11250620e+00 -9.79065505e-04
1.14636200e+04 3.35281120e-02 -1.09926133e-03 4.11265124e+00 -9.67793694e-04
1.14641200e+04 3.37232500e-02 -1.08591584e-03 4.11279628e+00 -9.56044293e-04
1.14646200e+04 3.39204530e-02 -1.07201934e-03 4.11294132e+00 -9.43809784e-04
1.14651200e+04 3.41197540e-02 -1.05756303e-03 4.11308636e+00 -9.31082415e-04
1.14656200e+04 3.43211860e-02 -1.04253811e-03 4.11323140e+00 -9.17854434e-04
1.14661200e+04 3.45247820e-02 -1.02693576e-03 4.11337644e+00 -9.04118089e-04
1.14666200e+04 3.47305780e-02 -1.01074639e-03 4.11352149e+00 -8.89864922e-04
1.14671200e+04 3.49386090e-02 -9.93960650e-04 4.11366653e+00 -8.75086711e-04
1.14676200e+04 3.51489100e-02 -9.76569204e-04 4.11381157e+00 -8.59775234e-04
1.14681200e+04 3.53615190e-02 -9.58561914e-04 4.11395661e+00 -8.43921564e-04
1.14686200e+04 3.55764740e-02 -9.39928639e-04 4.11410165e+00 -8.27516775e-04
1.14691200e+04 3.57938130e-02 -9.20659240e-04 4.11424669e+00 -8.10551938e-04
1.14696200e+04 3.60135760e-02 -9.00743043e-04 4.11439173e+00 -7.93017657e-04
1.14701200e+04 3.62358020e-02 -8.80169642e-04 4.11453677e+00 -7.74904772e-04
1.14706200e+04 3.64605330e-02 -8.58927831e-04 4.11468182e+00 -7.56203414e-04
1.14711200e+04 3.66878110e-02 -8.37006402e-04 4.11482686e+00 -7.36903717e-04
1.14716200e+04 3.69176790e-02 -8.14393882e-04 4.11497190e+00 -7.16995580e-04
1.14721200e+04 3.71501810e-02 -7.91078529e-04 4.11511694e+00 -6.96468666e-04
1.14726200e+04 3.73853610e-02 -7.67048605e-04 4.11526198e+00 -6.75312639e-04
1.14731200e+04 3.76232670e-02 -7.42291300e-04 4.11540702e+00 -6.53516222e-04
1.14736200e+04 3.78639450e-02 -7.16794341e-04 4.11555206e+00 -6.31068610e-04
1.14741200e+04 3.81074430e-02 -6.90544919e-04 4.11569711e+00 -6.07958526e-04
1.14746200e+04 3.83538100e-02 -6.63529960e-04 4.11584215e+00 -5.84174459e-04
1.14751200e+04 3.86030970e-02 -6.35735856e-04 4.11598719e+00 -5.59704429e-04
1.14756200e+04 3.88553560e-02 -6.07148731e-04 4.11613223e+00 -5.34536219e-04
1.14761200e+04 3.91106390e-02 -5.77754710e-04 4.11627727e+00 -5.08657613e-04
1.14766200e+04 3.93690010e-02 -5.47539118e-04 4.11642231e+00 -4.82055692e-04
1.14771200e+04 3.96304960e-02 -5.16487545e-04 4.11656735e+00 -4.54717768e-04
1.14776200e+04 3.98951820e-02 -4.84584516e-04 4.11671240e+00 -4.26630218e-04
1.14781200e+04 4.01631160e-02 -4.51814821e-04 4.11685744e+00 -3.97779651e-04
1.14786200e+04 4.04343590e-02 -4.18162183e-04 4.11700248e+00 -3.68151736e-04
1.14791200e+04 4.07089700e-02 -3.83610860e-04 4.11714752e+00 -3.37732613e-04
1.14796200e+04 4.09870140e-02 -3.48143507e-04 4.11729256e+00 -3.06507013e-04
1.14801200e+04 4.12685520e-02 -3.11743848e-04 4.11743760e+00 -2.74460605e-04
1.14806200e+04 4.15536520e-02 -2.74393738e-04 4.11758264e+00 -2.41577415e-04
1.14811200e+04 4.18423800e-02 -2.36075567e-04 4.11772769e+00 -2.07841938e-04
1.14816200e+04 4.21348050e-02 -1.96770923e-04 4.11787273e+00 -1.73237965e-04
1.14821200e+04 4.24309990e-02 -1.56460594e-04 4.11801777e+00 -1.37748581e-04
1.14826200e+04 4.27310330e-02 -1.15125636e-04 4.11816281e+00 -1.01357108e-04
1.14831200e+04 4.30349820e-02 -7.27460359e-05 4.11830785e+00 -6.40459260e-05
1.14836200e+04 4.33429230e-02 -2.93012478e-05 4.11845289e+00 -2.57969463e-05
1.14841200e+04 4.36549320e-02 1.52290074e-05 4.11859793e+00 1.34076848e-05
1.14846200e+04 4.39710920e-02 6.08668764e-05 4.11874298e+00 5.35874656e-05
1.14851200e+04 4.42914850e-02 1.07634240e-04 4.11888802e+00 9.47616596e-05
1.14856200e+04 4.46161940e-02 1.55553244e-04 4.11903306e+00 1.36949765e-04
1.14861200e+04 4.49453070e-02 2.04647370e-04 4.11917810e+00 1.80172455e-04
1.14866200e+04 4.52789140e-02 2.54940633e-04 4.11932314e+00 2.24450872e-04
1.14871200e+04 4.56171060e-02 3.06457315e-04 4.11946818e+00 2.69806394e-04
1.14876200e+04 4.59599760e-02 3.59222230e-04 4.11961322e+00 3.16260868e-04
1.14881200e+04 4.63076230e-02 4.13261795e-04 4.11975827e+00 3.63837552e-04
1.14886200e+04 4.66601460e-02 4.68602426e-04 4.11990331e+00 4.12559702e-04
1.14891200e+04 4.70176460e-02 5.25271074e-04 4.12004835e+00 4.62451046e-04
1.14896200e+04 4.73802290e-02 5.83296021e-04 4.12019339e+00 5.13536484e-04
1.14901200e+04 4.77480030e-02 6.42706086e-04 4.12033843e+00 5.65841389e-04
1.14906200e+04 4.81210800e-02 7.03531154e-04 4.12048347e+00 6.19392070e-04
1.14911200e+04 4.84995730e-02 7.65801377e-04 4.12062851e+00 6.74215075e-04
1.14916200e+04 4.88836000e-02 8.29548241e-04 4.12077356e+00 7.30338123e-04
1.14921200e+04 4.92732820e-02 8.94804031e-04 4.12091860e+00 7.87789640e-04
1.14926200e+04 4.96687440e-02 9.61602103e-04 4.12106364e+00 8.46598991e-04
1.14931200e+04 5.00701150e-02 1.02997688e-03 4.12120868e+00 9.06796480e-04
1.14936200e+04 5.04775260e-02 1.09996331e-03 4.12135372e+00 9.68412882e-04
1.14941200e+04 5.08911130e-02 1.17159769e-03 4.12149876e+00 1.03148015e-03
1.14946200e+04 5.13110170e-02 1.24491763e-03 4.12164380e+00 1.09603140e-03
1.14951200e+04 5.17373820e-02 1.31996157e-03 4.12178884e+00 1.16210046e-03
1.14956200e+04 5.21703570e-02 1.39676926e-03 4.12193389e+00 1.22972234e-03
1.14961200e+04 5.26100950e-02 1.47538152e-03 4.12207893e+00 1.29893298e-03
1.14966200e+04 5.30567550e-02 1.55584079e-03 4.12222397e+00 1.36976973e-03
1.14971200e+04 5.35105000e-02 1.63819055e-03 4.12236901e+00 1.44227089e-03
1.14976200e+04 5.39714980e-02 1.72247564e-03 4.12251405e+00 1.51647591e-03
1.14981200e+04 5.44399230e-02 1.80874247e-03 4.12265909e+00 1.59242569e-03
1.14986200e+04 5.49159540e-02 1.89703882e-03 4.12280413e+00 1.67016225e-03
1.14991200e+04 5.53997770e-02 1.98741431e-03 4.12294918e+00 1.74972932e-03
1.14996200e+04 5.58915810e-02 2.07991938e-03 4.12309422e+00 1.83117127e-03
1.15001200e+04 5.63915660e-02 2.17460739e-03 4.12323926e+00 1.91453510e-03
1.15006200e+04 5.68999340e-02 2.27153224e-03 4.12338430e+00 1.99986826e-03
1.15011200e+04 5.74168960e-02 2.37075024e-03 4.12352934e+00 2.08722031e-03
1.15016200e+04 5.79426710e-02 2.47231981e-03 4.12367438e+00 2.17664271e-03
1.15021200e+04 5.84774820e-02 2.57630046e-03 4.12381942e+00 2.26818784e-03
1.15026200e+04 5.90215650e-02 2.68275517e-03 4.12396447e+00 2.36191115e-03
1.15031200e+04 5.95751580e-02 2.79174743e-03 4.12410951e+00 2.45786854e-03
1.15036200e+04 6.01385120e-02 2.90334423e-03 4.12425455e+00 2.55611898e-03
1.15041200e+04 6.07118850e-02 3.01761441e-03 4.12439959e+00 2.65672307e-03
1.15046200e+04 6.12955430e-02 3.13462894e-03 4.12454463e+00 2.75974331e-03
1.15051200e+04 6.18897650e-02 3.25446227e-03 4.12468967e+00 2.86524524e-03
1.15056200e+04 6.24948360e-02 3.37719044e-03 4.12483471e+00 2.97329582e-03
1.15061200e+04 6.31110530e-02 3.50289271e-03 4.12497976e+00 3.08396480e-03
1.15066200e+04 6.37387260e-02 3.63165179e-03 4.12512480e+00 3.19732502e-03
1.15071200e+04 6.43781730e-02 3.76355253e-03 4.12526984e+00 3.31345118e-03
1.15076200e+04 6.50297260e-02 3.89868353e-03 4.12541488e+00 3.43242128e-03
1.15081200e+04 6.56937290e-02 4.03713656e-03 4.12555992e+00 3.55431613e-03
1.15086200e+04 6.63705390e-02 4.17900690e-03 4.12570496e+00 3.67921959e-03
1.15091200e+04 6.70605270e-02 4.32439353e-03 4.12585000e+00 3.80721882e-03
1.15096200e+04 6.77640770e-02 4.47339891e-03 4.12599505e+00 3.93840402e-03
1.15101200e+04 6.84815910e-02 4.62613032e-03 4.12614009e+00 4.07286964e-03
1.15106200e+04 6.92134850e-02 4.78269876e-03 4.12628513e+00 4.21071341e-03
1.15111200e+04 6.99601900e-02 4.94321922e-03 4.12643017e+00 4.35203656e-03
1.15116200e+04 7.07221580e-02 5.10781232e-03 4.12657521e+00 4.49694529e-03
1.15121200e+04 7.14998560e-02 5.27660267e-03 4.12672025e+00 4.64554931e-03
1.15126200e+04 7.22937740e-02 5.44972100e-03 4.12686529e+00 4.79796372e-03
1.15131200e+04 7.31044170e-02 5.62730208e-03 4.12701034e+00 4.95430716e-03
1.15136200e+04 7.39323170e-02 5.80948786e-03 4.12715538e+00 5.11470460e-03
1.15141200e+04 7.47780250e-02 5.99642536e-03 4.12730042e+00 5.27928549e-03
1.15146200e+04 7.56421160e-02 6.18826800e-03 4.12744546e+00 5.44818491e-03
1.15151200e+04 7.65251910e-02 6.38517616e-03 4.12759050e+00 5.62154404e-03
1.15156200e+04 7.74278770e-02 6.58731713e-03 4.12773554e+00 5.79951017e-03
1.15161200e+04 7.83508270e-02 6.79486515e-03 4.12788058e+00 5.98223672e-03
1.15166200e+04 7.92947260e-02 7.00800302e-03 4.12802563e+00 6.16988459e-03
1.15171200e+04 8.02602880e-02 7.22692123e-03 4.12817067e+00 6.36262152e-03
1.15176200e+04 8.12482610e-02 7.45181939e-03 4.12831571e+00 6.56062324e-03
1.15181200e+04 8.22594270e-02 7.68290615e-03 4.12846075e+00 6.76407344e-03
1.15186200e+04 8.32946030e-02 7.92039951e-03 4.12860579e+00 6.97316406e-03
1.15191200e+04 8.43546470e-02 8.16452841e-03 4.12875083e+00 7.18809666e-03
1.15196200e+04 8.54404570e-02 8.41553248e-03 4.12889587e+00 7.40908220e-03
1.15201200e+04 8.65529750e-02 8.67366305e-03 4.12904091e+00 7.63634196e-03
1.15206200e+04 8.76931890e-02 8.93918377e-03 4.12918596e+00 7.87010806e-03
1.15211200e+04 8.88621340e-02 9.21237080e-03 4.12933100e+00 8.11062363e-03
1.15216200e+04 9.00609010e-02 9.49351525e-03 4.12947604e+00 8.35814497e-03
1.15221200e+04 9.12906320e-02 9.78292185e-03 4.12962108e+00 8.61294036e-03
1.15226200e+04 9.25525310e-02 1.00809119e-02 4.12976612e+00 8.87529264e-03
1.15231200e+04 9.38478630e-02 1.03878228e-02 4.12991116e+00 9.14549899e-03
1.15236200e+04 9.51779600e-02 1.07040101e-02 4.13005620e+00 9.42387231e-03
1.15241200e+04 9.65442260e-02 1.10298484e-02 4.13020125e+00 9.71074244e-03
1.15246200e+04 9.79481400e-02 1.13657324e-02 4.13034629e+00 1.00064568e-02
1.15251200e+04 9.93912620e-02 1.17120782e-02 4.13049133e+00 1.03113819e-02
1.15256200e+04 1.00875240e-01 1.20693257e-02 4.13063637e+00 1.06259049e-02
1.15261200e+04 1.02401810e-01 1.24379381e-02 4.13078141e+00 1.09504336e-02
1.15266200e+04 1.03972820e-01 1.28184083e-02 4.13092645e+00 1.12854021e-02
1.15271200e+04 1.05590200e-01 1.32112516e-02 4.13107149e+00 1.16312638e-02
1.15276200e+04 1.07256030e-01 1.36170227e-02 4.13121654e+00 1.19885074e-02
1.15281200e+04 1.08972470e-01 1.40362982e-02 4.13136158e+00 1.23576402e-02
1.15286200e+04 1.10741850e-01 1.44696997e-02 4.13150662e+00 1.27392097e-02
1.15291200e+04 1.12566630e-01 1.49178836e-02 4.13165166e+00 1.31337937e-02
1.15296200e+04 1.14449400e-01 1.53815410e-02 4.13179670e+00 1.35420007e-02
1.15301200e+04 1.16392940e-01 1.58614137e-02 4.13194174e+00 1.39644838e-02
1.15306200e+04 1.18400200e-01 1.63582888e-02 4.13208678e+00 1.44019360e-02
1.15311200e+04 1.20474330e-01 1.68730069e-02 4.13223183e+00 1.48550972e-02
1.15316200e+04 1.22618680e-01 1.74064619e-02 4.13237687e+00 1.53247545e-02
1.15321200e+04 1.24836820e-01 1.79596063e-02 4.13252191e+00 1.58117465e-02
1.15326200e+04 1.27132560e-01 1.85334567e-02 4.13266695e+00 1.63169682e-02
1.15331200e+04 1.29510000e-01 1.91291072e-02 4.13281199e+00 1.68413829e-02
1.15336200e+04 1.31973510e-01 1.97477239e-02 4.13295703e+00 1.73860171e-02
1.15341200e+04 1.34527760e-01 2.03905527e-02 4.13310207e+00 1.79519679e-02
1.15346200e+04 1.37177790e-01 2.10589386e-02 4.13324712e+00 1.85404193e-02
1.15351200e+04 1.39929000e-01 2.17543224e-02 4.13339216e+00 1.91526399e-02
1.15356200e+04 1.42787190e-01 2.24782517e-02 4.13353720e+00 1.97899921e-02
1.15361200e+04 1.45758620e-01 2.32323970e-02 4.13368224e+00 2.04539467e-02
1.15366200e+04 1.48850030e-01 2.40185565e-02 4.13382728e+00 2.11460869e-02
1.15371200e+04 1.52068700e-01 2.48386730e-02 4.13397232e+00 2.18681230e-02
1.15376200e+04 1.55422510e-01 2.56948489e-02 4.13411736e+00 2.26219061e-02
1.15381200e+04 1.58919980e-01 2.65893577e-02 4.13426241e+00 2.34094377e-02
1.15386200e+04 1.62570350e-01 2.75246650e-02 4.13440745e+00 2.42328885e-02
1.15391200e+04 1.66383680e-01 2.85034549e-02 4.13455249e+00 2.50946219e-02
1.15396200e+04 1.70370880e-01 2.95286387e-02 4.13469753e+00 2.59972007e-02
1.15401200e+04 1.74543850e-01 3.06033916e-02 4.13484257e+00 2.69434205e-02
1.15406200e+04 1.78915610e-01 3.17311878e-02 4.13498761e+00 2.79363400e-02
1.15411200e+04 1.83500340e-01 3.29158109e-02 4.13513265e+00 2.89792903e-02
1.15416200e+04 1.88313640e-01 3.41614235e-02 4.13527770e+00 3.00759362e-02
1.15421200e+04 1.93372600e-01 3.54725856e-02 4.13542274e+00 3.12302924e-02
1.15426200e+04 1.98696020e-01 3.68543138e-02 4.13556778e+00 3.24467754e-02
1.15431200e+04 2.04304640e-01 3.83121422e-02 4.13571282e+00 3.37302576e-02
1.15436200e+04 2.10221360e-01 3.98521810e-02 4.13585786e+00 3.50861184e-02
1.15441200e+04 2.16471550e-01 4.14811998e-02 4.13600290e+00 3.65203179e-02
1.15446200e+04 2.23083380e-01 4.32067153e-02 4.13614794e+00 3.80394737e-02
1.15451200e+04 2.30088180e-01 4.50370872e-02 4.13629298e+00 3.96509458e-02
1.15456200e+04 2.37520910e-01 4.69816439e-02 4.13643803e+00 4.13629471e-02
1.15461200e+04 2.45420720e-01 4.90508319e-02 4.13658307e+00 4.31846746e-02
1.15466200e+04 2.53831510e-01 5.12563650e-02 4.13672811e+00 4.51264413e-02
1.15471200e+04 2.62802700e-01 5.36114300e-02 4.13687315e+00 4.71998570e-02
1.15476200e+04 2.72390090e-01 5.61309160e-02 4.13701819e+00 4.94180301e-02
1.15481200e+04 2.82656920e-01 5.88316974e-02 4.13716323e+00 5.17958170e-02
1.15486200e+04 2.93675070e-01 6.17329540e-02 4.13730827e+00 5.43501037e-02
1.15491200e+04 3.05526560e-01 6.48565713e-02 4.13745332e+00 5.71001583e-02
1.15496200e+04 3.18305390e-01 6.82276313e-02 4.13759836e+00 6.00680632e-02
1.15501200e+04 3.32119660e-01 7.18749783e-02 4.13774340e+00 6.32792132e-02
1.15506200e+04 3.47094280e-01 7.58319423e-02 4.13788844e+00 6.67629522e-02
1.15511200e+04 3.63374230e-01 8.01372083e-02 4.13803348e+00 7.05533388e-02
1.15516200e+04 3.81128590e-01 8.48358921e-02 4.13817852e+00 7.46900932e-02
1.15521200e+04 4.00555570e-01 8.99808821e-02 4.13832356e+00 7.92197788e-02
1.15526200e+04 4.21888820e-01 9.56345234e-02 4.13846861e+00 8.41972846e-02
1.15531200e+04 4.45405300e-01 1.01870717e-01 4.13861365e+00 8.96876739e-02
1.15536200e+04 4.71435320e-01 1.08777601e-01 4.13875869e+00 9.57685430e-02
1.15541200e+04 5.00343200e-01 1.16452385e-01 4.13890373e+00 1.02525478e-01
1.15546200e+04 5.32421400e-01 1.24973108e-01 4.13904877e+00 1.10027183e-01
1.15551200e+04 5.68672470e-01 1.34607281e-01 4.13919381e+00 1.18509177e-01
1.15552200e+04 5.76458270e-01 1.36677026e-01 4.13922282e+00 1.20331395e-01
1.15553200e+04 5.84436990e-01 1.38798248e-01 4.13925183e+00 1.22198935e-01
1.15554200e+04 5.92615330e-01 1.40972735e-01 4.13928084e+00 1.24113368e-01
1.15555200e+04 6.01000290e-01 1.43202355e-01 4.13930985e+00 1.26076341e-01
1.15556200e+04 6.09599180e-01 1.45489057e-01 4.13933885e+00 1.28089571e-01
1.15557200e+04 6.18419620e-01 1.47834876e-01 4.13936786e+00 1.30154846e-01
1.15558200e+04 6.27469590e-01 1.50241941e-01 4.13939687e+00 1.32274043e-01
1.15559200e+04 6.36757420e-01 1.52712474e-01 4.13942588e+00 1.34449118e-01
1.15560200e+04 6.46291820e-01 1.55248799e-01 4.13945489e+00 1.36682117e-01
1.15561200e+04 6.56081900e-01 1.57853348e-01 4.13948390e+00 1.38975180e-01
1.15562200e+04 6.66137190e-01 1.60528662e-01 4.13951290e+00 1.41330546e-01
1.15563200e+04 6.76467670e-01 1.63277406e-01 4.13954191e+00 1.43750560e-01
1.15564200e+04 6.87083770e-01 1.66102362e-01 4.13957092e+00 1.46237671e-01
1.15565200e+04 6.97996430e-01 1.69006449e-01 4.13959993e+00 1.48794450e-01
1.15566200e+04 7.09217110e-01 1.71992726e-01 4.13962894e+00 1.51423589e-01
1.15567200e+04 7.20757800e-01 1.75064391e-01 4.13965795e+00 1.54127905e-01
1.15568200e+04 7.32631090e-01 1.78224804e-01 4.13968695e+00 1.56910355e-01
1.15569200e+04 7.44850160e-01 1.81477481e-01 4.13971596e+00 1.59774036e-01
1.15570200e+04 7.57428860e-01 1.84826119e-01 4.13974497e+00 1.62722200e-01
1.15571200e+04 7.70381710e-01 1.88274591e-01 4.13977398e+00 1.65758260e-01
1.15572200e+04 7.83723920e-01 1.91826957e-01 4.13980299e+00 1.68885788e-01
1.15573200e+04 7.97471520e-01 1.95487493e-01 4.13983199e+00 1.72108550e-01
1.15574200e+04 8.11641290e-01 1.99260677e-01 4.13986100e+00 1.75430489e-01
1.15575200e+04 8.26250880e-01 2.03151219e-01 4.13989001e+00 1.78855749e-01
1.15576200e+04 8.41318830e-01 2.07164065e-01 4.13991902e+00 1.82388687e-01
1.15577200e+04 8.56864640e-01 2.11304418e-01 4.13994803e+00 1.86033884e-01
1.15578200e+04 8.72908800e-01 2.15577747e-01 4.13997704e+00 1.89796153e-01
1.15579200e+04 8.89472860e-01 2.19989801e-01 4.14000604e+00 1.93680557e-01
1.15580200e+04 9.06579480e-01 2.24546626e-01 4.14003505e+00 1.97692419e-01
1.15581200e+04 9.24252520e-01 2.29254590e-01 4.14006406e+00 2.01837344e-01
1.15582200e+04 9.42517060e-01 2.34120384e-01 4.14009307e+00 2.06121224e-01
1.15583200e+04 9.61399520e-01 2.39151058e-01 4.14012208e+00 2.10550266e-01
1.15584200e+04 9.80927710e-01 2.44354033e-01 4.14015109e+00 2.15131002e-01
1.15585200e+04 1.00113090e+00 2.49737118e-01 4.14018009e+00 2.19870309e-01
1.15586200e+04 1.02203990e+00 2.55308535e-01 4.14020910e+00 2.24775424e-01
1.15587200e+04 1.04368710e+00 2.61076926e-01 4.14023811e+00 2.29853957e-01
1.15588200e+04 1.06610680e+00 2.67051444e-01 4.14026712e+00 2.35113966e-01
1.15589200e+04 1.08933490e+00 2.73241668e-01 4.14029613e+00 2.40563883e-01
1.15590200e+04 1.11340930e+00 2.79657711e-01 4.14032514e+00 2.46212613e-01
1.15591200e+04 1.13836980e+00 2.86310192e-01 4.14035414e+00 2.52069506e-01
1.15592200e+04 1.16425840e+00 2.93210319e-01 4.14038315e+00 2.58144427e-01
1.15593200e+04 1.19111940e+00 3.00369912e-01 4.14041216e+00 2.64447784e-01
1.15594200e+04 1.21899910e+00 3.07801325e-01 4.14044117e+00 2.70990453e-01
1.15595200e+04 1.24794640e+00 3.15517607e-01 4.14047018e+00 2.77783923e-01
1.15596200e+04 1.27801260e+00 3.23532445e-01 4.14049919e+00 2.84840244e-01
1.15597200e+04 1.30925170e+00 3.31860250e-01 4.14052819e+00 2.92172103e-01
1.15598200e+04 1.34172020e+00 3.40516095e-01 4.14055720e+00 2.99792772e-01
1.15599200e+04 1.37547730e+00 3.49515779e-01 4.14058621e+00 3.07716158e-01
1.15600200e+04 1.41058530e+00 3.58875924e-01 4.14061522e+00 3.15956897e-01
1.15601200e+04 1.44710910e+00 3.68613848e-01 4.14064423e+00 3.24530235e-01
1.15602200e+04 1.48511650e+00 3.78747642e-01 4.14067324e+00 3.33452100e-01
1.15603200e+04 1.52467820e+00 3.89296170e-01 4.14070224e+00 3.42739101e-01
1.15604200e+04 1.56586770e+00 4.00279046e-01 4.14073125e+00 3.52408504e-01
1.15605200e+04 1.60876150e+00 4.11716681e-01 4.14076026e+00 3.62478280e-01
1.15606200e+04 1.65343840e+00 4.23630102e-01 4.14078927e+00 3.72966941e-01
1.15607200e+04 1.69997990e+00 4.36041055e-01 4.14081828e+00 3.83893634e-01
1.15608200e+04 1.74846960e+00 4.48971848e-01 4.14084728e+00 3.95277997e-01
1.15609200e+04 1.79899310e+00 4.62445320e-01 4.14087629e+00 4.07140139e-01
1.15610200e+04 1.85163730e+00 4.76484661e-01 4.14090530e+00 4.19500476e-01
1.15611200e+04 1.90648990e+00 4.91113270e-01 4.14093431e+00 4.32379609e-01
1.15612200e+04 1.96363890e+00 5.06354629e-01 4.14096332e+00 4.45798212e-01
1.15613200e+04 2.02317150e+00 5.22232006e-01 4.14099233e+00 4.59776769e-01
1.15614200e+04 2.08517310e+00 5.38768187e-01 4.14102133e+00 4.74335342e-01
1.15615200e+04 2.14972610e+00 5.55985160e-01 4.14105034e+00 4.89493289e-01
1.15616200e+04 2.21690830e+00 5.73903684e-01 4.14107935e+00 5.05268888e-01
1.15617200e+04 2.28679120e+00 5.92542838e-01 4.14110836e+00 5.21678933e-01
1.15618200e+04 2.35943780e+00 6.11919431e-01 4.14113737e+00 5.38738226e-01
1.15619200e+04 2.43490060e+00 6.32047473e-01 4.14116638e+00 5.56459100e-01
1.15620200e+04 2.51321850e+00 6.52937343e-01 4.14119538e+00 5.74850693e-01
1.15621200e+04 2.59441400e+00 6.74595045e-01 4.14122439e+00 5.93918290e-01
1.15622200e+04 2.67848960e+00 6.97021246e-01 4.14125340e+00 6.13662480e-01
1.15623200e+04 2.76542470e+00 7.20210448e-01 4.14128241e+00 6.34078422e-01
1.15624200e+04 2.85517100e+00 7.44149766e-01 4.14131142e+00 6.55154770e-01
1.15625200e+04 2.94764880e+00 7.68817931e-01 4.14134043e+00 6.76872802e-01
1.15626200e+04 3.04274300e+00 7.94184231e-01 4.14136943e+00 6.99205477e-01
1.15627200e+04 3.14029840e+00 8.20207256e-01 4.14139844e+00 7.22116337e-01
1.15628200e+04 3.24011590e+00 8.46833877e-01 4.14142745e+00 7.45558608e-01
1.15629200e+04 3.34194960e+00 8.73998483e-01 4.14145646e+00 7.69474525e-01
1.15630200e+04 3.44550290e+00 9.01621931e-01 4.14148547e+00 7.93794409e-01
1.15631200e+04 3.55042760e+00 9.29611310e-01 4.14151448e+00 8.18436462e-01
1.15632200e+04 3.65632270e+00 9.57859622e-01 4.14154348e+00 8.43306482e-01
1.15633200e+04 3.76273520e+00 9.86245992e-01 4.14157249e+00 8.68298049e-01
1.15634200e+04 3.86916330e+00 1.01463652e+00 4.14160150e+00 8.93293281e-01
1.15635200e+04 3.97506040e+00 1.04288537e+00 4.14163051e+00 9.18163771e-01
1.15636200e+04 4.07984250e+00 1.07083670e+00 4.14165952e+00 9.42772326e-01
1.15637200e+04 4.18289680e+00 1.09832700e+00 4.14168852e+00 9.66974987e-01
1.15638200e+04 4.28359270e+00 1.12518800e+00 4.14171753e+00 9.90623613e-01
1.15639200e+04 4.38129490e+00 1.15125020e+00 4.14174654e+00 1.01356896e+00
1.15640200e+04 4.47537650e+00 1.17634631e+00 4.14177555e+00 1.03566376e+00
1.15641200e+04 4.56523100e+00 1.20031449e+00 4.14180456e+00 1.05676553e+00
1.15642200e+04 4.65028140e+00 1.22300080e+00 4.14183357e+00 1.07673872e+00
1.15643200e+04 4.72999530e+00 1.24426317e+00 4.14186257e+00 1.09545827e+00
1.15644200e+04 4.80390470e+00 1.26397671e+00 4.14189158e+00 1.11281422e+00
1.15645200e+04 4.87162280e+00 1.28203823e+00 4.14192059e+00 1.12871572e+00
1.15646200e+04 4.93285640e+00 1.29836949e+00 4.14194960e+00 1.14309388e+00
1.15647200e+04 4.98740710e+00 1.31291754e+00 4.14197861e+00 1.15590209e+00
1.15648200e+04 5.03517050e+00 1.32565454e+00 4.14200762e+00 1.16711584e+00
1.15649200e+04 5.07613340e+00 1.33657695e+00 4.14203662e+00 1.17673201e+00
1.15650200e+04 5.11036980e+00 1.34570452e+00 4.14206563e+00 1.18476800e+00
1.15651200e+04 5.13803280e+00 1.35307811e+00 4.14209464e+00 1.19125977e+00
1.15652200e+04 5.15934520e+00 1.35875717e+00 4.14212365e+00 1.19625966e+00
1.15653200e+04 5.17458890e+00 1.36281691e+00 4.14215266e+00 1.19983389e+00
1.15654200e+04 5.18409320e+00 1.36534521e+00 4.14218167e+00 1.20205982e+00
1.15655200e+04 5.18822360e+00 1.36643958e+00 4.14221067e+00 1.20302332e+00
1.15656200e+04 5.18736980e+00 1.36620401e+00 4.14223968e+00 1.20281593e+00
1.15657200e+04 5.18193580e+00 1.36474631e+00 4.14226869e+00 1.20153256e+00
1.15658200e+04 5.17233010e+00 1.36217547e+00 4.14229770e+00 1.19926918e+00
1.15659200e+04 5.15895840e+00 1.35859975e+00 4.14232671e+00 1.19612109e+00
1.15660200e+04 5.14221650e+00 1.35412475e+00 4.14235572e+00 1.19218128e+00
1.15661200e+04 5.12248540e+00 1.34885214e+00 4.14238472e+00 1.18753924e+00
1.15662200e+04 5.10012760e+00 1.34287865e+00 4.14241373e+00 1.18228014e+00
1.15663200e+04 5.07548410e+00 1.33629527e+00 4.14244274e+00 1.17648409e+00
1.15664200e+04 5.04887320e+00 1.32918692e+00 4.14247175e+00 1.17022585e+00
1.15665200e+04 5.02058960e+00 1.32163225e+00 4.14250076e+00 1.16357466e+00
1.15666200e+04 4.99090440e+00 1.31370358e+00 4.14252976e+00 1.15659421e+00
1.15667200e+04 4.96006580e+00 1.30546715e+00 4.14255877e+00 1.14934281e+00
1.15668200e+04 4.92829980e+00 1.29698327e+00 4.14258778e+00 1.14187354e+00
1.15669200e+04 4.89581180e+00 1.28830673e+00 4.14261679e+00 1.13423465e+00
1.15670200e+04 4.86278720e+00 1.27948701e+00 4.14264580e+00 1.12646971e+00
1.15671200e+04 4.82939390e+00 1.27056891e+00 4.14267481e+00 1.11861816e+00
1.15672200e+04 4.79578290e+00 1.26159272e+00 4.14270381e+00 1.11071546e+00
1.15673200e+04 4.76208990e+00 1.25259465e+00 4.14273282e+00 1.10279350e+00
1.15674200e+04 4.72843720e+00 1.24360733e+00 4.14276183e+00 1.09488100e+00
1.15675200e+04 4.69493420e+00 1.23465996e+00 4.14279084e+00 1.08700368e+00
1.15676200e+04 4.66167890e+00 1.22577869e+00 4.14281985e+00 1.07918454e+00
1.15677200e+04 4.62875900e+00 1.21698690e+00 4.14284886e+00 1.07144419e+00
1.15678200e+04 4.59625270e+00 1.20830548e+00 4.14287786e+00 1.06380101e+00
1.15679200e+04 4.56422960e+00 1.19975299e+00 4.14290687e+00 1.05627134e+00
1.15680200e+04 4.53275120e+00 1.19134585e+00 4.14293588e+00 1.04886963e+00
1.15681200e+04 4.50187180e+00 1.18309853e+00 4.14296489e+00 1.04160864e+00
1.15682200e+04 4.47163910e+00 1.17502378e+00 4.14299390e+00 1.03449957e+00
1.15683200e+04 4.44209440e+00 1.16713260e+00 4.14302291e+00 1.02755213e+00
1.15684200e+04 4.41327300e+00 1.15943443e+00 4.14305191e+00 1.02077460e+00
1.15685200e+04 4.38520510e+00 1.15193731e+00 4.14308092e+00 1.01417408e+00
1.15686200e+04 4.35791570e+00 1.14464791e+00 4.14310993e+00 1.00775645e+00
1.15687200e+04 4.33142480e+00 1.13757158e+00 4.14313894e+00 1.00152640e+00
1.15688200e+04 4.30574820e+00 1.13071254e+00 4.14316795e+00 9.95487652e-01
1.15689200e+04 4.28089740e+00 1.12407384e+00 4.14319696e+00 9.89642896e-01
1.15690200e+04 4.25687980e+00 1.11765746e+00 4.14322596e+00 9.83993875e-01
1.15691200e+04 4.23369930e+00 1.11146445e+00 4.14325497e+00 9.78541505e-01
1.15692200e+04 4.21135620e+00 1.10549488e+00 4.14328398e+00 9.73285857e-01
1.15693200e+04 4.18984750e+00 1.09974796e+00 4.14331299e+00 9.68226226e-01
1.15694200e+04 4.16916720e+00 1.09422207e+00 4.14334200e+00 9.63361203e-01
1.15695200e+04 4.14930660e+00 1.08891491e+00 4.14337101e+00 9.58688743e-01
1.15696200e+04 4.13025420e+00 1.08382340e+00 4.14340001e+00 9.54206145e-01
1.15697200e+04 4.11199620e+00 1.07894387e+00 4.14342902e+00 9.49910167e-01
1.15698200e+04 4.09451680e+00 1.07427208e+00 4.14345803e+00 9.45797097e-01
1.15699200e+04 4.07779800e+00 1.06980325e+00 4.14348704e+00 9.41862708e-01
1.15700200e+04 4.06182020e+00 1.06553214e+00 4.14351605e+00 9.38102394e-01
1.15701200e+04 4.04656230e+00 1.06145312e+00 4.14354505e+00 9.34511198e-01
1.15702200e+04 4.03200190e+00 1.05756021e+00 4.14357406e+00 9.31083859e-01
1.15703200e+04 4.01811540e+00 1.05384713e+00 4.14360307e+00 9.27814833e-01
1.15704200e+04 4.00487860e+00 1.05030740e+00 4.14363208e+00 9.24698433e-01
1.15705200e+04 3.99226640e+00 1.04693433e+00 4.14366109e+00 9.21728765e-01
1.15706200e+04 3.98025360e+00 1.04372120e+00 4.14369010e+00 9.18899907e-01
1.15707200e+04 3.96881470e+00 1.04066121e+00 4.14371910e+00 9.16205869e-01
1.15708200e+04 3.95792430e+00 1.03774757e+00 4.14374811e+00 9.13640685e-01
1.15709200e+04 3.94755710e+00 1.03497354e+00 4.14377712e+00 9.11198411e-01
1.15710200e+04 3.93768870e+00 1.03233261e+00 4.14380613e+00 9.08873315e-01
1.15711200e+04 3.92829510e+00 1.02981836e+00 4.14383514e+00 9.06659759e-01
1.15712200e+04 3.91935340e+00 1.02742470e+00 4.14386415e+00 9.04552363e-01
1.15713200e+04 3.91084160e+00 1.02514574e+00 4.14389315e+00 9.02545959e-01
1.15714200e+04 3.90273920e+00 1.02297603e+00 4.14392216e+00 9.00635731e-01
1.15715200e+04 3.89502720e+00 1.02091049e+00 4.14395117e+00 8.98817215e-01
1.15716200e+04 3.88768790e+00 1.01894439e+00 4.14398018e+00 8.97086254e-01
1.15717200e+04 3.88070550e+00 1.01707353e+00 4.14400919e+00 8.95439136e-01
1.15718200e+04 3.87406600e+00 1.01529416e+00 4.14403820e+00 8.93872572e-01
1.15719200e+04 3.86775700e+00 1.01360298e+00 4.14406720e+00 8.92383649e-01
1.15720200e+04 3.86176830e+00 1.01199727e+00 4.14409621e+00 8.90969971e-01
1.15721200e+04 3.85609120e+00 1.01047470e+00 4.14412522e+00 8.89629493e-01
1.15722200e+04 3.85071920e+00 1.00903354e+00 4.14415423e+00 8.88360690e-01
1.15723200e+04 3.84564730e+00 1.00767246e+00 4.14418324e+00 8.87162386e-01
1.15724200e+04 3.84087230e+00 1.00639060e+00 4.14421225e+00 8.86033829e-01
1.15725200e+04 3.83639240e+00 1.00518748e+00 4.14424125e+00 8.84974598e-01
1.15726200e+04 3.83220740e+00 1.00406305e+00 4.14427026e+00 8.83984644e-01
1.15727200e+04 3.82831820e+00 1.00301755e+00 4.14429927e+00 8.83064179e-01
1.15728200e+04 3.82472690e+00 1.00205153e+00 4.14432828e+00 8.82213697e-01
1.15729200e+04 3.82143630e+00 1.00116576e+00 4.14435729e+00 8.81433856e-01
1.15730200e+04 3.81844990e+00 1.00036115e+00 4.14438629e+00 8.80725477e-01
1.15731200e+04 3.81577170e+00 9.99638778e-01 4.14441530e+00 8.80089500e-01
1.15732200e+04 3.81340570e+00 9.98999712e-01 4.14444431e+00 8.79526865e-01
1.15733200e+04 3.81135620e+00 9.98445098e-01 4.14447332e+00 8.79038582e-01
1.15734200e+04 3.80962690e+00 9.97975923e-01 4.14450233e+00 8.78625521e-01
1.15735200e+04 3.80822140e+00 9.97593148e-01 4.14453134e+00 8.78288526e-01
1.15736200e+04 3.80714240e+00 9.97297493e-01 4.14456034e+00 8.78028233e-01
1.15737200e+04 3.80639190e+00 9.97089492e-01 4.14458935e+00 8.77845110e-01
1.15738200e+04 3.80597090e+00 9.96969411e-01 4.14461836e+00 8.77739394e-01
1.15739200e+04 3.80587930e+00 9.96937225e-01 4.14464737e+00 8.77711061e-01
1.15740200e+04 3.80611580e+00 9.96992586e-01 4.14467638e+00 8.77759804e-01
1.15741200e+04 3.80667770e+00 9.97134773e-01 4.14470539e+00 8.77884991e-01
1.15742200e+04 3.80756080e+00 9.97362667e-01 4.14473439e+00 8.78085633e-01
1.15743200e+04 3.80875980e+00 9.97674852e-01 4.14476340e+00 8.78360487e-01
1.15744200e+04 3.81026740e+00 9.98069381e-01 4.14479241e+00 8.78707837e-01
1.15745200e+04 3.81207530e+00 9.98544040e-01 4.14482142e+00 8.79125734e-01
1.15746200e+04 3.81417330e+00 9.99096106e-01 4.14485043e+00 8.79611780e-01
1.15747200e+04 3.81655020e+00 9.99722591e-01 4.14487944e+00 8.80163346e-01
1.15748200e+04 3.81919300e+00 1.00042003e+00 4.14490844e+00 8.80777377e-01
1.15749200e+04 3.82208780e+00 1.00118470e+00 4.14493745e+00 8.81450608e-01
1.15750200e+04 3.82521930e+00 1.00201254e+00 4.14496646e+00 8.82179444e-01
1.15751200e+04 3.82857110e+00 1.00289916e+00 4.14499547e+00 8.82960033e-01
1.15752200e+04 3.83212600e+00 1.00383997e+00 4.14502448e+00 8.83788334e-01
1.15753200e+04 3.83586600e+00 1.00483017e+00 4.14505349e+00 8.84660119e-01
1.15754200e+04 3.83977230e+00 1.00586475e+00 4.14508249e+00 8.85570971e-01
1.15755200e+04 3.84382570e+00 1.00693857e+00 4.14511150e+00 8.86516379e-01
1.15756200e+04 3.84800660e+00 1.00804642e+00 4.14514051e+00 8.87491740e-01
1.15757200e+04 3.85229520e+00 1.00918301e+00 4.14516952e+00 8.88492402e-01
1.15758200e+04 3.85667170e+00 1.01034304e+00 4.14519853e+00 8.89513713e-01
1.15759200e+04 3.86111630e+00 1.01152126e+00 4.14522753e+00 8.90551023e-01
1.15760200e+04 3.86560940e+00 1.01271241e+00 4.14525654e+00 8.91599726e-01
1.15761200e+04 3.87013200e+00 1.01391143e+00 4.14528555e+00 8.92655359e-01
1.15762200e+04 3.87466520e+00 1.01511328e+00 4.14531456e+00 8.93713482e-01
1.15763200e+04 3.87919100e+00 1.01631316e+00 4.14534357e+00 8.94769867e-01
1.15764200e+04 3.88369190e+00 1.01750639e+00 4.14537258e+00 8.95820402e-01
1.15765200e+04 3.88815100e+00 1.01868847e+00 4.14540158e+00 8.96861118e-01
1.15766200e+04 3.89255230e+00 1.01985513e+00 4.14543059e+00 8.97888255e-01
1.15767200e+04 3.89688080e+00 1.02100236e+00 4.14545960e+00 8.98898290e-01
1.15768200e+04 3.90112190e+00 1.02212627e+00 4.14548861e+00 8.99887793e-01
1.15769200e+04 3.90526220e+00 1.02322329e+00 4.14551762e+00 9.00853617e-01
1.15770200e+04 3.90928900e+00 1.02429002e+00 4.14554663e+00 9.01792777e-01
1.15771200e+04 3.91319050e+00 1.02532331e+00 4.14557563e+00 9.02702501e-01
1.15772200e+04 3.91695560e+00 1.02632021e+00 4.14560464e+00 9.03580183e-01
1.15773200e+04 3.92057400e+00 1.02727797e+00 4.14563365e+00 9.04423401e-01
1.15774200e+04 3.92403630e+00 1.02819407e+00 4.14566266e+00 9.05229949e-01
1.15775200e+04 3.92733350e+00 1.02906612e+00 4.14569167e+00 9.05997712e-01
1.15776200e+04 3.93045770e+00 1.02989201e+00 4.14572068e+00 9.06724833e-01
1.15777200e+04 3.93340120e+00 1.03066968e+00 4.14574968e+00 9.07409505e-01
1.15778200e+04 3.93615720e+00 1.03139732e+00 4.14577869e+00 9.08050128e-01
1.15779200e+04 3.93871930e+00 1.03207322e+00 4.14580770e+00 9.08645202e-01
1.15780200e+04 3.94108170e+00 1.03269584e+00 4.14583671e+00 9.09193361e-01
1.15781200e+04 3.94323920e+00 1.03326378e+00 4.14586572e+00 9.09693386e-01
1.15782200e+04 3.94518710e+00 1.03377579e+00 4.14589473e+00 9.10144171e-01
1.15783200e+04 3.94692100e+00 1.03423071e+00 4.14592373e+00 9.10544684e-01
1.15784200e+04 3.94843730e+00 1.03462756e+00 4.14595274e+00 9.10894078e-01
1.15785200e+04 3.94973280e+00 1.03496549e+00 4.14598175e+00 9.11191601e-01
1.15786200e+04 3.95080490e+00 1.03524382e+00 4.14601076e+00 9.11436644e-01
1.15787200e+04 3.95165150e+00 1.03546197e+00 4.14603977e+00 9.11628712e-01
1.15788200e+04 3.95227110e+00 1.03561955e+00 4.14606878e+00 9.11767454e-01
1.15789200e+04 3.95266270e+00 1.03571630e+00 4.14609778e+00 9.11852633e-01
1.15790200e+04 3.95282630e+00 1.03575221e+00 4.14612679e+00 9.11884252e-01
1.15791200e+04 3.95276230e+00 1.03572739e+00 4.14615580e+00 9.11862402e-01
1.15792200e+04 3.95247180e+00 1.03564213e+00 4.14618481e+00 9.11787343e-01
1.15793200e+04 3.95195690e+00 1.03549699e+00 4.14621382e+00 9.11659568e-01
1.15794200e+04 3.95122010e+00 1.03529265e+00 4.14624282e+00 9.11479664e-01
1.15795200e+04 3.95026500e+00 1.03503005e+00 4.14627183e+00 9.11248478e-01
1.15796200e+04 3.94909590e+00 1.03471036e+00 4.14630084e+00 9.10967018e-01
1.15797200e+04 3.94771810e+00 1.03433497e+00 4.14632985e+00 9.10636531e-01
1.15798200e+04 3.94613750e+00 1.03390547e+00 4.14635886e+00 9.10258402e-01
1.15799200e+04 3.94436090e+00 1.03342368e+00 4.14638787e+00 9.09834229e-01
1.15800200e+04 3.94239610e+00 1.03289166e+00 4.14641687e+00 9.09365843e-01
1.15801200e+04 3.94025160e+00 1.03231170e+00 4.14644588e+00 9.08855243e-01
1.15802200e+04 3.93793670e+00 1.03168627e+00 4.14647489e+00 9.08304613e-01
1.15803200e+04 3.93546140e+00 1.03101804e+00 4.14650390e+00 9.07716301e-01
1.15804200e+04 3.93283660e+00 1.03030992e+00 4.14653291e+00 9.07092869e-01
1.15805200e+04 3.93007380e+00 1.02956497e+00 4.14656192e+00 9.06437018e-01
1.15806200e+04 3.92718490e+00 1.02878638e+00 4.14659092e+00 9.05751543e-01
1.15807200e+04 3.92418280e+00 1.02797759e+00 4.14661993e+00 9.05039476e-01
1.15808200e+04 3.92108050e+00 1.02714205e+00 4.14664894e+00 9.04303869e-01
1.15809200e+04 3.91789160e+00 1.02628341e+00 4.14667795e+00 9.03547919e-01
1.15810200e+04 3.91463000e+00 1.02540537e+00 4.14670696e+00 9.02774890e-01
1.15811200e+04 3.91131000e+00 1.02451175e+00 4.14673597e+00 9.01988141e-01
1.15812200e+04 3.90794570e+00 1.02360631e+00 4.14676497e+00 9.01190986e-01
1.15813200e+04 3.90455170e+00 1.02269294e+00 4.14679398e+00 9.00386853e-01
1.15814200e+04 3.90114250e+00 1.02177552e+00 4.14682299e+00 8.99579150e-01
1.15815200e+04 3.89773240e+00 1.02085785e+00 4.14685200e+00 8.98771235e-01
1.15816200e+04 3.89433570e+00 1.01994376e+00 4.14688101e+00 8.97966468e-01
1.15817200e+04 3.89096640e+00 1.01903699e+00 4.14691002e+00 8.97168138e-01
1.15818200e+04 3.88763830e+00 1.01814120e+00 4.14693902e+00 8.96379487e-01
1.15819200e+04 3.88436480e+00 1.01725999e+00 4.14696803e+00 8.95603662e-01
1.15820200e+04 3.88115880e+00 1.01639678e+00 4.14699704e+00 8.94843694e-01
1.15821200e+04 3.87803300e+00 1.01555498e+00 4.14702605e+00 8.94102567e-01
1.15822200e+04 3.87499940e+00 1.01473778e+00 4.14705506e+00 8.93383100e-01
1.15823200e+04 3.87206940e+00 1.01394822e+00 4.14708406e+00 8.92687970e-01
1.15824200e+04 3.86925390e+00 1.01318921e+00 4.14711307e+00 8.92019738e-01
1.15825200e+04 3.86656320e+00 1.01246351e+00 4.14714208e+00 8.91380825e-01
1.15826200e+04 3.86400700e+00 1.01177369e+00 4.14717109e+00 8.90773508e-01
1.15827200e+04 3.86159430e+00 1.01112216e+00 4.14720010e+00 8.90199902e-01
1.15828200e+04 3.85933340e+00 1.01051114e+00 4.14722911e+00 8.89661957e-01
1.15829200e+04 3.85723200e+00 1.00994268e+00 4.14725811e+00 8.89161482e-01
1.15830200e+04 3.85529710e+00 1.00941864e+00 4.14728712e+00 8.88700120e-01
1.15831200e+04 3.85353500e+00 1.00894072e+00 4.14731613e+00 8.88279353e-01
1.15832200e+04 3.85195140e+00 1.00851042e+00 4.14734514e+00 8.87900520e-01
1.15833200e+04 3.85055130e+00 1.00812908e+00 4.14737415e+00 8.87564793e-01
1.15834200e+04 3.84933910e+00 1.00779789e+00 4.14740316e+00 8.87273209e-01
1.15835200e+04 3.84831860e+00 1.00751784e+00 4.14743216e+00 8.87026658e-01
1.15836200e+04 3.84749290e+00 1.00728978e+00 4.14746117e+00 8.86825870e-01
1.15837200e+04 3.84686450e+00 1.00711436e+00 4.14749018e+00 8.86671432e-01
1.15838200e+04 3.84643550e+00 1.00699214e+00 4.14751919e+00 8.86563836e-01
1.15839200e+04 3.84620750e+00 1.00692356e+00 4.14754820e+00 8.86503459e-01
1.15840200e+04 3.84618130e+00 1.00690882e+00 4.14757721e+00 8.86490490e-01
1.15841200e+04 3.84635750e+00 1.00694809e+00 4.14760621e+00 8.86525068e-01
1.15842200e+04 3.84673620e+00 1.00704140e+00 4.14763522e+00 8.86607217e-01
1.15843200e+04 3.84731700e+00 1.00718863e+00 4.14766423e+00 8.86736843e-01
1.15844200e+04 3.84809930e+00 1.00738962e+00 4.14769324e+00 8.86913806e-01
1.15845200e+04 3.84908200e+00 1.00764409e+00 4.14772225e+00 8.87137847e-01
1.15846200e+04 3.85026370e+00 1.00795166e+00 4.14775126e+00 8.87408637e-01
1.15847200e+04 3.85164270e+00 1.00831188e+00 4.14778026e+00 8.87725776e-01
1.15848200e+04 3.85321730e+00 1.00872429e+00 4.14780927e+00 8.88088866e-01
1.15849200e+04 3.85498540e+00 1.00918832e+00 4.14783828e+00 8.88497413e-01
1.15850200e+04 3.85694450e+00 1.00970333e+00 4.14786729e+00 8.88950829e-01
1.15851200e+04 3.85909240e+00 1.01026871e+00 4.14789630e+00 8.89448599e-01
1.15852200e+04 3.86142660e+00 1.01088380e+00 4.14792530e+00 8.89990134e-01
1.15853200e+04 3.86394420e+00 1.01154783e+00 4.14795431e+00 8.90574753e-01
1.15854200e+04 3.86664280e+00 1.01226015e+00 4.14798332e+00 8.91201893e-01
1.15855200e+04 3.86951950e+00 1.01302000e+00 4.14801233e+00 8.91870872e-01
1.15856200e+04 3.87257150e+00 1.01382662e+00 4.14804134e+00 8.92581032e-01
1.15857200e+04 3.87579630e+00 1.01467935e+00 4.14807035e+00 8.93331787e-01
1.15858200e+04 3.87919100e+00 1.01557742e+00 4.14809935e+00 8.94122454e-01
1.15859200e+04 3.88275300e+00 1.01652012e+00 4.14812836e+00 8.94952423e-01
1.15860200e+04 3.88647980e+00 1.01750680e+00 4.14815737e+00 8.95821108e-01
1.15861200e+04 3.89036880e+00 1.01853676e+00 4.14818638e+00 8.96727896e-01
1.15862200e+04 3.89441760e+00 1.01960936e+00 4.14821539e+00 8.97672225e-01
1.15863200e+04 3.89862400e+00 1.02072401e+00 4.14824440e+00 8.98653576e-01
1.15864200e+04 3.90298580e+00 1.02188013e+00 4.14827340e+00 8.99671435e-01
1.15865200e+04 3.90750090e+00 1.02307715e+00 4.14830241e+00 9.00725307e-01
1.15866200e+04 3.91216760e+00 1.02431463e+00 4.14833142e+00 9.01814792e-01
1.15867200e+04 3.91698390e+00 1.02559202e+00 4.14836043e+00 9.02939421e-01
1.15868200e+04 3.92194840e+00 1.02690896e+00 4.14838944e+00 9.04098866e-01
1.15869200e+04 3.92705950e+00 1.02826501e+00 4.14841845e+00 9.05292750e-01
1.15870200e+04 3.93231590e+00 1.02965983e+00 4.14844745e+00 9.06520768e-01
1.15871200e+04 3.93771630e+00 1.03109308e+00 4.14847646e+00 9.07782614e-01
1.15872200e+04 3.94325950e+00 1.03256443e+00 4.14850547e+00 9.09078007e-01
1.15873200e+04 3.94894460e+00 1.03407364e+00 4.14853448e+00 9.10406735e-01
1.15874200e+04 3.95477040e+00 1.03562040e+00 4.14856349e+00 9.11768516e-01
1.15875200e+04 3.96073600e+00 1.03720446e+00 4.14859250e+00 9.13163139e-01
1.15876200e+04 3.96684040e+00 1.03882556e+00 4.14862150e+00 9.14590369e-01
1.15877200e+04 3.97308260e+00 1.04048342e+00 4.14865051e+00 9.16049970e-01
1.15878200e+04 3.97946130e+00 1.04217771e+00 4.14867952e+00 9.17541639e-01
1.15879200e+04 3.98597540e+00 1.04390813e+00 4.14870853e+00 9.19065115e-01
1.15880200e+04 3.99262350e+00 1.04567430e+00 4.14873754e+00 9.20620071e-01
1.15881200e+04 3.99940380e+00 1.04747575e+00 4.14876655e+00 9.22206083e-01
1.15882200e+04 4.00631450e+00 1.04931199e+00 4.14879555e+00 9.23822729e-01
1.15883200e+04 4.01335350e+00 1.05118247e+00 4.14882456e+00 9.25469515e-01
1.15884200e+04 4.02051810e+00 1.05308646e+00 4.14885357e+00 9.27145807e-01
1.15885200e+04 4.02780530e+00 1.05502316e+00 4.14888258e+00 9.28850900e-01
1.15886200e+04 4.03521180e+00 1.05699170e+00 4.14891159e+00 9.30584019e-01
1.15887200e+04 4.04273360e+00 1.05899100e+00 4.14894059e+00 9.32344224e-01
1.15888200e+04 4.05036630e+00 1.06101989e+00 4.14896960e+00 9.34130482e-01
1.15889200e+04 4.05810480e+00 1.06307702e+00 4.14899861e+00 9.35941595e-01
1.15890200e+04 4.06594350e+00 1.06516088e+00 4.14902762e+00 9.37776246e-01
1.15891200e+04 4.07387610e+00 1.06726979e+00 4.14905663e+00 9.39632957e-01
1.15892200e+04 4.08189580e+00 1.06940195e+00 4.14908564e+00 9.41510129e-01
1.15893200e+04 4.08999480e+00 1.07155527e+00 4.14911464e+00 9.43405930e-01
1.15894200e+04 4.09816480e+00 1.07372753e+00 4.14914365e+00 9.45318410e-01
1.15895200e+04 4.10639700e+00 1.07591639e+00 4.14917266e+00 9.47245503e-01
1.15896200e+04 4.11468160e+00 1.07811923e+00 4.14920167e+00 9.49184905e-01
1.15897200e+04 4.12300830e+00 1.08033330e+00 4.14923068e+00 9.51134198e-01
1.15898200e+04 4.13136590e+00 1.08255562e+00 4.14925969e+00 9.53090749e-01
1.15899200e+04 4.13974300e+00 1.08478314e+00 4.14928869e+00 9.55051882e-01
1.15900200e+04 4.14812710e+00 1.08701253e+00 4.14931770e+00 9.57014659e-01
1.15901200e+04 4.15650550e+00 1.08924040e+00 4.14934671e+00 9.58976096e-01
1.15902200e+04 4.16486490e+00 1.09146320e+00 4.14937572e+00 9.60933071e-01
1.15903200e+04 4.17319130e+00 1.09367719e+00 4.14940473e+00 9.62882293e-01
1.15904200e+04 4.18147070e+00 1.09587865e+00 4.14943374e+00 9.64820474e-01
1.15905200e+04 4.18968830e+00 1.09806361e+00 4.14946274e+00 9.66744137e-01
1.15906200e+04 4.19782960e+00 1.10022821e+00 4.14949175e+00 9.68649875e-01
1.15907200e+04 4.20587940e+00 1.10236840e+00 4.14952076e+00 9.70534118e-01
1.15908200e+04 4.21382280e+00 1.10448020e+00 4.14954977e+00 9.72393366e-01
1.15909200e+04 4.22164460e+00 1.10655955e+00 4.14957878e+00 9.74224048e-01
1.15910200e+04 4.22932990e+00 1.10860248e+00 4.14960779e+00 9.76022663e-01
1.15911200e+04 4.23686390e+00 1.11060504e+00 4.14963679e+00 9.77785735e-01
1.15912200e+04 4.24423210e+00 1.11256335e+00 4.14966580e+00 9.79509857e-01
1.15913200e+04 4.25142050e+00 1.11447369e+00 4.14969481e+00 9.81191740e-01
1.15914200e+04 4.25841530e+00 1.11633238e+00 4.14972382e+00 9.82828143e-01
1.15915200e+04 4.26520350e+00 1.11813593e+00 4.14975283e+00 9.84416012e-01
1.15916200e+04 4.27177270e+00 1.11988105e+00 4.14978183e+00 9.85952433e-01
1.15917200e+04 4.27811120e+00 1.12156461e+00 4.14981084e+00 9.87434658e-01
1.15918200e+04 4.28420820e+00 1.12318373e+00 4.14983985e+00 9.88860150e-01
1.15919200e+04 4.29005360e+00 1.12473572e+00 4.14986886e+00 9.90226536e-01
1.15920200e+04 4.29563860e+00 1.12621822e+00 4.14989787e+00 9.91531749e-01
1.15921200e+04 4.30095510e+00 1.12762908e+00 4.14992688e+00 9.92773886e-01
1.15922200e+04 4.30599610e+00 1.12896643e+00 4.14995588e+00 9.93951303e-01
1.15923200e+04 4.31075590e+00 1.13022875e+00 4.14998489e+00 9.95062660e-01
1.15924200e+04 4.31522960e+00 1.13141472e+00 4.15001390e+00 9.96106806e-01
1.15925200e+04 4.31941360e+00 1.13252340e+00 4.15004291e+00 9.97082897e-01
1.15926200e+04 4.32330550e+00 1.13355413e+00 4.15007192e+00 9.97990367e-01
1.15927200e+04 4.32690390e+00 1.13450655e+00 4.15010093e+00 9.98828888e-01
1.15928200e+04 4.33020860e+00 1.13538060e+00 4.15012993e+00 9.99598413e-01
1.15929200e+04 4.33322040e+00 1.13617650e+00 4.15015894e+00 1.00029913e+00
1.15930200e+04 4.33594130e+00 1.13689477e+00 4.15018795e+00 1.00093151e+00
1.15931200e+04 4.33837400e+00 1.13753615e+00 4.15021696e+00 1.00149618e+00
1.15932200e+04 4.34052260e+00 1.13810171e+00 4.15024597e+00 1.00199412e+00
1.15933200e+04 4.34239160e+00 1.13859268e+00 4.15027498e+00 1.00242637e+00
1.15934200e+04 4.34398690e+00 1.13901061e+00 4.15030398e+00 1.00279432e+00
1.15935200e+04 4.34531470e+00 1.13935716e+00 4.15033299e+00 1.00309944e+00
1.15936200e+04 4.34638210e+00 1.13963423e+00 4.15036200e+00 1.00334337e+00
1.15937200e+04 4.34719680e+00 1.13984387e+00 4.15039101e+00 1.00352795e+00
1.15938200e+04 4.34776700e+00 1.13998827e+00 4.15042002e+00 1.00365509e+00
1.15939200e+04 4.34810160e+00 1.14006981e+00 4.15044903e+00 1.00372688e+00
1.15940200e+04 4.34820530e+00 1.14008974e+00 4.15047803e+00 1.00374442e+00
1.15941200e+04 4.34805220e+00 1.14004114e+00 4.15050704e+00 1.00370164e+00
1.15942200e+04 4.34762350e+00 1.13991901e+00 4.15053605e+00 1.00359412e+00
1.15943200e+04 4.34698470e+00 1.13974081e+00 4.15056506e+00 1.00343724e+00
1.15944200e+04 4.34617820e+00 1.13951787e+00 4.15059407e+00 1.00324096e+00
1.15945200e+04 4.34530480e+00 1.13927707e+00 4.15062308e+00 1.00302897e+00
1.15946200e+04 4.34434110e+00 1.13901218e+00 4.15065208e+00 1.00279576e+00
1.15947200e+04 4.34319130e+00 1.13869764e+00 4.15068109e+00 1.00251883e+00
1.15948200e+04 4.34186550e+00 1.13833613e+00 4.15071010e+00 1.00220056e+00
1.15949200e+04 4.34033410e+00 1.13791976e+00 4.15073911e+00 1.00183399e+00
1.15950200e+04 4.33871880e+00 1.13748100e+00 4.15076812e+00 1.00144771e+00
1.15951200e+04 4.33704450e+00 1.13702650e+00 4.15079712e+00 1.00104757e+00
1.15956200e+04 4.32702950e+00 1.13431547e+00 4.15094217e+00 9.98660775e-01
1.15961200e+04 4.31536980e+00 1.13116558e+00 4.15108721e+00 9.95887607e-01
1.15966200e+04 4.30296740e+00 1.12781752e+00 4.15123225e+00 9.92939964e-01
1.15971200e+04 4.29054460e+00 1.12446401e+00 4.15137729e+00 9.89987528e-01
1.15976200e+04 4.27864940e+00 1.12125128e+00 4.15152233e+00 9.87159036e-01
1.15981200e+04 4.26765700e+00 1.11827945e+00 4.15166737e+00 9.84542630e-01
1.15986200e+04 4.25776980e+00 1.11560252e+00 4.15181241e+00 9.82185857e-01
1.15991200e+04 4.24902120e+00 1.11322940e+00 4.15195746e+00 9.80096564e-01
1.15996200e+04 4.24129280e+00 1.11112851e+00 4.15210250e+00 9.78246936e-01
1.16001200e+04 4.23434930e+00 1.10923704e+00 4.15224754e+00 9.76581696e-01
1.16006200e+04 4.22788720e+00 1.10747403e+00 4.15239258e+00 9.75029547e-01
1.16011200e+04 4.22159130e+00 1.10575537e+00 4.15253762e+00 9.73516442e-01
1.16016200e+04 4.21519080e+00 1.10400880e+00 4.15268266e+00 9.71978764e-01
1.16021200e+04 4.20850800e+00 1.10218690e+00 4.15282770e+00 9.70374768e-01
1.16026200e+04 4.20149520e+00 1.10027695e+00 4.15297275e+00 9.68693248e-01
1.16031200e+04 4.19425310e+00 1.09830581e+00 4.15311779e+00 9.66957862e-01
1.16036200e+04 4.18702830e+00 1.09633929e+00 4.15326283e+00 9.65226539e-01
1.16041200e+04 4.18018750e+00 1.09447523e+00 4.15340787e+00 9.63585425e-01
1.16046200e+04 4.17417160e+00 1.09283128e+00 4.15355291e+00 9.62138097e-01
1.16051200e+04 4.16944150e+00 1.09153042e+00 4.15369795e+00 9.60992829e-01
1.16056200e+04 4.16642550e+00 1.09068694e+00 4.15384299e+00 9.60250237e-01
1.16061200e+04 4.16548130e+00 1.09039627e+00 4.15398804e+00 9.59994353e-01
1.16066200e+04 4.16687760e+00 1.09073013e+00 4.15413308e+00 9.60288298e-01
1.16071200e+04 4.17079400e+00 1.09173642e+00 4.15427812e+00 9.61174266e-01
1.16076200e+04 4.17733240e+00 1.09344234e+00 4.15442316e+00 9.62676194e-01
1.16081200e+04 4.18653020e+00 1.09585787e+00 4.15456820e+00 9.64802868e-01
1.16086200e+04 4.19837030e+00 1.09897845e+00 4.15471324e+00 9.67550272e-01
1.16091200e+04 4.21278270e+00 1.10278540e+00 4.15485828e+00 9.70901961e-01
1.16096200e+04 4.22964390e+00 1.10724576e+00 4.15500333e+00 9.74828921e-01
1.16101200e+04 4.24877540e+00 1.11231190e+00 4.15514837e+00 9.79289221e-01
1.16106200e+04 4.26994710e+00 1.11792244e+00 4.15529341e+00 9.84228806e-01
1.16111200e+04 4.29288420e+00 1.12400404e+00 4.15543845e+00 9.89583118e-01
1.16116200e+04 4.31727490e+00 1.13047350e+00 4.15558349e+00 9.95278910e-01
1.16121200e+04 4.34277430e+00 1.13723880e+00 4.15572853e+00 1.00123516e+00
1.16126200e+04 4.36900130e+00 1.14419824e+00 4.15587357e+00 1.00736233e+00
1.16131200e+04 4.39553430e+00 1.15123933e+00 4.15601862e+00 1.01356140e+00
1.16136200e+04 4.42190730e+00 1.15823773e+00 4.15616366e+00 1.01972287e+00
1.16141200e+04 4.44761630e+00 1.16505896e+00 4.15630870e+00 1.02572836e+00
1.16146200e+04 4.47213620e+00 1.17156290e+00 4.15645374e+00 1.03145451e+00
1.16151200e+04 4.49494800e+00 1.17761106e+00 4.15659878e+00 1.03677938e+00
1.16156200e+04 4.51557140e+00 1.18307529e+00 4.15674382e+00 1.04159016e+00
1.16161200e+04 4.53359580e+00 1.18784603e+00 4.15688886e+00 1.04579039e+00
1.16166200e+04 4.54870630e+00 1.19183925e+00 4.15703390e+00 1.04930607e+00
1.16171200e+04 4.56070060e+00 1.19500098e+00 4.15717895e+00 1.05208971e+00
1.16176200e+04 4.56949700e+00 1.19730940e+00 4.15732399e+00 1.05412209e+00
1.16181200e+04 4.57513090e+00 1.19877397e+00 4.15746903e+00 1.05541153e+00
1.16186200e+04 4.57774330e+00 1.19943232e+00 4.15761407e+00 1.05599117e+00
1.16191200e+04 4.57755970e+00 1.19934461e+00 4.15775911e+00 1.05591396e+00
1.16196200e+04 4.57486480e+00 1.19858680e+00 4.15790415e+00 1.05524681e+00
1.16201200e+04 4.56997410e+00 1.19724309e+00 4.15804919e+00 1.05406381e+00
1.16206200e+04 4.56320910e+00 1.19539926e+00 4.15819424e+00 1.05244050e+00
1.16211200e+04 4.55487650e+00 1.19313714e+00 4.15833928e+00 1.05044894e+00
1.16216200e+04 4.54525620e+00 1.19053143e+00 4.15848432e+00 1.04815486e+00
1.16221200e+04 4.53459420e+00 1.18764776e+00 4.15862936e+00 1.04561607e+00
1.16226200e+04 4.52310370e+00 1.18454301e+00 4.15877440e+00 1.04288265e+00
1.16231200e+04 4.51096770e+00 1.18126603e+00 4.15891944e+00 1.03999759e+00
1.16236200e+04 4.49834570e+00 1.17785938e+00 4.15906448e+00 1.03699836e+00
1.16241200e+04 4.48537920e+00 1.17436079e+00 4.15920953e+00 1.03391819e+00
1.16246200e+04 4.47217470e+00 1.17079870e+00 4.15935457e+00 1.03078212e+00
1.16251200e+04 4.45891070e+00 1.16722074e+00 4.15949961e+00 1.02763206e+00
1.16261200e+04 4.43253740e+00 1.16010609e+00 4.15978969e+00 1.02136830e+00
1.16271200e+04 4.40699620e+00 1.15321347e+00 4.16007977e+00 1.01530001e+00
1.16281200e+04 4.38284910e+00 1.14669283e+00 4.16036986e+00 1.00955923e+00
1.16291200e+04 4.36039090e+00 1.14062285e+00 4.16065994e+00 1.00421520e+00
1.16301200e+04 4.33966210e+00 1.13501433e+00 4.16095002e+00 9.99277437e-01
1.16311200e+04 4.32053500e+00 1.12983318e+00 4.16124011e+00 9.94715950e-01
1.16321200e+04 4.30282920e+00 1.12503129e+00 4.16153019e+00 9.90488354e-01
1.16331200e+04 4.28637890e+00 1.12056440e+00 4.16182027e+00 9.86555700e-01
1.16341200e+04 4.27102100e+00 1.11638899e+00 4.16211035e+00 9.82879673e-01
1.16351200e+04 4.25654490e+00 1.11244888e+00 4.16240044e+00 9.79410798e-01
1.16361200e+04 4.24267140e+00 1.10866956e+00 4.16269052e+00 9.76083486e-01
1.16371200e+04 4.22909990e+00 1.10497082e+00 4.16298060e+00 9.72827120e-01
1.16381200e+04 4.21561130e+00 1.10129420e+00 4.16327068e+00 9.69590228e-01
1.16391200e+04 4.20217910e+00 1.09763263e+00 4.16356077e+00 9.66366586e-01
1.16401200e+04 4.18902870e+00 1.09404626e+00 4.16385085e+00 9.63209143e-01
1.16411200e+04 4.17661430e+00 1.09065627e+00 4.16414093e+00 9.60224602e-01
1.16421200e+04 4.16553010e+00 1.08762122e+00 4.16443102e+00 9.57552552e-01
1.16431200e+04 4.15640130e+00 1.08510793e+00 4.16472110e+00 9.55339865e-01
1.16441200e+04 4.14979390e+00 1.08326742e+00 4.16501118e+00 9.53719505e-01
1.16451200e+04 4.14615640e+00 1.08221938e+00 4.16530126e+00 9.52796836e-01
1.16461200e+04 4.14578620e+00 1.08204315e+00 4.16559135e+00 9.52641722e-01
1.16471200e+04 4.14881400e+00 1.08277362e+00 4.16588143e+00 9.53284867e-01
1.16481200e+04 4.15520330e+00 1.08440103e+00 4.16617151e+00 9.54717698e-01
1.16491200e+04 4.16475910e+00 1.08687336e+00 4.16646160e+00 9.56894404e-01
1.16501200e+04 4.17714560e+00 1.09010101e+00 4.16675168e+00 9.59736099e-01
1.16511200e+04 4.19191060e+00 1.09396332e+00 4.16704176e+00 9.63136553e-01
1.16521200e+04 4.20851700e+00 1.09831697e+00 4.16733184e+00 9.66969590e-01
1.16531200e+04 4.22637900e+00 1.10300565e+00 4.16762193e+00 9.71097593e-01
1.16541200e+04 4.24489170e+00 1.10786796e+00 4.16791201e+00 9.75378459e-01
1.16551200e+04 4.26345200e+00 1.11274297e+00 4.16820209e+00 9.79670508e-01
1.16561200e+04 4.28146910e+00 1.11747304e+00 4.16849218e+00 9.83834948e-01
1.16571200e+04 4.29837350e+00 1.12190621e+00 4.16878226e+00 9.87737992e-01
1.16581200e+04 4.31363380e+00 1.12590067e+00 4.16907234e+00 9.91254804e-01
1.16591200e+04 4.32678510e+00 1.12933240e+00 4.16936242e+00 9.94276169e-01
1.16601200e+04 4.33746950e+00 1.13210588e+00 4.16965251e+00 9.96718009e-01
1.16611200e+04 4.34547990e+00 1.13416585e+00 4.16994259e+00 9.98531672e-01
1.16621200e+04 4.35079450e+00 1.13550650e+00 4.17023267e+00 9.99712036e-01
1.16631200e+04 4.35358730e+00 1.13617426e+00 4.17052275e+00 1.00029998e+00
1.16641200e+04 4.35420450e+00 1.13626150e+00 4.17081284e+00 1.00037683e+00
1.16651200e+04 4.35310760e+00 1.13589137e+00 4.17110292e+00 1.00005100e+00
1.16661200e+04 4.35079770e+00 1.13519757e+00 4.17139300e+00 9.99440209e-01
1.16671200e+04 4.34774440e+00 1.13430541e+00 4.17168309e+00 9.98654781e-01
1.16681200e+04 4.34433460e+00 1.13331812e+00 4.17197317e+00 9.97785604e-01
1.16691200e+04 4.34085040e+00 1.13231098e+00 4.17226325e+00 9.96898949e-01
1.16701200e+04 4.33747160e+00 1.13133197e+00 4.17255333e+00 9.96037054e-01
1.16711200e+04 4.33429210e+00 1.13040614e+00 4.17284342e+00 9.95221979e-01
1.16721200e+04 4.33134280e+00 1.12954173e+00 4.17313350e+00 9.94460983e-01
1.16731200e+04 4.32861340e+00 1.12873599e+00 4.17342358e+00 9.93751645e-01
1.16741200e+04 4.32607380e+00 1.12798090e+00 4.17371367e+00 9.93086896e-01
1.16751200e+04 4.32369250e+00 1.12726805e+00 4.17400375e+00 9.92459334e-01
1.16761200e+04 4.32145410e+00 1.12659333e+00 4.17429383e+00 9.91865343e-01
1.16771200e+04 4.31937280e+00 1.12596053e+00 4.17458391e+00 9.91308258e-01
1.16781200e+04 4.31749660e+00 1.12538246e+00 4.17487400e+00 9.90799354e-01
1.16791200e+04 4.31590130e+00 1.12487933e+00 4.17516408e+00 9.90356440e-01
1.16801200e+04 4.31467170e+00 1.12447379e+00 4.17545416e+00 9.89999437e-01
1.16811200e+04 4.31387670e+00 1.12418422e+00 4.17574425e+00 9.89744529e-01
1.16821200e+04 4.31354200e+00 1.12401746e+00 4.17603433e+00 9.89597756e-01
1.16831200e+04 4.31363060e+00 1.12396366e+00 4.17632441e+00 9.89550425e-01
1.16841200e+04 4.31403040e+00 1.12399289e+00 4.17661449e+00 9.89576201e-01
1.16851200e+04 4.31455500e+00 1.12405542e+00 4.17690458e+00 9.89631296e-01
1.16861200e+04 4.31495350e+00 1.12408431e+00 4.17719466e+00 9.89656766e-01
1.16871200e+04 4.31492870e+00 1.12400024e+00 4.17748474e+00 9.89582795e-01
1.16881200e+04 4.31416130e+00 1.12371803e+00 4.17777482e+00 9.89334372e-01
1.16891200e+04 4.31233800e+00 1.12315407e+00 4.17806491e+00 9.88837895e-01
1.16901200e+04 4.30917850e+00 1.12223357e+00 4.17835499e+00 9.88027518e-01
1.16911200e+04 4.30446140e+00 1.12089746e+00 4.17864507e+00 9.86851228e-01
1.16921200e+04 4.29804200e+00 1.11910712e+00 4.17893516e+00 9.85275032e-01
1.16931200e+04 4.28986290e+00 1.11684724e+00 4.17922524e+00 9.83285445e-01
1.16941200e+04 4.27995510e+00 1.11412609e+00 4.17951532e+00 9.80889751e-01
1.16951200e+04 4.26843240e+00 1.11097403e+00 4.17980540e+00 9.78114683e-01
1.16961200e+04 4.25548160e+00 1.10744092e+00 4.18009549e+00 9.75004125e-01
1.16971200e+04 4.24135080e+00 1.10359294e+00 4.18038557e+00 9.71616359e-01
1.16981200e+04 4.22633790e+00 1.09950959e+00 4.18067565e+00 9.68021370e-01
1.16991200e+04 4.21077790e+00 1.09528026e+00 4.18096574e+00 9.64297855e-01
1.17001200e+04 4.19503010e+00 1.09100082e+00 4.18125582e+00 9.60530221e-01
1.17011200e+04 4.17946470e+00 1.08677004e+00 4.18154590e+00 9.56805437e-01
1.17021200e+04 4.16444940e+00 1.08268606e+00 4.18183598e+00 9.53209883e-01
1.17031200e+04 4.15033770e+00 1.07884318e+00 4.18212607e+00 9.49826602e-01
1.17041200e+04 4.13745660e+00 1.07532866e+00 4.18241615e+00 9.46732416e-01
1.17051200e+04 4.12609550e+00 1.07221972e+00 4.18270623e+00 9.43995308e-01
1.17061200e+04 4.11649510e+00 1.06958059e+00 4.18299632e+00 9.41671826e-01
1.17071200e+04 4.10883770e+00 1.06745992e+00 4.18328640e+00 9.39804795e-01
1.17081200e+04 4.10323950e+00 1.06588870e+00 4.18357648e+00 9.38421514e-01
1.17091200e+04 4.09974610e+00 1.06487911e+00 4.18386656e+00 9.37532693e-01
1.17101200e+04 4.09833270e+00 1.06442452e+00 4.18415665e+00 9.37132509e-01
1.17111200e+04 4.09890890e+00 1.06450082e+00 4.18444673e+00 9.37199723e-01
1.17121200e+04 4.10132690e+00 1.06506857e+00 4.18473681e+00 9.37699614e-01
1.17131200e+04 4.10539360e+00 1.06607625e+00 4.18502689e+00 9.38586820e-01
1.17141200e+04 4.11088240e+00 1.06746338e+00 4.18531698e+00 9.39808108e-01
1.17151200e+04 4.11754560e+00 1.06916388e+00 4.18560706e+00 9.41305286e-01
1.17161200e+04 4.12512400e+00 1.07110858e+00 4.18589714e+00 9.43017465e-01
1.17171200e+04 4.13335630e+00 1.07322777e+00 4.18618723e+00 9.44883258e-01
1.17181200e+04 4.14198830e+00 1.07545360e+00 4.18647731e+00 9.46842950e-01
1.17191200e+04 4.15078310e+00 1.07772288e+00 4.18676739e+00 9.48840886e-01
1.17201200e+04 4.15953320e+00 1.07998022e+00 4.18705747e+00 9.50828322e-01
1.17211200e+04 4.16807150e+00 1.08218106e+00 4.18734756e+00 9.52766002e-01
1.17221200e+04 4.17627940e+00 1.08429373e+00 4.18763764e+00 9.54626065e-01
1.17231200e+04 4.18408810e+00 1.08629988e+00 4.18792772e+00 9.56392346e-01
1.17241200e+04 4.19147350e+00 1.08819309e+00 4.18821781e+00 9.58059186e-01
1.17251200e+04 4.19844370e+00 1.08997550e+00 4.18850789e+00 9.59628487e-01
1.17261200e+04 4.20502300e+00 1.09165362e+00 4.18879797e+00 9.61105957e-01
1.17271200e+04 4.21123640e+00 1.09323410e+00 4.18908805e+00 9.62497470e-01
1.17281200e+04 4.21709560e+00 1.09472006e+00 4.18937814e+00 9.63805773e-01
1.17291200e+04 4.22258960e+00 1.09610858e+00 4.18966822e+00 9.65028284e-01
1.17301200e+04 4.22767890e+00 1.09738912e+00 4.18995830e+00 9.66155722e-01
1.17311200e+04 4.23229390e+00 1.09854310e+00 4.19024839e+00 9.67171737e-01
1.17321200e+04 4.23633760e+00 1.09954463e+00 4.19053847e+00 9.68053541e-01
1.17331200e+04 4.23969190e+00 1.10036222e+00 4.19082855e+00 9.68773392e-01
1.17341200e+04 4.24223030e+00 1.10096209e+00 4.19111863e+00 9.69301569e-01
1.17351200e+04 4.24383390e+00 1.10131253e+00 4.19140872e+00 9.69610143e-01
1.17361200e+04 4.24441310e+00 1.10138964e+00 4.19169880e+00 9.69678063e-01
1.17371200e+04 4.24392800e+00 1.10118275e+00 4.19198888e+00 9.69495957e-01
1.17381200e+04 4.24240790e+00 1.10069969e+00 4.19227896e+00 9.69070707e-01
1.17391200e+04 4.23996190e+00 1.09996958e+00 4.19256905e+00 9.68427943e-01
1.17401200e+04 4.23677910e+00 1.09904286e+00 4.19285913e+00 9.67612090e-01
1.17411200e+04 4.23311670e+00 1.09798818e+00 4.19314921e+00 9.66683568e-01
1.17421200e+04 4.22927730e+00 1.09688626e+00 4.19343930e+00 9.65713465e-01
1.17431200e+04 4.22557830e+00 1.09582181e+00 4.19372938e+00 9.64776345e-01
1.17441200e+04 4.22231950e+00 1.09487481e+00 4.19401946e+00 9.63942637e-01
1.17451200e+04 4.21975250e+00 1.09411241e+00 4.19430954e+00 9.63271447e-01
1.17461200e+04 4.21805710e+00 1.09358258e+00 4.19459963e+00 9.62805015e-01
1.17471200e+04 4.21732540e+00 1.09330990e+00 4.19488971e+00 9.62564977e-01
1.17481200e+04 4.21755570e+00 1.09329390e+00 4.19517979e+00 9.62550933e-01
1.17491200e+04 4.21865270e+00 1.09350917e+00 4.19546988e+00 9.62740495e-01
1.17501200e+04 4.22043540e+00 1.09390740e+00 4.19575996e+00 9.63091143e-01
1.17511200e+04 4.22264990e+00 1.09442085e+00 4.19605004e+00 9.63543230e-01
1.17521200e+04 4.22498660e+00 1.09496691e+00 4.19634012e+00 9.64024024e-01
1.17531200e+04 4.22710170e+00 1.09545383e+00 4.19663021e+00 9.64452760e-01
1.17541200e+04 4.22864250e+00 1.09578752e+00 4.19692029e+00 9.64746581e-01
1.17551200e+04 4.22927200e+00 1.09587804e+00 4.19721037e+00 9.64826318e-01
1.17561200e+04 4.22869360e+00 1.09564626e+00 4.19750046e+00 9.64622293e-01
1.17571200e+04 4.22666920e+00 1.09502864e+00 4.19779054e+00 9.64078571e-01
1.17581200e+04 4.22303290e+00 1.09398092e+00 4.19808062e+00 9.63156180e-01
1.17591200e+04 4.21769650e+00 1.09247956e+00 4.19837070e+00 9.61834399e-01
1.17601200e+04 4.21064950e+00 1.09052175e+00 4.19866079e+00 9.60110761e-01
1.17611200e+04 4.20195440e+00 1.08812419e+00 4.19895087e+00 9.57999949e-01
1.17621200e+04 4.19173830e+00 1.08532077e+00 4.19924095e+00 9.55531821e-01
1.17631200e+04 4.18018310e+00 1.08216005e+00 4.19953103e+00 9.52749109e-01
1.17641200e+04 4.16751350e+00 1.07870196e+00 4.19982112e+00 9.49704601e-01
1.17651200e+04 4.15398700e+00 1.07501523e+00 4.20011120e+00 9.46458788e-01
1.17661200e+04 4.13988290e+00 1.07117438e+00 4.20040128e+00 9.43077285e-01
1.17671200e+04 4.12549340e+00 1.06725737e+00 4.20069137e+00 9.39628734e-01
1.17681200e+04 4.11111560e+00 1.06334349e+00 4.20098145e+00 9.36182932e-01
1.17691200e+04 4.09704270e+00 1.05951096e+00 4.20127153e+00 9.32808757e-01
1.17701200e+04 4.08355630e+00 1.05583493e+00 4.20156161e+00 9.29572363e-01
1.17711200e+04 4.07091850e+00 1.05238533e+00 4.20185170e+00 9.26535324e-01
1.17721200e+04 4.05936340e+00 1.04922463e+00 4.20214178e+00 9.23752634e-01
1.17731200e+04 4.04909020e+00 1.04640598e+00 4.20243186e+00 9.21271089e-01
1.17741200e+04 4.04025750e+00 1.04397170e+00 4.20272195e+00 9.19127949e-01
1.17751200e+04 4.03297900e+00 1.04195212e+00 4.20301203e+00 9.17349924e-01
1.17761200e+04 4.02732130e+00 1.04036503e+00 4.20330211e+00 9.15952660e-01
1.17771200e+04 4.02330320e+00 1.03921543e+00 4.20359219e+00 9.14940573e-01
1.17781200e+04 4.02089770e+00 1.03849612e+00 4.20388228e+00 9.14307320e-01
1.17791200e+04 4.02003580e+00 1.03818870e+00 4.20417236e+00 9.14036693e-01
1.17801200e+04 4.02061220e+00 1.03826505e+00 4.20446244e+00 9.14103953e-01
1.17811200e+04 4.02249260e+00 1.03868935e+00 4.20475253e+00 9.14477551e-01
1.17821200e+04 4.02552220e+00 1.03942030e+00 4.20504261e+00 9.15121122e-01
1.17831200e+04 4.02953290e+00 1.04041303e+00 4.20533269e+00 9.15995174e-01
1.17841200e+04 4.03435100e+00 1.04162120e+00 4.20562277e+00 9.17058901e-01
1.17851200e+04 4.03980240e+00 1.04299835e+00 4.20591286e+00 9.18271405e-01
1.17861200e+04 4.04571850e+00 1.04449950e+00 4.20620294e+00 9.19593077e-01
1.17871200e+04 4.05194040e+00 1.04608225e+00 4.20649302e+00 9.20986588e-01
1.17881200e+04 4.05832450e+00 1.04770827e+00 4.20678310e+00 9.22418204e-01
1.17891200e+04 4.06474710e+00 1.04934457e+00 4.20707319e+00 9.23858864e-01
1.17901200e+04 4.07110950e+00 1.05096481e+00 4.20736327e+00 9.25285382e-01
1.17911200e+04 4.07734070e+00 1.05255004e+00 4.20765335e+00 9.26681078e-01
1.17921200e+04 4.08339810e+00 1.05408889e+00 4.20794344e+00 9.28035945e-01
1.17931200e+04 4.08926540e+00 1.05557702e+00 4.20823352e+00 9.29346154e-01
1.17941200e+04 4.09494720e+00 1.05701565e+00 4.20852360e+00 9.30612785e-01
1.17951200e+04 4.10046210e+00 1.05840975e+00 4.20881368e+00 9.31840207e-01
1.17961200e+04 4.10583540e+00 1.05976606e+00 4.20910377e+00 9.33034364e-01
1.17971200e+04 4.11109090e+00 1.06109095e+00 4.20939385e+00 9.34200848e-01
1.17981200e+04 4.11624620e+00 1.06238909e+00 4.20968393e+00 9.35343793e-01
1.17991200e+04 4.12130790e+00 1.06366226e+00 4.20997402e+00 9.36464749e-01
1.18001200e+04 4.12627100e+00 1.06490912e+00 4.21026410e+00 9.37562542e-01
1.18011200e+04 4.13111910e+00 1.06612530e+00 4.21055418e+00 9.38633319e-01
1.18021200e+04 4.13582750e+00 1.06730420e+00 4.21084426e+00 9.39671278e-01
1.18031200e+04 4.14036740e+00 1.06843813e+00 4.21113435e+00 9.40669652e-01
1.18041200e+04 4.14471050e+00 1.06951956e+00 4.21142443e+00 9.41621794e-01
1.18051200e+04 4.14883370e+00 1.07054231e+00 4.21171451e+00 9.42522276e-01
1.18061200e+04 4.15272320e+00 1.07150270e+00 4.21200459e+00 9.43367857e-01
1.18071200e+04 4.15637630e+00 1.07240001e+00 4.21229468e+00 9.44157903e-01
1.18081200e+04 4.15980100e+00 1.07323638e+00 4.21258476e+00 9.44894293e-01
1.18091200e+04 4.16301270e+00 1.07401591e+00 4.21287484e+00 9.45580644e-01
1.18101200e+04 4.16602780e+00 1.07474299e+00 4.21316493e+00 9.46220810e-01
1.18111200e+04 4.16885640e+00 1.07542030e+00 4.21345501e+00 9.46817163e-01
1.18121200e+04 4.17149620e+00 1.07604723e+00 4.21374509e+00 9.47369163e-01
1.18131200e+04 4.17393060e+00 1.07661936e+00 4.21403517e+00 9.47872910e-01
