# # source: .\convoluted\116_05.txt
# # site: 05
# # columns: Energy(eV) Abs_raw Preedge_normalized PredictedPost_raw Final_normalized
# 
1.13640000e+04 1.47249040e-02 1.08044151e-03 4.10238746e+00 7.68521039e-04
1.13640400e+04 1.47263250e-02 1.07765927e-03 4.10239723e+00 7.66542042e-04
1.13640400e+04 1.47265210e-02 1.07772388e-03 4.10239723e+00 7.66587999e-04
1.13640400e+04 1.47266410e-02 1.07776344e-03 4.10239723e+00 7.66616136e-04
1.13640600e+04 1.47272120e-02 1.07632633e-03 4.10240211e+00 7.65593929e-04
1.13640600e+04 1.47272950e-02 1.07635369e-03 4.10240211e+00 7.65613390e-04
1.13640700e+04 1.47275490e-02 1.07562476e-03 4.10240455e+00 7.65094900e-04
1.13640700e+04 1.47278080e-02 1.07571013e-03 4.10240455e+00 7.65155629e-04
1.13640800e+04 1.47279840e-02 1.07495548e-03 4.10240700e+00 7.64618850e-04
1.13640800e+04 1.47282520e-02 1.07504383e-03 4.10240700e+00 7.64681689e-04
1.13640900e+04 1.47283890e-02 1.07427632e-03 4.10240944e+00 7.64135766e-04
1.13640900e+04 1.47286670e-02 1.07436796e-03 4.10240944e+00 7.64200950e-04
1.13641000e+04 1.47289490e-02 1.07364826e-03 4.10241188e+00 7.63689025e-04
1.13641000e+04 1.47291890e-02 1.07372737e-03 4.10241188e+00 7.63745299e-04
1.13641100e+04 1.47297240e-02 1.07309106e-03 4.10241432e+00 7.63292696e-04
1.13641200e+04 1.47298230e-02 1.07231103e-03 4.10241676e+00 7.62737863e-04
1.13641200e+04 1.47300240e-02 1.07237729e-03 4.10241676e+00 7.62784992e-04
1.13641200e+04 1.47301780e-02 1.07242806e-03 4.10241676e+00 7.62821101e-04
1.13641300e+04 1.47304370e-02 1.07170077e-03 4.10241921e+00 7.62303784e-04
1.13641300e+04 1.47304900e-02 1.07171824e-03 4.10241921e+00 7.62316211e-04
1.13641300e+04 1.47305450e-02 1.07173637e-03 4.10241921e+00 7.62329107e-04
1.13641300e+04 1.47306000e-02 1.07175450e-03 4.10241921e+00 7.62342003e-04
1.13641300e+04 1.47306570e-02 1.07177329e-03 4.10241921e+00 7.62355368e-04
1.13641300e+04 1.47307140e-02 1.07179208e-03 4.10241921e+00 7.62368733e-04
1.13641400e+04 1.47308890e-02 1.07103710e-03 4.10242165e+00 7.61831720e-04
1.13641400e+04 1.47310070e-02 1.07107600e-03 4.10242165e+00 7.61859388e-04
1.13641400e+04 1.47310670e-02 1.07109578e-03 4.10242165e+00 7.61873456e-04
1.13641400e+04 1.47312500e-02 1.07115610e-03 4.10242165e+00 7.61916365e-04
1.13641400e+04 1.47313130e-02 1.07117687e-03 4.10242165e+00 7.61931137e-04
1.13641500e+04 1.47315040e-02 1.07042717e-03 4.10242409e+00 7.61397875e-04
1.13641500e+04 1.47315690e-02 1.07044859e-03 4.10242409e+00 7.61413116e-04
1.13641500e+04 1.47317040e-02 1.07049309e-03 4.10242409e+00 7.61444770e-04
1.13641500e+04 1.47317730e-02 1.07051584e-03 4.10242409e+00 7.61460948e-04
1.13641500e+04 1.47319800e-02 1.07058407e-03 4.10242409e+00 7.61509484e-04
1.13641600e+04 1.47321220e-02 1.06981822e-03 4.10242653e+00 7.60964734e-04
1.13641600e+04 1.47322650e-02 1.06986536e-03 4.10242653e+00 7.60998263e-04
1.13641600e+04 1.47323370e-02 1.06988909e-03 4.10242653e+00 7.61015145e-04
1.13641600e+04 1.47327760e-02 1.07003380e-03 4.10242653e+00 7.61118079e-04
1.13641800e+04 1.47340320e-02 1.06882250e-03 4.10243142e+00 7.60256486e-04
1.13641900e+04 1.47344060e-02 1.06813312e-03 4.10243386e+00 7.59766133e-04
1.13642000e+04 1.47353880e-02 1.06764416e-03 4.10243630e+00 7.59418340e-04
1.13642000e+04 1.47356160e-02 1.06771932e-03 4.10243630e+00 7.59471800e-04
1.13642100e+04 1.47360790e-02 1.06705928e-03 4.10243874e+00 7.59002315e-04
1.13642100e+04 1.47363900e-02 1.06716180e-03 4.10243874e+00 7.59075237e-04
1.13642200e+04 1.47367050e-02 1.06645297e-03 4.10244118e+00 7.58571050e-04
1.13642200e+04 1.47367860e-02 1.06647967e-03 4.10244118e+00 7.58590042e-04
1.13642200e+04 1.47369500e-02 1.06653373e-03 4.10244118e+00 7.58628496e-04
1.13642200e+04 1.47371980e-02 1.06661548e-03 4.10244118e+00 7.58686645e-04
1.13642200e+04 1.47373640e-02 1.06667020e-03 4.10244118e+00 7.58725568e-04
1.13642300e+04 1.47375330e-02 1.06591325e-03 4.10244363e+00 7.58187148e-04
1.13642300e+04 1.47377870e-02 1.06599698e-03 4.10244363e+00 7.58246704e-04
1.13642300e+04 1.47381300e-02 1.06611004e-03 4.10244363e+00 7.58327129e-04
1.13642300e+04 1.47382170e-02 1.06613872e-03 4.10244363e+00 7.58347528e-04
1.13642400e+04 1.47383040e-02 1.06535474e-03 4.10244607e+00 7.57789881e-04
1.13642400e+04 1.47384800e-02 1.06541275e-03 4.10244607e+00 7.57831148e-04
1.13642400e+04 1.47386580e-02 1.06547143e-03 4.10244607e+00 7.57872885e-04
1.13642400e+04 1.47390170e-02 1.06558977e-03 4.10244607e+00 7.57957061e-04
1.13642500e+04 1.47395600e-02 1.06495610e-03 4.10244851e+00 7.57506334e-04
1.13642500e+04 1.47400160e-02 1.06510642e-03 4.10244851e+00 7.57613254e-04
1.13642600e+04 1.47404720e-02 1.06444407e-03 4.10245095e+00 7.57142128e-04
1.13642600e+04 1.47405630e-02 1.06447406e-03 4.10245095e+00 7.57163465e-04
1.13642600e+04 1.47410190e-02 1.06462438e-03 4.10245095e+00 7.57270385e-04
1.13642700e+04 1.47415670e-02 1.06399236e-03 4.10245339e+00 7.56820830e-04
1.13642700e+04 1.47418410e-02 1.06408268e-03 4.10245339e+00 7.56885076e-04
1.13642800e+04 1.47422060e-02 1.06339033e-03 4.10245584e+00 7.56392613e-04
1.13642800e+04 1.47422970e-02 1.06342033e-03 4.10245584e+00 7.56413950e-04
1.13642800e+04 1.47424800e-02 1.06348066e-03 4.10245584e+00 7.56456858e-04
1.13642800e+04 1.47425710e-02 1.06351065e-03 4.10245584e+00 7.56478195e-04
1.13642800e+04 1.47427530e-02 1.06357065e-03 4.10245584e+00 7.56520870e-04
1.13642900e+04 1.47431190e-02 1.06287863e-03 4.10245828e+00 7.56028641e-04
1.13642900e+04 1.47432100e-02 1.06290863e-03 4.10245828e+00 7.56049978e-04
1.13643000e+04 1.47438490e-02 1.06230660e-03 4.10246072e+00 7.55621760e-04
1.13643000e+04 1.47439400e-02 1.06233660e-03 4.10246072e+00 7.55643098e-04
1.13643000e+04 1.47443050e-02 1.06245692e-03 4.10246072e+00 7.55728680e-04
1.13643100e+04 1.47452190e-02 1.06194555e-03 4.10246316e+00 7.55364943e-04
1.13643100e+04 1.47453100e-02 1.06197554e-03 4.10246316e+00 7.55386280e-04
1.13643100e+04 1.47454930e-02 1.06203587e-03 4.10246316e+00 7.55429189e-04
1.13643200e+04 1.47459490e-02 1.06137352e-03 4.10246560e+00 7.54958063e-04
1.13643200e+04 1.47460400e-02 1.06140352e-03 4.10246560e+00 7.54979400e-04
1.13643200e+04 1.47463140e-02 1.06149384e-03 4.10246560e+00 7.55043646e-04
1.13643300e+04 1.47467710e-02 1.06083182e-03 4.10246805e+00 7.54572754e-04
1.13643300e+04 1.47468620e-02 1.06086181e-03 4.10246805e+00 7.54594091e-04
1.13643300e+04 1.47470450e-02 1.06092214e-03 4.10246805e+00 7.54637000e-04
1.13643300e+04 1.47472280e-02 1.06098246e-03 4.10246805e+00 7.54679909e-04
1.13643300e+04 1.47473190e-02 1.06101246e-03 4.10246805e+00 7.54701246e-04
1.13643400e+04 1.47474110e-02 1.06023012e-03 4.10247049e+00 7.54144771e-04
1.13643400e+04 1.47476850e-02 1.06032044e-03 4.10247049e+00 7.54209017e-04
1.13643400e+04 1.47479590e-02 1.06041077e-03 4.10247049e+00 7.54273263e-04
1.13643400e+04 1.47480500e-02 1.06044076e-03 4.10247049e+00 7.54294600e-04
1.13643500e+04 1.47484160e-02 1.05974875e-03 4.10247293e+00 7.53802371e-04
1.13643600e+04 1.47493290e-02 1.05923704e-03 4.10247537e+00 7.53438399e-04
1.13643800e+04 1.47510660e-02 1.05818430e-03 4.10248026e+00 7.52689588e-04
1.13643900e+04 1.47520710e-02 1.05770292e-03 4.10248270e+00 7.52347187e-04
1.13643900e+04 1.47521630e-02 1.05773325e-03 4.10248270e+00 7.52368759e-04
1.13643900e+04 1.47528020e-02 1.05794389e-03 4.10248270e+00 7.52518588e-04
1.13644000e+04 1.47532590e-02 1.05728187e-03 4.10248514e+00 7.52047696e-04
1.13644100e+04 1.47540820e-02 1.05674050e-03 4.10248758e+00 7.51662622e-04
1.13644100e+04 1.47541730e-02 1.05677050e-03 4.10248758e+00 7.51683959e-04
1.13644100e+04 1.47542650e-02 1.05680082e-03 4.10248758e+00 7.51705530e-04
1.13644100e+04 1.47544480e-02 1.05686115e-03 4.10248758e+00 7.51748439e-04
1.13644100e+04 1.47545390e-02 1.05689114e-03 4.10248758e+00 7.51769776e-04
1.13644200e+04 1.47547220e-02 1.05613880e-03 4.10249002e+00 7.51234638e-04
1.13644200e+04 1.47548130e-02 1.05616880e-03 4.10249002e+00 7.51255976e-04
1.13649200e+04 1.48006250e-02 1.03063704e-03 4.10261212e+00 7.33095368e-04
1.13654200e+04 1.48466800e-02 1.00518538e-03 4.10273422e+00 7.14991726e-04
1.13659200e+04 1.48929820e-02 9.79815144e-04 4.10285632e+00 6.96945990e-04
1.13664200e+04 1.49395320e-02 9.54526657e-04 4.10297842e+00 6.78958393e-04
1.13669200e+04 1.49863330e-02 9.29320909e-04 4.10310052e+00 6.61029638e-04
1.13674200e+04 1.50333850e-02 9.04197901e-04 4.10322262e+00 6.43159727e-04
1.13679200e+04 1.50806910e-02 8.79158622e-04 4.10334473e+00 6.25349361e-04
1.13684200e+04 1.51282530e-02 8.54203730e-04 4.10346683e+00 6.07599011e-04
1.13689200e+04 1.51760740e-02 8.29334215e-04 4.10358893e+00 5.89909380e-04
1.13694200e+04 1.52241540e-02 8.04550077e-04 4.10371103e+00 5.72280467e-04
1.13699200e+04 1.52724970e-02 7.79852634e-04 4.10383313e+00 5.54713211e-04
1.13704200e+04 1.53211040e-02 7.55242216e-04 4.10395523e+00 5.37207846e-04
1.13709200e+04 1.53699770e-02 7.30719482e-04 4.10407733e+00 5.19764842e-04
1.13714200e+04 1.54191190e-02 7.06285421e-04 4.10419943e+00 5.02384901e-04
1.13719200e+04 1.54685310e-02 6.81940363e-04 4.10432153e+00 4.85068259e-04
1.13724200e+04 1.55182160e-02 6.57685296e-04 4.10444363e+00 4.67815618e-04
1.13729200e+04 1.55681770e-02 6.33521210e-04 4.10456573e+00 4.50627683e-04
1.13734200e+04 1.56184140e-02 6.09448104e-04 4.10468783e+00 4.33504453e-04
1.13739200e+04 1.56689310e-02 5.85467298e-04 4.10480993e+00 4.16446866e-04
1.13744200e+04 1.57197300e-02 5.61579450e-04 4.10493203e+00 3.99455391e-04
1.13749200e+04 1.57708130e-02 5.37785220e-04 4.10505413e+00 3.82530497e-04
1.13754200e+04 1.58221830e-02 5.14085596e-04 4.10517623e+00 3.65672889e-04
1.13759200e+04 1.58738410e-02 4.90480908e-04 4.10529833e+00 3.48882799e-04
1.13764200e+04 1.59257900e-02 4.66972146e-04 4.10542043e+00 3.32160932e-04
1.13769200e+04 1.59780330e-02 4.43560298e-04 4.10554253e+00 3.15507992e-04
1.13774200e+04 1.60305720e-02 4.20246023e-04 4.10566463e+00 2.98924446e-04
1.13779200e+04 1.60834100e-02 3.97030310e-04 4.10578673e+00 2.82411000e-04
1.13784200e+04 1.61365480e-02 3.73913489e-04 4.10590883e+00 2.65967887e-04
1.13789200e+04 1.61899890e-02 3.50896549e-04 4.10603093e+00 2.49595810e-04
1.13794200e+04 1.62437370e-02 3.27980809e-04 4.10615303e+00 2.33295708e-04
1.13799200e+04 1.62977930e-02 3.05166597e-04 4.10627513e+00 2.17067815e-04
1.13804200e+04 1.63521600e-02 2.82454904e-04 4.10639723e+00 2.00912836e-04
1.13809200e+04 1.64068410e-02 2.59846717e-04 4.10651933e+00 1.84831472e-04
1.13814200e+04 1.64618390e-02 2.37343026e-04 4.10664143e+00 1.68824428e-04
1.13819200e+04 1.65171550e-02 2.14944161e-04 4.10676353e+00 1.52891938e-04
1.13824200e+04 1.65727930e-02 1.92651439e-04 4.10688563e+00 1.37034941e-04
1.13829200e+04 1.66287560e-02 1.70465850e-04 4.10700773e+00 1.21254139e-04
1.13834200e+04 1.66850460e-02 1.48388054e-04 4.10712983e+00 1.05550002e-04
1.13839200e+04 1.67416660e-02 1.26419038e-04 4.10725193e+00 8.99232331e-05
1.13844200e+04 1.67986190e-02 1.04559793e-04 4.10737403e+00 7.43745360e-05
1.13849200e+04 1.68559080e-02 8.28113067e-05 4.10749613e+00 5.89046141e-05
1.13854200e+04 1.69135360e-02 6.11745681e-05 4.10761823e+00 4.35141709e-05
1.13859200e+04 1.69715050e-02 3.96502367e-05 4.10774033e+00 2.82036755e-05
1.13864200e+04 1.70298190e-02 1.82396309e-05 4.10786243e+00 1.29740658e-05
1.13869200e+04 1.70884800e-02 -3.05658986e-06 4.10798453e+00 -2.17418923e-06
1.13874200e+04 1.71474920e-02 -2.42371071e-05 4.10810663e+00 -1.72401515e-05
1.13879200e+04 1.72068580e-02 -4.53009319e-05 4.10822873e+00 -3.22231176e-05
1.13884200e+04 1.72665800e-02 -6.62474050e-05 4.10835083e+00 -4.71226184e-05
1.13889200e+04 1.73266630e-02 -8.70748781e-05 4.10847293e+00 -6.19374816e-05
1.13894200e+04 1.73871090e-02 -1.07782692e-04 4.10859503e+00 -7.66672380e-05
1.13899200e+04 1.74479210e-02 -1.28369858e-04 4.10871713e+00 -9.13111842e-05
1.13904200e+04 1.75091020e-02 -1.48835387e-04 4.10883923e+00 -1.05868617e-04
1.13909200e+04 1.75706570e-02 -1.69177630e-04 4.10896133e+00 -1.20338363e-04
1.13914200e+04 1.76325880e-02 -1.89395929e-04 4.10908343e+00 -1.34719954e-04
1.13919200e+04 1.76948980e-02 -2.09489295e-04 4.10920553e+00 -1.49012686e-04
1.13924200e+04 1.77575920e-02 -2.29456079e-04 4.10932763e+00 -1.63215388e-04
1.13929200e+04 1.78206720e-02 -2.49295622e-04 4.10944973e+00 -1.77327589e-04
1.13934200e+04 1.78841420e-02 -2.69006605e-04 4.10957183e+00 -1.91348351e-04
1.13939200e+04 1.79480050e-02 -2.88588040e-04 4.10969393e+00 -2.05276972e-04
1.13944200e+04 1.80122660e-02 -3.08038279e-04 4.10981603e+00 -2.19112279e-04
1.13949200e+04 1.80769280e-02 -3.27356332e-04 4.10993813e+00 -2.32853568e-04
1.13954200e+04 1.81419940e-02 -3.46541210e-04 4.11006023e+00 -2.46500136e-04
1.13959200e+04 1.82074680e-02 -3.65591596e-04 4.11018233e+00 -2.60051045e-04
1.13964200e+04 1.82733530e-02 -3.84506500e-04 4.11030443e+00 -2.73505591e-04
1.13969200e+04 1.83396550e-02 -4.03283943e-04 4.11042653e+00 -2.86862367e-04
1.13974200e+04 1.84063760e-02 -4.21923268e-04 4.11054863e+00 -3.00120905e-04
1.13979200e+04 1.84735210e-02 -4.40422826e-04 4.11067073e+00 -3.13280031e-04
1.13984200e+04 1.85410930e-02 -4.58781628e-04 4.11079283e+00 -3.26339043e-04
1.13989200e+04 1.86090960e-02 -4.76998354e-04 4.11091493e+00 -3.39297002e-04
1.13994200e+04 1.86775350e-02 -4.95071358e-04 4.11103703e+00 -3.52152736e-04
1.13999200e+04 1.87464130e-02 -5.12999650e-04 4.11115913e+00 -3.64905541e-04
1.14004200e+04 1.88157350e-02 -5.30781582e-04 4.11128123e+00 -3.77554245e-04
1.14009200e+04 1.88855050e-02 -5.48415836e-04 4.11140333e+00 -3.90097910e-04
1.14014200e+04 1.89557270e-02 -5.65901092e-04 4.11152543e+00 -4.02535598e-04
1.14019200e+04 1.90264050e-02 -5.83236033e-04 4.11164753e+00 -4.14866370e-04
1.14024200e+04 1.90975440e-02 -6.00419010e-04 4.11176963e+00 -4.27089055e-04
1.14029200e+04 1.91691490e-02 -6.17448374e-04 4.11189173e+00 -4.39202479e-04
1.14034200e+04 1.92412230e-02 -6.34323138e-04 4.11201383e+00 -4.51205940e-04
1.14039200e+04 1.93137710e-02 -6.51041652e-04 4.11213593e+00 -4.63098265e-04
1.14044200e+04 1.93867990e-02 -6.67601940e-04 4.11225803e+00 -4.74878047e-04
1.14049200e+04 1.94603090e-02 -6.84003341e-04 4.11238013e+00 -4.86544816e-04
1.14054200e+04 1.95343080e-02 -7.00243548e-04 4.11250223e+00 -4.98096931e-04
1.14059200e+04 1.96088000e-02 -7.16321243e-04 4.11262433e+00 -5.09533455e-04
1.14064200e+04 1.96837890e-02 -7.32235107e-04 4.11274643e+00 -5.20853450e-04
1.14069200e+04 1.97592810e-02 -7.47983162e-04 4.11286853e+00 -5.32055507e-04
1.14074200e+04 1.98352810e-02 -7.63563760e-04 4.11299063e+00 -5.43138456e-04
1.14079200e+04 1.99117930e-02 -7.78975583e-04 4.11311273e+00 -5.54101357e-04
1.14084200e+04 1.99888230e-02 -7.94216652e-04 4.11323483e+00 -5.64942804e-04
1.14089200e+04 2.00663760e-02 -8.09285320e-04 4.11335693e+00 -5.75661625e-04
1.14094200e+04 2.01444580e-02 -8.24179609e-04 4.11347903e+00 -5.86256411e-04
1.14099200e+04 2.02230720e-02 -8.38898529e-04 4.11360113e+00 -5.96726461e-04
1.14104200e+04 2.03022250e-02 -8.53439773e-04 4.11372323e+00 -6.07070132e-04
1.14109200e+04 2.03819230e-02 -8.67801364e-04 4.11384533e+00 -6.17286017e-04
1.14114200e+04 2.04621700e-02 -8.81981982e-04 4.11396743e+00 -6.27373179e-04
1.14119200e+04 2.05429720e-02 -8.95979651e-04 4.11408953e+00 -6.37330210e-04
1.14124200e+04 2.06243360e-02 -9.09792062e-04 4.11421164e+00 -6.47155469e-04
1.14129200e+04 2.07062660e-02 -9.23417896e-04 4.11433374e+00 -6.56848017e-04
1.14134200e+04 2.07887690e-02 -9.36854848e-04 4.11445584e+00 -6.66406214e-04
1.14139200e+04 2.08718500e-02 -9.50101267e-04 4.11457794e+00 -6.75828887e-04
1.14144200e+04 2.09555150e-02 -9.63155177e-04 4.11470004e+00 -6.85114629e-04
1.14149200e+04 2.10397710e-02 -9.76014270e-04 4.11482214e+00 -6.94261798e-04
1.14154200e+04 2.11246230e-02 -9.88676898e-04 4.11494424e+00 -7.03269222e-04
1.14159200e+04 2.12100790e-02 -1.00114042e-03 4.11506634e+00 -7.12135024e-04
1.14164200e+04 2.12961430e-02 -1.01340353e-03 4.11518844e+00 -7.20858268e-04
1.14169200e+04 2.13828230e-02 -1.02546357e-03 4.11531054e+00 -7.29437076e-04
1.14174200e+04 2.14701250e-02 -1.03731858e-03 4.11543264e+00 -7.37870043e-04
1.14179200e+04 2.15580550e-02 -1.04896658e-03 4.11555474e+00 -7.46155760e-04
1.14184200e+04 2.16466210e-02 -1.06040493e-03 4.11567684e+00 -7.54292352e-04
1.14189200e+04 2.17358280e-02 -1.07163197e-03 4.11579894e+00 -7.62278646e-04
1.14194200e+04 2.18256850e-02 -1.08264476e-03 4.11592104e+00 -7.70112532e-04
1.14199200e+04 2.19161980e-02 -1.09344129e-03 4.11604314e+00 -7.77792604e-04
1.14204200e+04 2.20073730e-02 -1.10401961e-03 4.11616524e+00 -7.85317452e-04
1.14209200e+04 2.20992180e-02 -1.11437707e-03 4.11628734e+00 -7.92685203e-04
1.14214200e+04 2.21917410e-02 -1.12451103e-03 4.11640944e+00 -7.99893980e-04
1.14219200e+04 2.22849490e-02 -1.13441919e-03 4.11653154e+00 -8.06942141e-04
1.14224200e+04 2.23788480e-02 -1.14409956e-03 4.11665364e+00 -8.13828279e-04
1.14229200e+04 2.24734480e-02 -1.15354886e-03 4.11677574e+00 -8.20550050e-04
1.14234200e+04 2.25687550e-02 -1.16276511e-03 4.11689784e+00 -8.27106046e-04
1.14239200e+04 2.26647770e-02 -1.17174566e-03 4.11701994e+00 -8.33494392e-04
1.14244200e+04 2.27615220e-02 -1.18048788e-03 4.11714204e+00 -8.39713211e-04
1.14249200e+04 2.28589990e-02 -1.18898881e-03 4.11726414e+00 -8.45760393e-04
1.14254200e+04 2.29572150e-02 -1.19724613e-03 4.11738624e+00 -8.51634296e-04
1.14259200e+04 2.30561790e-02 -1.20525689e-03 4.11750834e+00 -8.57332810e-04
1.14264200e+04 2.31558980e-02 -1.21301876e-03 4.11763044e+00 -8.62854293e-04
1.14269200e+04 2.32563830e-02 -1.22052813e-03 4.11775254e+00 -8.68196167e-04
1.14274200e+04 2.33576410e-02 -1.22778269e-03 4.11787464e+00 -8.73356788e-04
1.14279200e+04 2.34596800e-02 -1.23477980e-03 4.11799674e+00 -8.78334283e-04
1.14284200e+04 2.35625110e-02 -1.24151584e-03 4.11811884e+00 -8.83126070e-04
1.14289200e+04 2.36661420e-02 -1.24798816e-03 4.11824094e+00 -8.87730273e-04
1.14294200e+04 2.37705820e-02 -1.25419381e-03 4.11836304e+00 -8.92144784e-04
1.14299200e+04 2.38758410e-02 -1.26012948e-03 4.11848514e+00 -8.96367255e-04
1.14304200e+04 2.39819280e-02 -1.26579221e-03 4.11860724e+00 -9.00395578e-04
1.14309200e+04 2.40888530e-02 -1.27117870e-03 4.11872934e+00 -9.04227407e-04
1.14314200e+04 2.41966250e-02 -1.27628598e-03 4.11885144e+00 -9.07860630e-04
1.14319200e+04 2.43052540e-02 -1.28111077e-03 4.11897354e+00 -9.11292905e-04
1.14324200e+04 2.44147510e-02 -1.28564942e-03 4.11909564e+00 -9.14521650e-04
1.14329200e+04 2.45251260e-02 -1.28989866e-03 4.11921774e+00 -9.17544521e-04
1.14334200e+04 2.46363890e-02 -1.29385517e-03 4.11933984e+00 -9.20359173e-04
1.14339200e+04 2.47485510e-02 -1.29751534e-03 4.11946194e+00 -9.22963027e-04
1.14344200e+04 2.48616220e-02 -1.30087587e-03 4.11958404e+00 -9.25353736e-04
1.14349200e+04 2.49756130e-02 -1.30393312e-03 4.11970614e+00 -9.27528723e-04
1.14354200e+04 2.50905360e-02 -1.30668316e-03 4.11982824e+00 -9.29485173e-04
1.14359200e+04 2.52064020e-02 -1.30912234e-03 4.11995034e+00 -9.31220506e-04
1.14364200e+04 2.53232220e-02 -1.31124704e-03 4.12007244e+00 -9.32732143e-04
1.14369200e+04 2.54410080e-02 -1.31305332e-03 4.12019454e+00 -9.34017270e-04
1.14374200e+04 2.55597710e-02 -1.31453753e-03 4.12031664e+00 -9.35073308e-04
1.14379200e+04 2.56795240e-02 -1.31569541e-03 4.12043874e+00 -9.35897207e-04
1.14384200e+04 2.58002790e-02 -1.31652298e-03 4.12056084e+00 -9.36486154e-04
1.14389200e+04 2.59220480e-02 -1.31701630e-03 4.12068294e+00 -9.36837335e-04
1.14394200e+04 2.60448440e-02 -1.31717108e-03 4.12080504e+00 -9.36947702e-04
1.14399200e+04 2.61686790e-02 -1.31698336e-03 4.12092714e+00 -9.36814440e-04
1.14404200e+04 2.62935670e-02 -1.31644854e-03 4.12104924e+00 -9.36434267e-04
1.14409200e+04 2.64195220e-02 -1.31556198e-03 4.12117134e+00 -9.35803899e-04
1.14414200e+04 2.65465550e-02 -1.31432008e-03 4.12129344e+00 -9.34920756e-04
1.14419200e+04 2.66746820e-02 -1.31271755e-03 4.12141554e+00 -9.33781088e-04
1.14424200e+04 2.68039160e-02 -1.31075011e-03 4.12153764e+00 -9.32381846e-04
1.14429200e+04 2.69342710e-02 -1.30841314e-03 4.12165974e+00 -9.30719745e-04
1.14434200e+04 2.70657620e-02 -1.30570171e-03 4.12178184e+00 -9.28791270e-04
1.14439200e+04 2.71984030e-02 -1.30261118e-03 4.12190394e+00 -9.26593137e-04
1.14444200e+04 2.73322100e-02 -1.29913630e-03 4.12202604e+00 -9.24121594e-04
1.14449200e+04 2.74671970e-02 -1.29527244e-03 4.12214814e+00 -9.21373357e-04
1.14454200e+04 2.76033790e-02 -1.29101466e-03 4.12227024e+00 -9.18344910e-04
1.14459200e+04 2.77407740e-02 -1.28635703e-03 4.12239234e+00 -9.15032032e-04
1.14464200e+04 2.78793960e-02 -1.28129493e-03 4.12251444e+00 -9.11431439e-04
1.14469200e+04 2.80192610e-02 -1.27582309e-03 4.12263654e+00 -9.07539379e-04
1.14474200e+04 2.81603870e-02 -1.26993558e-03 4.12275864e+00 -9.03351632e-04
1.14479200e+04 2.83027910e-02 -1.26362678e-03 4.12288074e+00 -8.98864211e-04
1.14484200e+04 2.84464880e-02 -1.25689176e-03 4.12300284e+00 -8.94073599e-04
1.14489200e+04 2.85914980e-02 -1.24972393e-03 4.12312494e+00 -8.88975105e-04
1.14494200e+04 2.87378370e-02 -1.24211800e-03 4.12324704e+00 -8.83564977e-04
1.14499200e+04 2.88855230e-02 -1.23406805e-03 4.12336914e+00 -8.77838995e-04
1.14504200e+04 2.90345760e-02 -1.22556748e-03 4.12349124e+00 -8.71792469e-04
1.14509200e+04 2.91850140e-02 -1.21661036e-03 4.12361334e+00 -8.65421177e-04
1.14514200e+04 2.93368550e-02 -1.20719075e-03 4.12373544e+00 -8.58720898e-04
1.14519200e+04 2.94901200e-02 -1.19730174e-03 4.12385754e+00 -8.51686709e-04
1.14524200e+04 2.96448280e-02 -1.18693706e-03 4.12397964e+00 -8.44314152e-04
1.14529200e+04 2.98009990e-02 -1.17609011e-03 4.12410174e+00 -8.36598540e-04
1.14534200e+04 2.99586550e-02 -1.16475365e-03 4.12422384e+00 -8.28534712e-04
1.14539200e+04 3.01178150e-02 -1.15292141e-03 4.12434594e+00 -8.20118213e-04
1.14544200e+04 3.02785010e-02 -1.14058614e-03 4.12446804e+00 -8.11343884e-04
1.14549200e+04 3.04407350e-02 -1.12774059e-03 4.12459014e+00 -8.02206566e-04
1.14554200e+04 3.06045400e-02 -1.11437718e-03 4.12471224e+00 -7.92700866e-04
1.14559200e+04 3.07699370e-02 -1.10048898e-03 4.12483434e+00 -7.82821858e-04
1.14564200e+04 3.09369490e-02 -1.08606841e-03 4.12495644e+00 -7.72564150e-04
1.14569200e+04 3.11056010e-02 -1.07110723e-03 4.12507855e+00 -7.61921880e-04
1.14574200e+04 3.12759160e-02 -1.05559786e-03 4.12520065e+00 -7.50889652e-04
1.14579200e+04 3.14479180e-02 -1.03953239e-03 4.12532275e+00 -7.39461841e-04
1.14584200e+04 3.16216320e-02 -1.02290258e-03 4.12544485e+00 -7.27632582e-04
1.14589200e+04 3.17970840e-02 -1.00569985e-03 4.12556695e+00 -7.15395779e-04
1.14594200e+04 3.19742990e-02 -9.87915965e-04 4.12568905e+00 -7.02745570e-04
1.14599200e+04 3.21533040e-02 -9.69542028e-04 4.12581115e+00 -6.89675623e-04
1.14604200e+04 3.23341250e-02 -9.50569464e-04 4.12593325e+00 -6.76179841e-04
1.14609200e+04 3.25167910e-02 -9.30988715e-04 4.12605535e+00 -6.62251424e-04
1.14614200e+04 3.27013280e-02 -9.10791211e-04 4.12617745e+00 -6.47884274e-04
1.14619200e+04 3.28877660e-02 -8.89967061e-04 4.12629955e+00 -6.33071357e-04
1.14624200e+04 3.30761340e-02 -8.68506707e-04 4.12642165e+00 -6.17805872e-04
1.14629200e+04 3.32664610e-02 -8.46400589e-04 4.12654375e+00 -6.02081019e-04
1.14634200e+04 3.34587780e-02 -8.23638487e-04 4.12666585e+00 -5.85889527e-04
1.14639200e+04 3.36531150e-02 -8.00210514e-04 4.12678795e+00 -5.69224363e-04
1.14644200e+04 3.38495040e-02 -7.76106120e-04 4.12691005e+00 -5.52078022e-04
1.14649200e+04 3.40479780e-02 -7.51314427e-04 4.12703215e+00 -5.34442765e-04
1.14654200e+04 3.42485700e-02 -7.25824557e-04 4.12715425e+00 -5.16310854e-04
1.14659200e+04 3.44513120e-02 -6.99625962e-04 4.12727635e+00 -4.97674786e-04
1.14664200e+04 3.46562400e-02 -6.72706775e-04 4.12739845e+00 -4.78526118e-04
1.14669200e+04 3.48633880e-02 -6.45055787e-04 4.12752055e+00 -4.58856877e-04
1.14674200e+04 3.50727920e-02 -6.16661133e-04 4.12764265e+00 -4.38658621e-04
1.14679200e+04 3.52844890e-02 -5.87510614e-04 4.12776475e+00 -4.17922673e-04
1.14684200e+04 3.54985170e-02 -5.57591706e-04 4.12788685e+00 -3.96640124e-04
1.14689200e+04 3.57149120e-02 -5.26892540e-04 4.12800895e+00 -3.74802529e-04
1.14694200e+04 3.59337160e-02 -4.95399272e-04 4.12813105e+00 -3.52400042e-04
1.14699200e+04 3.61549660e-02 -4.63099706e-04 4.12825315e+00 -3.29423985e-04
1.14704200e+04 3.63787050e-02 -4.29979666e-04 4.12837525e+00 -3.05864274e-04
1.14709200e+04 3.66049740e-02 -3.96025638e-04 4.12849735e+00 -2.81711296e-04
1.14714200e+04 3.68338150e-02 -3.61223777e-04 4.12861945e+00 -2.56955200e-04
1.14719200e+04 3.70652720e-02 -3.25559578e-04 4.12874155e+00 -2.31585670e-04
1.14724200e+04 3.72993900e-02 -2.89018208e-04 4.12886365e+00 -2.05592153e-04
1.14729200e+04 3.75362140e-02 -2.51584833e-04 4.12898575e+00 -1.78964095e-04
1.14734200e+04 3.77757910e-02 -2.13243960e-04 4.12910785e+00 -1.51690477e-04
1.14739200e+04 3.80181690e-02 -1.73979767e-04 4.12922995e+00 -1.23760041e-04
1.14744200e+04 3.82633960e-02 -1.33776429e-04 4.12935205e+00 -9.51615319e-05
1.14749200e+04 3.85115220e-02 -9.26174668e-05 4.12947415e+00 -6.58832245e-05
1.14754200e+04 3.87625990e-02 -5.04857374e-05 4.12959625e+00 -3.59129248e-05
1.14759200e+04 3.90166780e-02 -7.36442969e-06 4.12971835e+00 -5.23867331e-06
1.14764200e+04 3.92738140e-02 3.67645865e-05 4.12984045e+00 2.61524274e-05
1.14769200e+04 3.95340610e-02 8.19191118e-05 4.12996255e+00 5.82730405e-05
1.14774200e+04 3.97974760e-02 1.28117936e-04 4.13008465e+00 9.11365322e-05
1.14779200e+04 4.00641150e-02 1.75379518e-04 4.13020675e+00 1.24756035e-04
1.14784200e+04 4.03340390e-02 2.23723966e-04 4.13032885e+00 1.59145852e-04
1.14789200e+04 4.06073060e-02 2.73170400e-04 4.13045095e+00 1.94319586e-04
1.14794200e+04 4.08839800e-02 3.23739917e-04 4.13057305e+00 2.30292245e-04
1.14799200e+04 4.11641230e-02 3.75452953e-04 4.13069515e+00 2.67078366e-04
1.14804200e+04 4.14478000e-02 4.28330937e-04 4.13081725e+00 3.04693193e-04
1.14809200e+04 4.17350780e-02 4.82395952e-04 4.13093935e+00 3.43152438e-04
1.14814200e+04 4.20260250e-02 5.37670416e-04 4.13106145e+00 3.82472045e-04
1.14819200e+04 4.23207120e-02 5.94177732e-04 4.13118355e+00 4.22668665e-04
1.14824200e+04 4.26192090e-02 6.51940976e-04 4.13130565e+00 4.63758713e-04
1.14829200e+04 4.29215910e-02 7.10984869e-04 4.13142775e+00 5.05759776e-04
1.14834200e+04 4.32279340e-02 7.71334465e-04 4.13154985e+00 5.48689677e-04
1.14839200e+04 4.35383130e-02 8.33014488e-04 4.13167195e+00 5.92566001e-04
1.14844200e+04 4.38528100e-02 8.96051966e-04 4.13179405e+00 6.37407980e-04
1.14849200e+04 4.41715050e-02 9.60473272e-04 4.13191615e+00 6.83234372e-04
1.14854200e+04 4.44944830e-02 1.02630642e-03 4.13203825e+00 7.30065110e-04
1.14859200e+04 4.48218290e-02 1.09357944e-03 4.13216035e+00 7.77920127e-04
1.14864200e+04 4.51536330e-02 1.16232200e-03 4.13228245e+00 8.26820528e-04
1.14869200e+04 4.54899830e-02 1.23256309e-03 4.13240455e+00 8.76786948e-04
1.14874200e+04 4.58309740e-02 1.30433404e-03 4.13252665e+00 9.27841665e-04
1.14879200e+04 4.61767020e-02 1.37766650e-03 4.13264875e+00 9.80007191e-04
1.14884200e+04 4.65272640e-02 1.45259243e-03 4.13277085e+00 1.03330627e-03
1.14889200e+04 4.68827620e-02 1.52914547e-03 4.13289295e+00 1.08776283e-03
1.14894200e+04 4.72433000e-02 1.60735989e-03 4.13301505e+00 1.14340125e-03
1.14899200e+04 4.76089850e-02 1.68727096e-03 4.13313715e+00 1.20024662e-03
1.14904200e+04 4.79799260e-02 1.76891462e-03 4.13325925e+00 1.25832451e-03
1.14909200e+04 4.83562370e-02 1.85232845e-03 4.13338135e+00 1.31766164e-03
1.14914200e+04 4.87380330e-02 1.93755035e-03 4.13350345e+00 1.37828499e-03
1.14919200e+04 4.91254360e-02 2.02462054e-03 4.13362555e+00 1.44022317e-03
1.14924200e+04 4.95185670e-02 2.11357890e-03 4.13374765e+00 1.50350454e-03
1.14929200e+04 4.99175530e-02 2.20446731e-03 4.13386975e+00 1.56815889e-03
1.14934200e+04 5.03225260e-02 2.29732927e-03 4.13399185e+00 1.63421718e-03
1.14939200e+04 5.07336190e-02 2.39220862e-03 4.13411395e+00 1.70171059e-03
1.14944200e+04 5.11509710e-02 2.48915119e-03 4.13423605e+00 1.77067172e-03
1.14949200e+04 5.15747250e-02 2.58820411e-03 4.13435815e+00 1.84113409e-03
1.14954200e+04 5.20050280e-02 2.68941584e-03 4.13448025e+00 1.91313219e-03
1.14959200e+04 5.24420310e-02 2.79283616e-03 4.13460235e+00 1.98670143e-03
1.14964200e+04 5.28858910e-02 2.89851682e-03 4.13472445e+00 2.06187861e-03
1.14969200e+04 5.33367680e-02 3.00651056e-03 4.13484655e+00 2.13870126e-03
1.14974200e+04 5.37948290e-02 3.11687243e-03 4.13496865e+00 2.21720854e-03
1.14979200e+04 5.42602460e-02 3.22965913e-03 4.13509075e+00 2.29744079e-03
1.14984200e+04 5.47331950e-02 3.34492867e-03 4.13521285e+00 2.37943927e-03
1.14989200e+04 5.52138580e-02 3.46274106e-03 4.13533495e+00 2.46324667e-03
1.14994200e+04 5.57024260e-02 3.58315925e-03 4.13545705e+00 2.54890777e-03
1.14999200e+04 5.61990920e-02 3.70624686e-03 4.13557915e+00 2.63646784e-03
1.15004200e+04 5.67040570e-02 3.83207015e-03 4.13570125e+00 2.72597400e-03
1.15009200e+04 5.72175300e-02 3.96069801e-03 4.13582335e+00 2.81747527e-03
1.15014200e+04 5.77397250e-02 4.09220100e-03 4.13594545e+00 2.91102183e-03
1.15019200e+04 5.82708650e-02 4.22665261e-03 4.13606756e+00 3.00666598e-03
1.15024200e+04 5.88111790e-02 4.36412833e-03 4.13618966e+00 3.10446141e-03
1.15029200e+04 5.93609040e-02 4.50470629e-03 4.13631176e+00 3.20446371e-03
1.15034200e+04 5.99202880e-02 4.64846824e-03 4.13643386e+00 3.30673102e-03
1.15039200e+04 6.04895830e-02 4.79549726e-03 4.13655596e+00 3.41132244e-03
1.15044200e+04 6.10690540e-02 4.94588068e-03 4.13667806e+00 3.51830012e-03
1.15049200e+04 6.16589740e-02 5.09970851e-03 4.13680016e+00 3.62772807e-03
1.15054200e+04 6.22596240e-02 5.25707338e-03 4.13692226e+00 3.73967219e-03
1.15059200e+04 6.28712980e-02 5.41807219e-03 4.13704436e+00 3.85420142e-03
1.15064200e+04 6.34943000e-02 5.58280516e-03 4.13716646e+00 3.97138704e-03
1.15069200e+04 6.41289440e-02 5.75137579e-03 4.13728856e+00 4.09130270e-03
1.15074200e+04 6.47755570e-02 5.92389189e-03 4.13741066e+00 4.21402507e-03
1.15079200e+04 6.54344780e-02 6.10046518e-03 4.13753276e+00 4.33963364e-03
1.15084200e+04 6.61060570e-02 6.28121106e-03 4.13765486e+00 4.46821050e-03
1.15089200e+04 6.67906610e-02 6.46625050e-03 4.13777696e+00 4.59984171e-03
1.15094200e+04 6.74886690e-02 6.65570842e-03 4.13789906e+00 4.73461613e-03
1.15099200e+04 6.82004740e-02 6.84971438e-03 4.13802116e+00 4.87262593e-03
1.15104200e+04 6.89264850e-02 7.04840321e-03 4.13814326e+00 5.01396703e-03
1.15109200e+04 6.96671300e-02 7.25191598e-03 4.13826536e+00 5.15873977e-03
1.15114200e+04 7.04228500e-02 7.46039807e-03 4.13838746e+00 5.30704759e-03
1.15119200e+04 7.11941070e-02 7.67400177e-03 4.13850956e+00 5.45899881e-03
1.15124200e+04 7.19813800e-02 7.89288498e-03 4.13863166e+00 5.61470577e-03
1.15129200e+04 7.27851680e-02 8.11721219e-03 4.13875376e+00 5.77428547e-03
1.15134200e+04 7.36059930e-02 8.34715548e-03 4.13887586e+00 5.93786034e-03
1.15139200e+04 7.44443970e-02 8.58289349e-03 4.13899796e+00 6.10555746e-03
1.15144200e+04 7.53009450e-02 8.82461250e-03 4.13912006e+00 6.27750933e-03
1.15149200e+04 7.61762270e-02 9.07250697e-03 4.13924216e+00 6.45385431e-03
1.15154200e+04 7.70708600e-02 9.32678029e-03 4.13936426e+00 6.63473707e-03
1.15159200e+04 7.79854850e-02 9.58764378e-03 4.13948636e+00 6.82030795e-03
1.15164200e+04 7.89207740e-02 9.85531894e-03 4.13960846e+00 7.01072451e-03
1.15169200e+04 7.98774300e-02 1.01300375e-02 4.13973056e+00 7.20615161e-03
1.15174200e+04 8.08561850e-02 1.04120408e-02 4.13985266e+00 7.40676092e-03
1.15179200e+04 8.18578070e-02 1.07015819e-02 4.13997476e+00 7.61273251e-03
1.15184200e+04 8.28830990e-02 1.09989257e-02 4.14009686e+00 7.82425470e-03
1.15189200e+04 8.39329020e-02 1.13043492e-02 4.14021896e+00 8.04152470e-03
1.15194200e+04 8.50080970e-02 1.16181429e-02 4.14034106e+00 8.26474911e-03
1.15199200e+04 8.61096070e-02 1.19406111e-02 4.14046316e+00 8.49414437e-03
1.15204200e+04 8.72384010e-02 1.22720732e-02 4.14058526e+00 8.72993770e-03
1.15209200e+04 8.83954940e-02 1.26128637e-02 4.14070736e+00 8.97236714e-03
1.15214200e+04 8.95819540e-02 1.29633348e-02 4.14082946e+00 9.22168311e-03
1.15219200e+04 9.07989010e-02 1.33238557e-02 4.14095156e+00 9.47814827e-03
1.15224200e+04 9.20475130e-02 1.36948145e-02 4.14107366e+00 9.74203885e-03
1.15229200e+04 9.33290300e-02 1.40766202e-02 4.14119576e+00 1.00136456e-02
1.15234200e+04 9.46447550e-02 1.44697021e-02 4.14131786e+00 1.02932742e-02
1.15239200e+04 9.59960630e-02 1.48745137e-02 4.14143996e+00 1.05812469e-02
1.15244200e+04 9.73843990e-02 1.52915311e-02 4.14156206e+00 1.08779027e-02
1.15249200e+04 9.88112910e-02 1.57212581e-02 4.14168416e+00 1.11835998e-02
1.15254200e+04 1.00278350e-01 1.61642258e-02 4.14180626e+00 1.14987161e-02
1.15259200e+04 1.01787270e-01 1.66209925e-02 4.14192836e+00 1.18236488e-02
1.15264200e+04 1.03339860e-01 1.70921545e-02 4.14205046e+00 1.21588221e-02
1.15269200e+04 1.04938010e-01 1.75783350e-02 4.14217256e+00 1.25046791e-02
1.15274200e+04 1.06583740e-01 1.80801997e-02 4.14229466e+00 1.28616937e-02
1.15279200e+04 1.08279170e-01 1.85984475e-02 4.14241676e+00 1.32303629e-02
1.15284200e+04 1.10026570e-01 1.91338267e-02 4.14253886e+00 1.36112190e-02
1.15289200e+04 1.11828330e-01 1.96871251e-02 4.14266096e+00 1.40048226e-02
1.15294200e+04 1.13686990e-01 2.02591799e-02 4.14278306e+00 1.44117692e-02
1.15299200e+04 1.15605260e-01 2.08508847e-02 4.14290516e+00 1.48326943e-02
1.15304200e+04 1.17586010e-01 2.14631853e-02 4.14302726e+00 1.52682709e-02
1.15309200e+04 1.19632310e-01 2.20970937e-02 4.14314936e+00 1.57192190e-02
1.15314200e+04 1.21747410e-01 2.27536814e-02 4.14327146e+00 1.61863007e-02
1.15319200e+04 1.23934790e-01 2.34340955e-02 4.14339356e+00 1.66703320e-02
1.15324200e+04 1.26198180e-01 2.41395654e-02 4.14351566e+00 1.71721876e-02
1.15329200e+04 1.28541540e-01 2.48713967e-02 4.14363776e+00 1.76927962e-02
1.15334200e+04 1.30969120e-01 2.56309902e-02 4.14375986e+00 1.82331544e-02
1.15339200e+04 1.33485470e-01 2.64198458e-02 4.14388196e+00 1.87943291e-02
1.15344200e+04 1.36095490e-01 2.72395787e-02 4.14400406e+00 1.93774694e-02
1.15349200e+04 1.38804390e-01 2.80919065e-02 4.14412616e+00 1.99837970e-02
1.15354200e+04 1.41617830e-01 2.89786947e-02 4.14424826e+00 2.06146393e-02
1.15359200e+04 1.44541860e-01 2.99019379e-02 4.14437036e+00 2.12714149e-02
1.15364200e+04 1.47583020e-01 3.08637917e-02 4.14449246e+00 2.19556575e-02
1.15369200e+04 1.50748370e-01 3.18665835e-02 4.14461456e+00 2.26690226e-02
1.15374200e+04 1.54045510e-01 3.29128184e-02 4.14473666e+00 2.34132924e-02
1.15379200e+04 1.57482710e-01 3.40052228e-02 4.14485876e+00 2.41904063e-02
1.15384200e+04 1.61068890e-01 3.51467368e-02 4.14498086e+00 2.50024560e-02
1.15389200e+04 1.64813760e-01 3.63405614e-02 4.14510296e+00 2.58517185e-02
1.15394200e+04 1.68727860e-01 3.75901709e-02 4.14522506e+00 2.67406654e-02
1.15399200e+04 1.72822690e-01 3.88993561e-02 4.14534716e+00 2.76719935e-02
1.15404200e+04 1.77110760e-01 4.02722410e-02 4.14546926e+00 2.86486363e-02
1.15409200e+04 1.81605780e-01 4.17133447e-02 4.14559136e+00 2.96738089e-02
1.15414200e+04 1.86322740e-01 4.32276087e-02 4.14571346e+00 3.07510264e-02
1.15419200e+04 1.91278060e-01 4.48204457e-02 4.14583556e+00 3.18841394e-02
1.15424200e+04 1.96489830e-01 4.64978187e-02 4.14595766e+00 3.30773899e-02
1.15429200e+04 2.01977960e-01 4.82662909e-02 4.14607976e+00 3.43354467e-02
1.15434200e+04 2.07764410e-01 5.01331013e-02 4.14620186e+00 3.56634597e-02
1.15439200e+04 2.13873490e-01 5.21062633e-02 4.14632396e+00 3.70671293e-02
1.15444200e+04 2.20332160e-01 5.41946640e-02 4.14644606e+00 3.85527778e-02
1.15449200e+04 2.27170390e-01 5.64081828e-02 4.14656816e+00 4.01274332e-02
1.15454200e+04 2.34421580e-01 5.87578296e-02 4.14669026e+00 4.17989277e-02
1.15459200e+04 2.42123060e-01 6.12559099e-02 4.14681236e+00 4.35760152e-02
1.15464200e+04 2.50316680e-01 6.39162190e-02 4.14693447e+00 4.54685095e-02
1.15469200e+04 2.59049470e-01 6.67542599e-02 4.14705657e+00 4.74874393e-02
1.15474200e+04 2.68374470e-01 6.97875168e-02 4.14717867e+00 4.96452423e-02
1.15479200e+04 2.78351700e-01 7.30357746e-02 4.14730077e+00 5.19559934e-02
1.15484200e+04 2.89049260e-01 7.65214817e-02 4.14742287e+00 5.44356619e-02
1.15489200e+04 3.00544790e-01 8.02702314e-02 4.14754497e+00 5.71024544e-02
1.15494200e+04 3.12927080e-01 8.43112924e-02 4.14766707e+00 5.99771923e-02
1.15499200e+04 3.26298060e-01 8.86782649e-02 4.14778917e+00 6.30837781e-02
1.15504200e+04 3.40775330e-01 9.34099144e-02 4.14791127e+00 6.64497890e-02
1.15509200e+04 3.56495100e-01 9.85511413e-02 4.14803337e+00 7.01071663e-02
1.15514200e+04 3.73615900e-01 1.04154203e-01 4.14815547e+00 7.40930854e-02
1.15519200e+04 3.92323190e-01 1.10280235e-01 4.14827757e+00 7.84510367e-02
1.15524200e+04 4.12835090e-01 1.17001138e-01 4.14839967e+00 8.32321693e-02
1.15529200e+04 4.35409520e-01 1.24401933e-01 4.14852177e+00 8.84969656e-02
1.15534200e+04 4.60353330e-01 1.32583770e-01 4.14864387e+00 9.43173820e-02
1.15539200e+04 4.88033850e-01 1.41667734e-01 4.14876597e+00 1.00779557e-01
1.15544200e+04 5.18541150e-01 1.51683518e-01 4.14888807e+00 1.07904614e-01
1.15545200e+04 5.25128520e-01 1.53846850e-01 4.14891249e+00 1.09443571e-01
1.15546200e+04 5.31868520e-01 1.56060495e-01 4.14893691e+00 1.11018320e-01
1.15547200e+04 5.38766130e-01 1.58326094e-01 4.14896133e+00 1.12630029e-01
1.15548200e+04 5.45826550e-01 1.60645362e-01 4.14898575e+00 1.14279916e-01
1.15549200e+04 5.53055200e-01 1.63020086e-01 4.14901017e+00 1.15969254e-01
1.15550200e+04 5.60457730e-01 1.65452127e-01 4.14903459e+00 1.17699366e-01
1.15551200e+04 5.68040000e-01 1.67943417e-01 4.14905901e+00 1.19471628e-01
1.15552200e+04 5.75808170e-01 1.70495988e-01 4.14908343e+00 1.21287483e-01
1.15553200e+04 5.83768620e-01 1.73111941e-01 4.14910785e+00 1.23148428e-01
1.15554200e+04 5.91928030e-01 1.75793480e-01 4.14913227e+00 1.25056029e-01
1.15555200e+04 6.00293360e-01 1.78542898e-01 4.14915669e+00 1.27011918e-01
1.15556200e+04 6.08871900e-01 1.81362599e-01 4.14918111e+00 1.29017805e-01
1.15557200e+04 6.17671250e-01 1.84255087e-01 4.14920553e+00 1.31075472e-01
1.15558200e+04 6.26699330e-01 1.87222974e-01 4.14922995e+00 1.33186776e-01
1.15559200e+04 6.35964450e-01 1.90268998e-01 4.14925437e+00 1.35353667e-01
1.15560200e+04 6.45475270e-01 1.93396015e-01 4.14927879e+00 1.37578174e-01
1.15561200e+04 6.55240870e-01 1.96607018e-01 4.14930321e+00 1.39862427e-01
1.15562200e+04 6.65270740e-01 1.99905135e-01 4.14932763e+00 1.42208651e-01
1.15563200e+04 6.75574810e-01 2.03293638e-01 4.14935205e+00 1.44619175e-01
1.15564200e+04 6.86163460e-01 2.06775951e-01 4.14937647e+00 1.47096434e-01
1.15565200e+04 6.97047590e-01 2.10355666e-01 4.14940089e+00 1.49642982e-01
1.15566200e+04 7.08238600e-01 2.14036540e-01 4.14942531e+00 1.52261495e-01
1.15567200e+04 7.19748430e-01 2.17822510e-01 4.14944973e+00 1.54954770e-01
1.15568200e+04 7.31589600e-01 2.21717703e-01 4.14947415e+00 1.57725745e-01
1.15569200e+04 7.43775250e-01 2.25726450e-01 4.14949857e+00 1.60577500e-01
1.15570200e+04 7.56319140e-01 2.29853288e-01 4.14952299e+00 1.63513263e-01
1.15571200e+04 7.69235720e-01 2.34102978e-01 4.14954741e+00 1.66536422e-01
1.15572200e+04 7.82540170e-01 2.38480527e-01 4.14957183e+00 1.69650536e-01
1.15573200e+04 7.96248400e-01 2.42991177e-01 4.14959625e+00 1.72859337e-01
1.15574200e+04 8.10377120e-01 2.47640437e-01 4.14962067e+00 1.76166743e-01
1.15575200e+04 8.24943900e-01 2.52434099e-01 4.14964509e+00 1.79576874e-01
1.15576200e+04 8.39967200e-01 2.57378248e-01 4.14966951e+00 1.83094060e-01
1.15577200e+04 8.55466410e-01 2.62479276e-01 4.14969393e+00 1.86722846e-01
1.15578200e+04 8.71461910e-01 2.67743901e-01 4.14971835e+00 1.90468013e-01
1.15579200e+04 8.87975160e-01 2.73179197e-01 4.14974277e+00 1.94334592e-01
1.15580200e+04 9.05028710e-01 2.78792597e-01 4.14976719e+00 1.98327872e-01
1.15581200e+04 9.22646290e-01 2.84591924e-01 4.14979161e+00 2.02453416e-01
1.15582200e+04 9.40852860e-01 2.90585406e-01 4.14981603e+00 2.06717080e-01
1.15583200e+04 9.59674720e-01 2.96781711e-01 4.14984045e+00 2.11125029e-01
1.15584200e+04 9.79139510e-01 3.03189952e-01 4.14986487e+00 2.15683745e-01
1.15585200e+04 9.99276360e-01 3.09819730e-01 4.14988929e+00 2.20400060e-01
1.15586200e+04 1.02011590e+00 3.16681143e-01 4.14991371e+00 2.25281156e-01
1.15587200e+04 1.04169050e+00 3.23784861e-01 4.14993813e+00 2.30334623e-01
1.15588200e+04 1.06403410e+00 3.31142071e-01 4.14996255e+00 2.35568422e-01
1.15589200e+04 1.08718250e+00 3.38764576e-01 4.14998697e+00 2.40990946e-01
1.15590200e+04 1.11117340e+00 3.46664802e-01 4.15001139e+00 2.46611037e-01
1.15591200e+04 1.13604650e+00 3.54855837e-01 4.15003581e+00 2.52438004e-01
1.15592200e+04 1.16184350e+00 3.63351425e-01 4.15006023e+00 2.58481626e-01
1.15593200e+04 1.18860840e+00 3.72166072e-01 4.15008465e+00 2.64752221e-01
1.15594200e+04 1.21638740e+00 3.81315006e-01 4.15010907e+00 2.71260623e-01
1.15595200e+04 1.24522910e+00 3.90814248e-01 4.15013349e+00 2.78018229e-01
1.15596200e+04 1.27518460e+00 4.00680643e-01 4.15015791e+00 2.85037021e-01
1.15597200e+04 1.30630760e+00 4.10931893e-01 4.15018233e+00 2.92329593e-01
1.15598200e+04 1.33865430e+00 4.21586522e-01 4.15020675e+00 2.99909123e-01
1.15599200e+04 1.37228390e+00 4.32664046e-01 4.15023117e+00 3.07789493e-01
1.15600200e+04 1.40725810e+00 4.44184804e-01 4.15025559e+00 3.15985173e-01
1.15601200e+04 1.44364160e+00 4.56170123e-01 4.15028001e+00 3.24511334e-01
1.15602200e+04 1.48150200e+00 4.68642287e-01 4.15030443e+00 3.33383829e-01
1.15603200e+04 1.52090980e+00 4.81624535e-01 4.15032885e+00 3.42619190e-01
1.15604200e+04 1.56193810e+00 4.95140964e-01 4.15035327e+00 3.52234560e-01
1.15605200e+04 1.60466320e+00 5.09216726e-01 4.15037769e+00 3.62247829e-01
1.15606200e+04 1.64916370e+00 5.23877730e-01 4.15040211e+00 3.72677431e-01
1.15607200e+04 1.69552080e+00 5.39150744e-01 4.15042653e+00 3.83542407e-01
1.15608200e+04 1.74381810e+00 5.55063324e-01 4.15045095e+00 3.94862361e-01
1.15609200e+04 1.79414090e+00 5.71643589e-01 4.15047537e+00 4.06657296e-01
1.15610200e+04 1.84657600e+00 5.88920153e-01 4.15049979e+00 4.18947566e-01
1.15611200e+04 1.90121120e+00 6.06921956e-01 4.15052421e+00 4.31753761e-01
1.15612200e+04 1.95813450e+00 6.25678009e-01 4.15054863e+00 4.45096516e-01
1.15613200e+04 2.01743330e+00 6.45217120e-01 4.15057305e+00 4.58996329e-01
1.15614200e+04 2.07919330e+00 6.65567540e-01 4.15059747e+00 4.73473294e-01
1.15615200e+04 2.14349710e+00 6.86756498e-01 4.15062189e+00 4.88546781e-01
1.15616200e+04 2.21042340e+00 7.08809936e-01 4.15064631e+00 5.04235247e-01
1.15617200e+04 2.28004420e+00 7.31751588e-01 4.15067073e+00 5.20555575e-01
1.15618200e+04 2.35242370e+00 7.55602618e-01 4.15069515e+00 5.37522820e-01
1.15619200e+04 2.42761550e+00 7.80380692e-01 4.15071957e+00 5.55149552e-01
1.15620200e+04 2.50565990e+00 8.06099097e-01 4.15074399e+00 5.73445221e-01
1.15621200e+04 2.58658130e+00 8.32765876e-01 4.15076841e+00 5.92415548e-01
1.15622200e+04 2.67038430e+00 8.60382544e-01 4.15079283e+00 6.12061613e-01
1.15623200e+04 2.75705060e+00 8.88943069e-01 4.15081725e+00 6.32379125e-01
1.15624200e+04 2.84653480e+00 9.18432486e-01 4.15084167e+00 6.53357437e-01
1.15625200e+04 2.93876030e+00 9.48825545e-01 4.15086609e+00 6.74978586e-01
1.15626200e+04 3.03361530e+00 9.80085391e-01 4.15089051e+00 6.97216356e-01
1.15627200e+04 3.13094830e+00 1.01216208e+00 4.15091493e+00 7.20035220e-01
1.15628200e+04 3.23056440e+00 1.04499138e+00 4.15093935e+00 7.43389474e-01
1.15629200e+04 3.33222150e+00 1.07849347e+00 4.15096377e+00 7.67222346e-01
1.15630200e+04 3.43562760e+00 1.11257209e+00 4.15098819e+00 7.91465361e-01
1.15631200e+04 3.54043830e+00 1.14711373e+00 4.15101261e+00 8.16037758e-01
1.15632200e+04 3.64625670e+00 1.18198755e+00 4.15103703e+00 8.40846463e-01
1.15633200e+04 3.75263350e+00 1.21704544e+00 4.15106145e+00 8.65786117e-01
1.15634200e+04 3.85906980e+00 1.25212294e+00 4.15108587e+00 8.90739726e-01
1.15635200e+04 3.96502180e+00 1.28704080e+00 4.15111029e+00 9.15579769e-01
1.15636200e+04 4.06990700e+00 1.32160700e+00 4.15113471e+00 9.40169651e-01
1.15637200e+04 4.17311340e+00 1.35561980e+00 4.15115913e+00 9.64365856e-01
1.15638200e+04 4.27401010e+00 1.38887123e+00 4.15118355e+00 9.88020438e-01
1.15639200e+04 4.37196050e+00 1.42115144e+00 4.15120797e+00 1.01098411e+00
1.15640200e+04 4.46633580e+00 1.45225316e+00 4.15123239e+00 1.03310943e+00
1.15641200e+04 4.55652790e+00 1.48197592e+00 4.15125681e+00 1.05425379e+00
1.15642200e+04 4.64195620e+00 1.51012836e+00 4.15128123e+00 1.07428104e+00
1.15643200e+04 4.72208230e+00 1.53653297e+00 4.15130565e+00 1.09306492e+00
1.15644200e+04 4.79643250e+00 1.56103362e+00 4.15133007e+00 1.11049435e+00
1.15645200e+04 4.86461430e+00 1.58350092e+00 4.15135449e+00 1.12647729e+00
1.15646200e+04 4.92632880e+00 1.60383634e+00 4.15137891e+00 1.14094365e+00
1.15647200e+04 4.98137280e+00 1.62197291e+00 4.15140333e+00 1.15384578e+00
1.15648200e+04 5.02963670e+00 1.63787448e+00 4.15142775e+00 1.16515797e+00
1.15649200e+04 5.07110320e+00 1.65153535e+00 4.15145217e+00 1.17487617e+00
1.15650200e+04 5.10584230e+00 1.66297861e+00 4.15147659e+00 1.18301679e+00
1.15651200e+04 5.13400400e+00 1.67225370e+00 4.15150101e+00 1.18961501e+00
1.15652200e+04 5.15580850e+00 1.67943320e+00 4.15152543e+00 1.19472246e+00
1.15653200e+04 5.17153600e+00 1.68460948e+00 4.15154985e+00 1.19840486e+00
1.15654200e+04 5.18151420e+00 1.68789057e+00 4.15157427e+00 1.20073904e+00
1.15655200e+04 5.18610730e+00 1.68939651e+00 4.15159869e+00 1.20181041e+00
1.15656200e+04 5.18570420e+00 1.68925550e+00 4.15162311e+00 1.20171017e+00
1.15657200e+04 5.18070810e+00 1.68760046e+00 4.15164753e+00 1.20053287e+00
1.15658200e+04 5.17152720e+00 1.68456595e+00 4.15167195e+00 1.19837423e+00
1.15659200e+04 5.15856670e+00 1.68028553e+00 4.15169637e+00 1.19532927e+00
1.15660200e+04 5.14222240e+00 1.67488967e+00 4.15172079e+00 1.19149081e+00
1.15661200e+04 5.12287510e+00 1.66850391e+00 4.15174521e+00 1.18694814e+00
1.15662200e+04 5.10088710e+00 1.66124766e+00 4.15176963e+00 1.18178623e+00
1.15663200e+04 5.07659950e+00 1.65323338e+00 4.15179405e+00 1.17608506e+00
1.15664200e+04 5.05033070e+00 1.64456601e+00 4.15181847e+00 1.16991929e+00
1.15665200e+04 5.02237560e+00 1.63534278e+00 4.15184289e+00 1.16335809e+00
1.15666200e+04 4.99300550e+00 1.62565310e+00 4.15186731e+00 1.15646506e+00
1.15667200e+04 4.96246880e+00 1.61557886e+00 4.15189173e+00 1.14929847e+00
1.15668200e+04 4.93099200e+00 1.60519473e+00 4.15191615e+00 1.14191142e+00
1.15669200e+04 4.89878070e+00 1.59456848e+00 4.15194057e+00 1.13435213e+00
1.15670200e+04 4.86602110e+00 1.58376149e+00 4.15196499e+00 1.12666426e+00
1.15671200e+04 4.83288110e+00 1.57282911e+00 4.15198941e+00 1.11888719e+00
1.15672200e+04 4.79951250e+00 1.56182137e+00 4.15201383e+00 1.11105651e+00
1.15673200e+04 4.76605150e+00 1.55078317e+00 4.15203825e+00 1.10320416e+00
1.15674200e+04 4.73262080e+00 1.53975495e+00 4.15206267e+00 1.09535892e+00
1.15675200e+04 4.69933020e+00 1.52877292e+00 4.15208709e+00 1.08754653e+00
1.15676200e+04 4.66627830e+00 1.51786958e+00 4.15211151e+00 1.07979011e+00
1.15677200e+04 4.63355310e+00 1.50707393e+00 4.15213593e+00 1.07211030e+00
1.15678200e+04 4.60123320e+00 1.49641188e+00 4.15216035e+00 1.06452554e+00
1.15679200e+04 4.56938850e+00 1.48590648e+00 4.15218477e+00 1.05705221e+00
1.15680200e+04 4.53808080e+00 1.47557809e+00 4.15220919e+00 1.04970481e+00
1.15681200e+04 4.50736450e+00 1.46544465e+00 4.15223361e+00 1.04249608e+00
1.15682200e+04 4.47728740e+00 1.45552192e+00 4.15225803e+00 1.03543726e+00
1.15683200e+04 4.44789100e+00 1.44582357e+00 4.15228245e+00 1.02853805e+00
1.15684200e+04 4.41921060e+00 1.43636125e+00 4.15230687e+00 1.02180675e+00
1.15685200e+04 4.39127640e+00 1.42714490e+00 4.15233129e+00 1.01525043e+00
1.15686200e+04 4.36411320e+00 1.41818270e+00 4.15235571e+00 1.00887491e+00
1.15687200e+04 4.33774110e+00 1.40948129e+00 4.15238013e+00 1.00268490e+00
1.15688200e+04 4.31217580e+00 1.40104582e+00 4.15240455e+00 9.96684088e-01
1.15689200e+04 4.28742850e+00 1.39288000e+00 4.15242897e+00 9.90875097e-01
1.15690200e+04 4.26350680e+00 1.38498634e+00 4.15245339e+00 9.85259710e-01
1.15691200e+04 4.24041420e+00 1.37736597e+00 4.15247781e+00 9.79838746e-01
1.15692200e+04 4.21815090e+00 1.37001898e+00 4.15250223e+00 9.74612254e-01
1.15693200e+04 4.19671380e+00 1.36294433e+00 4.15252665e+00 9.69579506e-01
1.15694200e+04 4.17609690e+00 1.35614006e+00 4.15255107e+00 9.64739095e-01
1.15695200e+04 4.15629130e+00 1.34960322e+00 4.15257549e+00 9.60088934e-01
1.15696200e+04 4.13728560e+00 1.34333006e+00 4.15259991e+00 9.55626350e-01
1.15697200e+04 4.11906580e+00 1.33731596e+00 4.15262433e+00 9.51348060e-01
1.15698200e+04 4.10161620e+00 1.33155576e+00 4.15264875e+00 9.47250382e-01
1.15699200e+04 4.08491870e+00 1.32604347e+00 4.15267317e+00 9.43329072e-01
1.15700200e+04 4.06895390e+00 1.32077271e+00 4.15269759e+00 9.39579581e-01
1.15701200e+04 4.05370070e+00 1.31573653e+00 4.15272201e+00 9.35996960e-01
1.15702200e+04 4.03913680e+00 1.31092756e+00 4.15274643e+00 9.32575980e-01
1.15703200e+04 4.02523880e+00 1.30633810e+00 4.15277085e+00 9.29311155e-01
1.15704200e+04 4.01198250e+00 1.30196017e+00 4.15279527e+00 9.26196808e-01
1.15705200e+04 3.99934330e+00 1.29778566e+00 4.15281969e+00 9.23227172e-01
1.15706200e+04 3.98729590e+00 1.29380623e+00 4.15284411e+00 9.20396313e-01
1.15707200e+04 3.97581510e+00 1.29001358e+00 4.15286853e+00 9.17698323e-01
1.15708200e+04 3.96487580e+00 1.28639943e+00 4.15289295e+00 9.15127314e-01
1.15709200e+04 3.95445310e+00 1.28295556e+00 4.15291737e+00 9.12677449e-01
1.15710200e+04 3.94452280e+00 1.27967402e+00 4.15294179e+00 9.10343052e-01
1.15711200e+04 3.93506120e+00 1.27654697e+00 4.15296621e+00 9.08118565e-01
1.15712200e+04 3.92604570e+00 1.27356698e+00 4.15299063e+00 9.05998689e-01
1.15713200e+04 3.91745490e+00 1.27072698e+00 4.15301505e+00 9.03978405e-01
1.15714200e+04 3.90926860e+00 1.26802033e+00 4.15303947e+00 9.02052977e-01
1.15715200e+04 3.90146830e+00 1.26544091e+00 4.15306389e+00 9.00218067e-01
1.15716200e+04 3.89403670e+00 1.26298303e+00 4.15308831e+00 8.98469616e-01
1.15717200e+04 3.88695860e+00 1.26064169e+00 4.15311273e+00 8.96804062e-01
1.15718200e+04 3.88022050e+00 1.25841241e+00 4.15313715e+00 8.95218238e-01
1.15719200e+04 3.87381060e+00 1.25629133e+00 4.15316157e+00 8.93709378e-01
1.15720200e+04 3.86771930e+00 1.25427527e+00 4.15318599e+00 8.92275229e-01
1.15721200e+04 3.86193850e+00 1.25236156e+00 4.15321041e+00 8.90913893e-01
1.15722200e+04 3.85646240e+00 1.25054829e+00 4.15323483e+00 8.89624009e-01
1.15723200e+04 3.85128640e+00 1.24883395e+00 4.15325925e+00 8.88404499e-01
1.15724200e+04 3.84640810e+00 1.24721774e+00 4.15328367e+00 8.87254800e-01
1.15725200e+04 3.84182630e+00 1.24569927e+00 4.15330809e+00 8.86174630e-01
1.15726200e+04 3.83754140e+00 1.24427867e+00 4.15333251e+00 8.85164084e-01
1.15727200e+04 3.83355480e+00 1.24295641e+00 4.15335693e+00 8.84223490e-01
1.15728200e+04 3.82986920e+00 1.24173336e+00 4.15338135e+00 8.83353480e-01
1.15729200e+04 3.82648770e+00 1.24061056e+00 4.15340577e+00 8.82554782e-01
1.15730200e+04 3.82341450e+00 1.23958938e+00 4.15343019e+00 8.81828381e-01
1.15731200e+04 3.82065380e+00 1.23867122e+00 4.15345461e+00 8.81175262e-01
1.15732200e+04 3.81821000e+00 1.23785752e+00 4.15347903e+00 8.80596456e-01
1.15733200e+04 3.81608760e+00 1.23714976e+00 4.15350345e+00 8.80093018e-01
1.15734200e+04 3.81429050e+00 1.23654924e+00 4.15352787e+00 8.79665865e-01
1.15735200e+04 3.81282240e+00 1.23605717e+00 4.15355229e+00 8.79315862e-01
1.15736200e+04 3.81168620e+00 1.23567451e+00 4.15357671e+00 8.79043690e-01
1.15737200e+04 3.81088370e+00 1.23540185e+00 4.15360113e+00 8.78849771e-01
1.15738200e+04 3.81041590e+00 1.23523951e+00 4.15362555e+00 8.78734340e-01
1.15739200e+04 3.81028270e+00 1.23518748e+00 4.15364997e+00 8.78697373e-01
1.15740200e+04 3.81048240e+00 1.23524518e+00 4.15367439e+00 8.78738472e-01
1.15741200e+04 3.81101220e+00 1.23541170e+00 4.15369881e+00 8.78856980e-01
1.15742200e+04 3.81186780e+00 1.23568561e+00 4.15372323e+00 8.79051889e-01
1.15743200e+04 3.81304330e+00 1.23606498e+00 4.15374765e+00 8.79321814e-01
1.15744200e+04 3.81453120e+00 1.23654732e+00 4.15377207e+00 8.79664998e-01
1.15745200e+04 3.81632280e+00 1.23712978e+00 4.15379649e+00 8.80079401e-01
1.15746200e+04 3.81840770e+00 1.23780892e+00 4.15382091e+00 8.80562582e-01
1.15747200e+04 3.82077400e+00 1.23858081e+00 4.15384533e+00 8.81111753e-01
1.15748200e+04 3.82340860e+00 1.23944116e+00 4.15386975e+00 8.81723840e-01
1.15749200e+04 3.82629700e+00 1.24038516e+00 4.15389417e+00 8.82395444e-01
1.15750200e+04 3.82942360e+00 1.24140769e+00 4.15391859e+00 8.83122907e-01
1.15751200e+04 3.83277160e+00 1.24250319e+00 4.15394301e+00 8.83902288e-01
1.15752200e+04 3.83632340e+00 1.24366588e+00 4.15396743e+00 8.84729461e-01
1.15753200e+04 3.84006050e+00 1.24488965e+00 4.15399185e+00 8.85600087e-01
1.15754200e+04 3.84396390e+00 1.24616824e+00 4.15401627e+00 8.86509711e-01
1.15755200e+04 3.84801400e+00 1.24749519e+00 4.15404069e+00 8.87453736e-01
1.15756200e+04 3.85219080e+00 1.24886390e+00 4.15406511e+00 8.88427473e-01
1.15757200e+04 3.85647430e+00 1.25026778e+00 4.15408953e+00 8.89426232e-01
1.15758200e+04 3.86084430e+00 1.25170018e+00 4.15411395e+00 8.90445275e-01
1.15759200e+04 3.86528070e+00 1.25315447e+00 4.15413837e+00 8.91479888e-01
1.15760200e+04 3.86976380e+00 1.25462415e+00 4.15416279e+00 8.92525454e-01
1.15761200e+04 3.87427400e+00 1.25610277e+00 4.15418721e+00 8.93577374e-01
1.15762200e+04 3.87879260e+00 1.25758415e+00 4.15421163e+00 8.94631265e-01
1.15763200e+04 3.88330100e+00 1.25906217e+00 4.15423605e+00 8.95682763e-01
1.15764200e+04 3.88778160e+00 1.26053103e+00 4.15426047e+00 8.96727743e-01
1.15765200e+04 3.89221730e+00 1.26198508e+00 4.15428489e+00 8.97762193e-01
1.15766200e+04 3.89659200e+00 1.26341903e+00 4.15430931e+00 8.98782339e-01
1.15767200e+04 3.90089030e+00 1.26482779e+00 4.15433373e+00 8.99784569e-01
1.15768200e+04 3.90509750e+00 1.26620653e+00 4.15435815e+00 9.00765436e-01
1.15769200e+04 3.90920010e+00 1.26755078e+00 4.15438257e+00 9.01721775e-01
1.15770200e+04 3.91318510e+00 1.26885627e+00 4.15440699e+00 9.02650536e-01
1.15771200e+04 3.91704060e+00 1.27011907e+00 4.15443141e+00 9.03548929e-01
1.15772200e+04 3.92075520e+00 1.27133542e+00 4.15445583e+00 9.04414281e-01
1.15773200e+04 3.92431860e+00 1.27250193e+00 4.15448025e+00 9.05244176e-01
1.15774200e+04 3.92772110e+00 1.27361540e+00 4.15450467e+00 9.06036340e-01
1.15775200e+04 3.93095370e+00 1.27467287e+00 4.15452909e+00 9.06788662e-01
1.15776200e+04 3.93400810e+00 1.27567160e+00 4.15455351e+00 9.07499196e-01
1.15777200e+04 3.93687660e+00 1.27660904e+00 4.15457793e+00 9.08166136e-01
1.15778200e+04 3.93955220e+00 1.27748290e+00 4.15460235e+00 9.08787840e-01
1.15779200e+04 3.94202830e+00 1.27829099e+00 4.15462677e+00 9.09362762e-01
1.15780200e+04 3.94429920e+00 1.27903144e+00 4.15465119e+00 9.09889563e-01
1.15781200e+04 3.94635950e+00 1.27970247e+00 4.15467561e+00 9.10366979e-01
1.15782200e+04 3.94820430e+00 1.28030247e+00 4.15470003e+00 9.10793859e-01
1.15783200e+04 3.94982930e+00 1.28083000e+00 4.15472445e+00 9.11169196e-01
1.15784200e+04 3.95123090e+00 1.28128390e+00 4.15474887e+00 9.11492145e-01
1.15785200e+04 3.95240580e+00 1.28166307e+00 4.15477329e+00 9.11761933e-01
1.15786200e+04 3.95335150e+00 1.28196668e+00 4.15479771e+00 9.11977972e-01
1.15787200e+04 3.95406610e+00 1.28219412e+00 4.15482213e+00 9.12139819e-01
1.15788200e+04 3.95454810e+00 1.28234488e+00 4.15484655e+00 9.12247119e-01
1.15789200e+04 3.95479700e+00 1.28241880e+00 4.15487097e+00 9.12299758e-01
1.15790200e+04 3.95481270e+00 1.28241584e+00 4.15489539e+00 9.12297710e-01
1.15791200e+04 3.95459610e+00 1.28233632e+00 4.15491981e+00 9.12241188e-01
1.15792200e+04 3.95414860e+00 1.28218068e+00 4.15494423e+00 9.12130519e-01
1.15793200e+04 3.95347260e+00 1.28194971e+00 4.15496865e+00 9.11966266e-01
1.15794200e+04 3.95257130e+00 1.28164448e+00 4.15499307e+00 9.11749180e-01
1.15795200e+04 3.95144870e+00 1.28126630e+00 4.15501749e+00 9.11480198e-01
1.15796200e+04 3.95010970e+00 1.28081679e+00 4.15504191e+00 9.11160470e-01
1.15797200e+04 3.94856000e+00 1.28029782e+00 4.15506633e+00 9.10791332e-01
1.15798200e+04 3.94680630e+00 1.27971160e+00 4.15509075e+00 9.10374356e-01
1.15799200e+04 3.94485620e+00 1.27906065e+00 4.15511517e+00 9.09911323e-01
1.15800200e+04 3.94271790e+00 1.27834765e+00 4.15513959e+00 9.09404157e-01
1.15801200e+04 3.94040070e+00 1.27757568e+00 4.15516401e+00 9.08855039e-01
1.15802200e+04 3.93791470e+00 1.27674807e+00 4.15518843e+00 9.08266336e-01
1.15803200e+04 3.93527050e+00 1.27586831e+00 4.15521285e+00 9.07640535e-01
1.15804200e+04 3.93247980e+00 1.27494026e+00 4.15523727e+00 9.06980379e-01
1.15805200e+04 3.92955470e+00 1.27396791e+00 4.15526169e+00 9.06288706e-01
1.15806200e+04 3.92650790e+00 1.27295543e+00 4.15528611e+00 9.05568494e-01
1.15807200e+04 3.92335280e+00 1.27190726e+00 4.15531053e+00 9.04822886e-01
1.15808200e+04 3.92010320e+00 1.27082794e+00 4.15533495e+00 9.04055116e-01
1.15809200e+04 3.91677320e+00 1.26972211e+00 4.15535937e+00 9.03268493e-01
1.15810200e+04 3.91337720e+00 1.26859453e+00 4.15538379e+00 9.02466392e-01
1.15811200e+04 3.90993000e+00 1.26745007e+00 4.15540821e+00 9.01652285e-01
1.15812200e+04 3.90644640e+00 1.26629361e+00 4.15543263e+00 9.00829642e-01
1.15813200e+04 3.90294120e+00 1.26513003e+00 4.15545705e+00 9.00001933e-01
1.15814200e+04 3.89942920e+00 1.26396421e+00 4.15548147e+00 8.99172630e-01
1.15815200e+04 3.89592510e+00 1.26280099e+00 4.15550589e+00 8.98345179e-01
1.15816200e+04 3.89244350e+00 1.26164519e+00 4.15553031e+00 8.97523004e-01
1.15817200e+04 3.88899850e+00 1.26050145e+00 4.15555473e+00 8.96709412e-01
1.15818200e+04 3.88560410e+00 1.25937440e+00 4.15557915e+00 8.95907686e-01
1.15819200e+04 3.88227360e+00 1.25826841e+00 4.15560357e+00 8.95120945e-01
1.15820200e+04 3.87902030e+00 1.25718786e+00 4.15562799e+00 8.94352307e-01
1.15821200e+04 3.87585650e+00 1.25613682e+00 4.15565241e+00 8.93604657e-01
1.15822200e+04 3.87279410e+00 1.25511921e+00 4.15567683e+00 8.92880785e-01
1.15823200e+04 3.86984470e+00 1.25413884e+00 4.15570125e+00 8.92183412e-01
1.15824200e+04 3.86701880e+00 1.25319918e+00 4.15572567e+00 8.91515000e-01
1.15825200e+04 3.86432660e+00 1.25230360e+00 4.15575009e+00 8.90877941e-01
1.15826200e+04 3.86177740e+00 1.25145516e+00 4.15577451e+00 8.90274416e-01
1.15827200e+04 3.85937990e+00 1.25065672e+00 4.15579893e+00 8.89706465e-01
1.15828200e+04 3.85714220e+00 1.24991096e+00 4.15582335e+00 8.89175988e-01
1.15829200e+04 3.85507160e+00 1.24922028e+00 4.15584777e+00 8.88684695e-01
1.15830200e+04 3.85317480e+00 1.24858689e+00 4.15587219e+00 8.88234160e-01
1.15831200e+04 3.85145750e+00 1.24801268e+00 4.15589661e+00 8.87825717e-01
1.15832200e+04 3.84992520e+00 1.24749944e+00 4.15592103e+00 8.87460658e-01
1.15833200e+04 3.84858230e+00 1.24704864e+00 4.15594545e+00 8.87140013e-01
1.15834200e+04 3.84743290e+00 1.24666163e+00 4.15596987e+00 8.86864745e-01
1.15835200e+04 3.84648020e+00 1.24633945e+00 4.15599429e+00 8.86635603e-01
1.15836200e+04 3.84572690e+00 1.24608301e+00 4.15601871e+00 8.86453221e-01
1.15837200e+04 3.84517510e+00 1.24589299e+00 4.15604313e+00 8.86318092e-01
1.15838200e+04 3.84482640e+00 1.24576992e+00 4.15606755e+00 8.86230590e-01
1.15839200e+04 3.84468170e+00 1.24571409e+00 4.15609197e+00 8.86190927e-01
1.15840200e+04 3.84474180e+00 1.24572578e+00 4.15611639e+00 8.86199290e-01
1.15841200e+04 3.84500650e+00 1.24580490e+00 4.15614081e+00 8.86255632e-01
1.15842200e+04 3.84547550e+00 1.24595138e+00 4.15616523e+00 8.86359883e-01
1.15843200e+04 3.84614800e+00 1.24616493e+00 4.15618965e+00 8.86511856e-01
1.15844200e+04 3.84702300e+00 1.24644524e+00 4.15621407e+00 8.86711315e-01
1.15845200e+04 3.84809890e+00 1.24679178e+00 4.15623849e+00 8.86957886e-01
1.15846200e+04 3.84937400e+00 1.24720397e+00 4.15626291e+00 8.87251170e-01
1.15847200e+04 3.85084630e+00 1.24768117e+00 4.15628733e+00 8.87590699e-01
1.15848200e+04 3.85251350e+00 1.24822262e+00 4.15631175e+00 8.87975932e-01
1.15849200e+04 3.85437310e+00 1.24882749e+00 4.15633617e+00 8.88406283e-01
1.15850200e+04 3.85642260e+00 1.24949496e+00 4.15636059e+00 8.88881167e-01
1.15851200e+04 3.85865930e+00 1.25022414e+00 4.15638501e+00 8.89399949e-01
1.15852200e+04 3.86108020e+00 1.25101404e+00 4.15640943e+00 8.89961928e-01
1.15853200e+04 3.86368250e+00 1.25186374e+00 4.15643385e+00 8.90566445e-01
1.15854200e+04 3.86646320e+00 1.25277224e+00 4.15645827e+00 8.91212797e-01
1.15855200e+04 3.86941950e+00 1.25373862e+00 4.15648269e+00 8.91900329e-01
1.15856200e+04 3.87254820e+00 1.25476184e+00 4.15650711e+00 8.92628289e-01
1.15857200e+04 3.87584650e+00 1.25584097e+00 4.15653153e+00 8.93396020e-01
1.15858200e+04 3.87931160e+00 1.25697507e+00 4.15655595e+00 8.94202867e-01
1.15859200e+04 3.88294050e+00 1.25816318e+00 4.15658037e+00 8.95048126e-01
1.15860200e+04 3.88673070e+00 1.25940445e+00 4.15660479e+00 8.95931210e-01
1.15861200e+04 3.89067950e+00 1.26069800e+00 4.15662921e+00 8.96851486e-01
1.15862200e+04 3.89478440e+00 1.26204302e+00 4.15665363e+00 8.97808369e-01
1.15863200e+04 3.89904310e+00 1.26343873e+00 4.15667805e+00 8.98801318e-01
1.15864200e+04 3.90345330e+00 1.26488438e+00 4.15670247e+00 8.99829795e-01
1.15865200e+04 3.90801310e+00 1.26637934e+00 4.15672689e+00 9.00893353e-01
1.15866200e+04 3.91272050e+00 1.26792296e+00 4.15675131e+00 9.01991525e-01
1.15867200e+04 3.91757370e+00 1.26951464e+00 4.15677573e+00 9.03123886e-01
1.15868200e+04 3.92257110e+00 1.27115386e+00 4.15680015e+00 9.04290064e-01
1.15869200e+04 3.92771140e+00 1.27284018e+00 4.15682457e+00 9.05489752e-01
1.15870200e+04 3.93299320e+00 1.27457314e+00 4.15684899e+00 9.06722623e-01
1.15871200e+04 3.93841520e+00 1.27635232e+00 4.15687341e+00 9.07988371e-01
1.15872200e+04 3.94397650e+00 1.27817742e+00 4.15689783e+00 9.09286785e-01
1.15873200e+04 3.94967610e+00 1.28004811e+00 4.15692225e+00 9.10617632e-01
1.15874200e+04 3.95551290e+00 1.28196402e+00 4.15694667e+00 9.11980652e-01
1.15875200e+04 3.96148610e+00 1.28392490e+00 4.15697109e+00 9.13375659e-01
1.15876200e+04 3.96759490e+00 1.28593047e+00 4.15699551e+00 9.14802465e-01
1.15877200e+04 3.97383820e+00 1.28798039e+00 4.15701993e+00 9.16260812e-01
1.15878200e+04 3.98021520e+00 1.29007437e+00 4.15704435e+00 9.17750512e-01
1.15879200e+04 3.98672460e+00 1.29221200e+00 4.15706877e+00 9.19271260e-01
1.15880200e+04 3.99336510e+00 1.29439285e+00 4.15709319e+00 9.20822752e-01
1.15881200e+04 4.00013530e+00 1.29661645e+00 4.15711761e+00 9.22404659e-01
1.15882200e+04 4.00703330e+00 1.29888218e+00 4.15714203e+00 9.24016536e-01
1.15883200e+04 4.01405720e+00 1.30118941e+00 4.15716645e+00 9.25657938e-01
1.15884200e+04 4.02120440e+00 1.30353728e+00 4.15719087e+00 9.27328253e-01
1.15885200e+04 4.02847200e+00 1.30592484e+00 4.15721529e+00 9.29026803e-01
1.15886200e+04 4.03585690e+00 1.30835107e+00 4.15723971e+00 9.30752861e-01
1.15887200e+04 4.04335500e+00 1.31081462e+00 4.15726413e+00 9.32505465e-01
1.15888200e+04 4.05096220e+00 1.31331412e+00 4.15728855e+00 9.34283653e-01
1.15889200e+04 4.05867330e+00 1.31584788e+00 4.15731297e+00 9.36086206e-01
1.15890200e+04 4.06648290e+00 1.31841411e+00 4.15733739e+00 9.37911858e-01
1.15891200e+04 4.07438470e+00 1.32101073e+00 4.15736181e+00 9.39759132e-01
1.15892200e+04 4.08237190e+00 1.32363550e+00 4.15738623e+00 9.41626432e-01
1.15893200e+04 4.09043680e+00 1.32628589e+00 4.15741065e+00 9.43511954e-01
1.15894200e+04 4.09857110e+00 1.32895915e+00 4.15743507e+00 9.45413750e-01
1.15895200e+04 4.10676600e+00 1.33165239e+00 4.15745949e+00 9.47329757e-01
1.15896200e+04 4.11501160e+00 1.33436234e+00 4.15748391e+00 9.49257654e-01
1.15897200e+04 4.12329760e+00 1.33708560e+00 4.15750833e+00 9.51195026e-01
1.15898200e+04 4.13161300e+00 1.33981856e+00 4.15753275e+00 9.53139291e-01
1.15899200e+04 4.13994600e+00 1.34255732e+00 4.15755717e+00 9.55087685e-01
1.15900200e+04 4.14828430e+00 1.34529783e+00 4.15758159e+00 9.57037321e-01
1.15901200e+04 4.15661510e+00 1.34803587e+00 4.15760601e+00 9.58985199e-01
1.15902200e+04 4.16492480e+00 1.35076695e+00 4.15763043e+00 9.60928129e-01
1.15903200e+04 4.17319970e+00 1.35348656e+00 4.15765485e+00 9.62862899e-01
1.15904200e+04 4.18142550e+00 1.35618998e+00 4.15767927e+00 9.64786154e-01
1.15905200e+04 4.18958750e+00 1.35887237e+00 4.15770369e+00 9.66694449e-01
1.15906200e+04 4.19767090e+00 1.36152886e+00 4.15772811e+00 9.68584311e-01
1.15907200e+04 4.20566060e+00 1.36415445e+00 4.15775253e+00 9.70452201e-01
1.15908200e+04 4.21354160e+00 1.36674421e+00 4.15777695e+00 9.72294601e-01
1.15909200e+04 4.22129870e+00 1.36929314e+00 4.15780138e+00 9.74107945e-01
1.15910200e+04 4.22891690e+00 1.37179627e+00 4.15782580e+00 9.75888718e-01
1.15911200e+04 4.23638160e+00 1.37424880e+00 4.15785022e+00 9.77633494e-01
1.15912200e+04 4.24367810e+00 1.37664589e+00 4.15787464e+00 9.79338827e-01
1.15913200e+04 4.25079250e+00 1.37898296e+00 4.15789906e+00 9.81001456e-01
1.15914200e+04 4.25771100e+00 1.38125544e+00 4.15792348e+00 9.82618147e-01
1.15915200e+04 4.26442090e+00 1.38345916e+00 4.15794790e+00 9.84185920e-01
1.15916200e+04 4.27090970e+00 1.38559000e+00 4.15797232e+00 9.85701845e-01
1.15917200e+04 4.27716590e+00 1.38764417e+00 4.15799674e+00 9.87163224e-01
1.15918200e+04 4.28317880e+00 1.38961813e+00 4.15802116e+00 9.88567549e-01
1.15919200e+04 4.28893860e+00 1.39150866e+00 4.15804558e+00 9.89912520e-01
1.15920200e+04 4.29443670e+00 1.39331293e+00 4.15807000e+00 9.91196122e-01
1.15921200e+04 4.29966510e+00 1.39502829e+00 4.15809442e+00 9.92416479e-01
1.15922200e+04 4.30461720e+00 1.39665257e+00 4.15811884e+00 9.93572042e-01
1.15923200e+04 4.30928750e+00 1.39818396e+00 4.15814326e+00 9.94661522e-01
1.15924200e+04 4.31367140e+00 1.39962094e+00 4.15816768e+00 9.95683840e-01
1.15925200e+04 4.31776580e+00 1.40096249e+00 4.15819210e+00 9.96638269e-01
1.15926200e+04 4.32156840e+00 1.40220786e+00 4.15821652e+00 9.97524270e-01
1.15927200e+04 4.32507820e+00 1.40335670e+00 4.15824094e+00 9.98341609e-01
1.15928200e+04 4.32829540e+00 1.40440909e+00 4.15826536e+00 9.99090331e-01
1.15929200e+04 4.33122100e+00 1.40536536e+00 4.15828978e+00 9.99770672e-01
1.15930200e+04 4.33385740e+00 1.40622629e+00 4.15831420e+00 1.00038320e+00
1.15931200e+04 4.33620780e+00 1.40699295e+00 4.15833862e+00 1.00092865e+00
1.15932200e+04 4.33827630e+00 1.40766668e+00 4.15836304e+00 1.00140800e+00
1.15933200e+04 4.34006790e+00 1.40824914e+00 4.15838746e+00 1.00182241e+00
1.15934200e+04 4.34158870e+00 1.40874233e+00 4.15841188e+00 1.00217332e+00
1.15935200e+04 4.34284520e+00 1.40914839e+00 4.15843630e+00 1.00246225e+00
1.15936200e+04 4.34384470e+00 1.40946974e+00 4.15846072e+00 1.00269091e+00
1.15937200e+04 4.34459510e+00 1.40970898e+00 4.15848514e+00 1.00286116e+00
1.15938200e+04 4.34510490e+00 1.40986890e+00 4.15850956e+00 1.00297499e+00
1.15939200e+04 4.34538290e+00 1.40995241e+00 4.15853398e+00 1.00303446e+00
1.15940200e+04 4.34543790e+00 1.40996242e+00 4.15855840e+00 1.00304163e+00
1.15941200e+04 4.34525390e+00 1.40989364e+00 4.15858282e+00 1.00299276e+00
1.15942200e+04 4.34477920e+00 1.40972903e+00 4.15860724e+00 1.00287571e+00
1.15943200e+04 4.34409470e+00 1.40949526e+00 4.15863166e+00 1.00270947e+00
1.15944200e+04 4.34324320e+00 1.40920645e+00 4.15865608e+00 1.00250407e+00
1.15949200e+04 4.33728690e+00 1.40720238e+00 4.15877818e+00 1.00107867e+00
1.15954200e+04 4.32822110e+00 1.40417330e+00 4.15890028e+00 9.98924075e-01
1.15959200e+04 4.31715860e+00 1.40048603e+00 4.15902238e+00 9.96301246e-01
1.15964200e+04 4.30504900e+00 1.39645359e+00 4.15914448e+00 9.93432866e-01
1.15969200e+04 4.29266510e+00 1.39233073e+00 4.15926658e+00 9.90500159e-01
1.15974200e+04 4.28060720e+00 1.38831534e+00 4.15938868e+00 9.87643899e-01
1.15979200e+04 4.26930870e+00 1.38455027e+00 4.15951078e+00 9.84965721e-01
1.15984200e+04 4.25903580e+00 1.38112328e+00 4.15963288e+00 9.82528049e-01
1.15989200e+04 4.24988790e+00 1.37806714e+00 4.15975498e+00 9.80354195e-01
1.15994200e+04 4.24180840e+00 1.37536318e+00 4.15987708e+00 9.78430884e-01
1.15999200e+04 4.23461020e+00 1.37294974e+00 4.15999918e+00 9.76714241e-01
1.16004200e+04 4.22801890e+00 1.37073635e+00 4.16012128e+00 9.75139919e-01
1.16009200e+04 4.22172560e+00 1.36862119e+00 4.16024338e+00 9.73635478e-01
1.16014200e+04 4.21544330e+00 1.36650967e+00 4.16036548e+00 9.72133616e-01
1.16019200e+04 4.20895840e+00 1.36433135e+00 4.16048758e+00 9.70584243e-01
1.16024200e+04 4.20217240e+00 1.36205378e+00 4.16060968e+00 9.68964258e-01
1.16029200e+04 4.19512790e+00 1.35969100e+00 4.16073178e+00 9.67283654e-01
1.16034200e+04 4.18801450e+00 1.35730551e+00 4.16085388e+00 9.65586891e-01
1.16039200e+04 4.18115200e+00 1.35500273e+00 4.16097598e+00 9.63948964e-01
1.16044200e+04 4.17495170e+00 1.35291823e+00 4.16109808e+00 9.62466326e-01
1.16049200e+04 4.16986500e+00 1.35120082e+00 4.16122018e+00 9.61244833e-01
1.16054200e+04 4.16632910e+00 1.34999461e+00 4.16134228e+00 9.60387011e-01
1.16059200e+04 4.16472330e+00 1.34942464e+00 4.16146438e+00 9.59981809e-01
1.16064200e+04 4.16534340e+00 1.34958842e+00 4.16158648e+00 9.60098593e-01
1.16069200e+04 4.16839570e+00 1.35055394e+00 4.16170858e+00 9.60785743e-01
1.16074200e+04 4.17400520e+00 1.35236243e+00 4.16183068e+00 9.62072572e-01
1.16079200e+04 4.18223040e+00 1.35503314e+00 4.16195278e+00 9.63972800e-01
1.16084200e+04 4.19307470e+00 1.35856722e+00 4.16207488e+00 9.66487225e-01
1.16089200e+04 4.20649240e+00 1.36294960e+00 4.16219698e+00 9.69605130e-01
1.16094200e+04 4.22238750e+00 1.36814862e+00 4.16231908e+00 9.73304002e-01
1.16099200e+04 4.24061170e+00 1.37411540e+00 4.16244118e+00 9.77549066e-01
1.16104200e+04 4.26096400e+00 1.38078370e+00 4.16256328e+00 9.82293186e-01
1.16109200e+04 4.28319480e+00 1.38807122e+00 4.16268538e+00 9.87477829e-01
1.16114200e+04 4.30701260e+00 1.39588188e+00 4.16280748e+00 9.93034637e-01
1.16119200e+04 4.33208870e+00 1.40410732e+00 4.16292958e+00 9.98886528e-01
1.16124200e+04 4.35805720e+00 1.41262694e+00 4.16305168e+00 1.00494770e+00
1.16129200e+04 4.38451120e+00 1.42130659e+00 4.16317378e+00 1.01112272e+00
1.16134200e+04 4.41099950e+00 1.42999755e+00 4.16329588e+00 1.01730579e+00
1.16139200e+04 4.43702970e+00 1.43853751e+00 4.16341798e+00 1.02338144e+00
1.16144200e+04 4.46208180e+00 1.44675504e+00 4.16354008e+00 1.02922772e+00
1.16149200e+04 4.48563230e+00 1.45447759e+00 4.16366218e+00 1.03472187e+00
1.16154200e+04 4.50718510e+00 1.46154161e+00 4.16378428e+00 1.03974754e+00
1.16159200e+04 4.52630310e+00 1.46780303e+00 4.16390638e+00 1.04420224e+00
1.16164200e+04 4.54263560e+00 1.47314624e+00 4.16402848e+00 1.04800372e+00
1.16169200e+04 4.55593870e+00 1.47749083e+00 4.16415058e+00 1.05109479e+00
1.16174200e+04 4.56608500e+00 1.48079482e+00 4.16427268e+00 1.05344557e+00
1.16179200e+04 4.57306480e+00 1.48305501e+00 4.16439478e+00 1.05505378e+00
1.16184200e+04 4.57697720e+00 1.48430406e+00 4.16451688e+00 1.05594266e+00
1.16189200e+04 4.57801280e+00 1.48460480e+00 4.16463898e+00 1.05615691e+00
1.16194200e+04 4.57642990e+00 1.48404238e+00 4.16476108e+00 1.05575710e+00
1.16199200e+04 4.57252830e+00 1.48271562e+00 4.16488318e+00 1.05481354e+00
1.16204200e+04 4.56662290e+00 1.48072834e+00 4.16500528e+00 1.05340007e+00
1.16209200e+04 4.55902300e+00 1.47818248e+00 4.16512738e+00 1.05158923e+00
1.16214200e+04 4.55001610e+00 1.47517281e+00 4.16524948e+00 1.04944843e+00
1.16219200e+04 4.53986090e+00 1.47178462e+00 4.16537158e+00 1.04703835e+00
1.16224200e+04 4.52878420e+00 1.46809267e+00 4.16549368e+00 1.04441216e+00
1.16229200e+04 4.51698360e+00 1.46416209e+00 4.16561578e+00 1.04161621e+00
1.16234200e+04 4.50463130e+00 1.46004965e+00 4.16573788e+00 1.03869089e+00
1.16239200e+04 4.49187990e+00 1.45580565e+00 4.16585998e+00 1.03567197e+00
1.16244200e+04 4.47884410e+00 1.45146790e+00 4.16598208e+00 1.03258635e+00
1.16254200e+04 4.45256730e+00 1.44272475e+00 4.16622628e+00 1.02636699e+00
1.16264200e+04 4.42661720e+00 1.43408930e+00 4.16647048e+00 1.02022424e+00
1.16274200e+04 4.40169320e+00 1.42579210e+00 4.16671468e+00 1.01432211e+00
1.16284200e+04 4.37825480e+00 1.41798460e+00 4.16695888e+00 1.00876836e+00
1.16294200e+04 4.35649470e+00 1.41073035e+00 4.16720308e+00 1.00360818e+00
1.16304200e+04 4.33637980e+00 1.40401841e+00 4.16744728e+00 9.98833805e-01
1.16314200e+04 4.31775310e+00 1.39779704e+00 4.16769148e+00 9.94408425e-01
1.16324200e+04 4.30044130e+00 1.39200912e+00 4.16793568e+00 9.90291396e-01
1.16334200e+04 4.28429870e+00 1.38660661e+00 4.16817988e+00 9.86448552e-01
1.16344200e+04 4.26917590e+00 1.38154027e+00 4.16842408e+00 9.82844856e-01
1.16354200e+04 4.25486720e+00 1.37674229e+00 4.16866828e+00 9.79432070e-01
1.16364200e+04 4.24110240e+00 1.37212360e+00 4.16891249e+00 9.76146831e-01
1.16374200e+04 4.22760820e+00 1.36759411e+00 4.16915669e+00 9.72925046e-01
1.16384200e+04 4.21421820e+00 1.36309897e+00 4.16940089e+00 9.69727694e-01
1.16394200e+04 4.20097290e+00 1.35865152e+00 4.16964509e+00 9.66564271e-01
1.16404200e+04 4.18815850e+00 1.35434612e+00 4.16988929e+00 9.63501896e-01
1.16414200e+04 4.17626360e+00 1.35034382e+00 4.17013349e+00 9.60655150e-01
1.16424200e+04 4.16588170e+00 1.34684027e+00 4.17037769e+00 9.58163215e-01
1.16434200e+04 4.15760660e+00 1.34403120e+00 4.17062189e+00 9.56165345e-01
1.16444200e+04 4.15195360e+00 1.34208648e+00 4.17086609e+00 9.54782384e-01
1.16454200e+04 4.14931210e+00 1.34113447e+00 4.17111029e+00 9.54105653e-01
1.16464200e+04 4.14992190e+00 1.34125422e+00 4.17135449e+00 9.54191387e-01
1.16474200e+04 4.15386400e+00 1.34247243e+00 4.17159869e+00 9.55058584e-01
1.16484200e+04 4.16106240e+00 1.34476404e+00 4.17184289e+00 9.56689423e-01
1.16494200e+04 4.17129350e+00 1.34805535e+00 4.17208709e+00 9.59031467e-01
1.16504200e+04 4.18420180e+00 1.35222917e+00 4.17233129e+00 9.62001348e-01
1.16514200e+04 4.19932270e+00 1.35713235e+00 4.17257549e+00 9.65490115e-01
1.16524200e+04 4.21611370e+00 1.36258607e+00 4.17281969e+00 9.69370544e-01
1.16534200e+04 4.23398890e+00 1.36839718e+00 4.17306389e+00 9.73505236e-01
1.16544200e+04 4.25234740e+00 1.37436760e+00 4.17330809e+00 9.77753273e-01
1.16554200e+04 4.27059280e+00 1.38030074e+00 4.17355229e+00 9.81974791e-01
1.16564200e+04 4.28814290e+00 1.38600469e+00 4.17379649e+00 9.86033257e-01
1.16574200e+04 4.30444130e+00 1.39129602e+00 4.17404069e+00 9.89798188e-01
1.16584200e+04 4.31897660e+00 1.39600616e+00 4.17428489e+00 9.93149654e-01
1.16594200e+04 4.33131420e+00 1.39999186e+00 4.17452909e+00 9.95985734e-01
1.16604200e+04 4.34113810e+00 1.40314894e+00 4.17477329e+00 9.98232321e-01
1.16614200e+04 4.34829290e+00 1.40542618e+00 4.17501749e+00 9.99852971e-01
1.16624200e+04 4.35281220e+00 1.40683466e+00 4.17526169e+00 1.00085556e+00
1.16634200e+04 4.35492020e+00 1.40744827e+00 4.17550589e+00 1.00129267e+00
1.16644200e+04 4.35499780e+00 1.40739258e+00 4.17575009e+00 1.00125363e+00
1.16654200e+04 4.35351960e+00 1.40682404e+00 4.17599429e+00 1.00084972e+00
1.16664200e+04 4.35097870e+00 1.40590520e+00 4.17623849e+00 1.00019660e+00
1.16674200e+04 4.34782000e+00 1.40478270e+00 4.17648269e+00 9.99398598e-01
1.16684200e+04 4.34439750e+00 1.40357324e+00 4.17672689e+00 9.98538727e-01
1.16694200e+04 4.34095980e+00 1.40235877e+00 4.17697109e+00 9.97675291e-01
1.16704200e+04 4.33765660e+00 1.40118864e+00 4.17721529e+00 9.96843396e-01
1.16714200e+04 4.33455810e+00 1.40008598e+00 4.17745949e+00 9.96059505e-01
1.16724200e+04 4.33167720e+00 1.39905506e+00 4.17770369e+00 9.95326644e-01
1.16734200e+04 4.32899210e+00 1.39808867e+00 4.17794789e+00 9.94639699e-01
1.16744200e+04 4.32646680e+00 1.39717497e+00 4.17819209e+00 9.93990230e-01
1.16754200e+04 4.32407090e+00 1.39630392e+00 4.17843629e+00 9.93371106e-01
1.16764200e+04 4.32179640e+00 1.39547289e+00 4.17868049e+00 9.92780452e-01
1.16774200e+04 4.31966880e+00 1.39469028e+00 4.17892469e+00 9.92224247e-01
1.16784200e+04 4.31774920e+00 1.39397624e+00 4.17916889e+00 9.91716821e-01
1.16794200e+04 4.31612320e+00 1.39335898e+00 4.17941309e+00 9.91278248e-01
1.16804200e+04 4.31487980e+00 1.39286783e+00 4.17965730e+00 9.90929400e-01
1.16814200e+04 4.31408450e+00 1.39252441e+00 4.17990150e+00 9.90685639e-01
1.16824200e+04 4.31375340e+00 1.39233400e+00 4.18014570e+00 9.90550739e-01
1.16834200e+04 4.31383420e+00 1.39227936e+00 4.18038990e+00 9.90512437e-01
1.16844200e+04 4.31419840e+00 1.39231815e+00 4.18063410e+00 9.90540597e-01
1.16854200e+04 4.31464310e+00 1.39238348e+00 4.18087830e+00 9.90587635e-01
1.16864200e+04 4.31490380e+00 1.39238815e+00 4.18112250e+00 9.90591523e-01
1.16874200e+04 4.31467390e+00 1.39223110e+00 4.18136670e+00 9.90480356e-01
1.16884200e+04 4.31363100e+00 1.39180605e+00 4.18161090e+00 9.90178527e-01
1.16894200e+04 4.31146440e+00 1.39101059e+00 4.18185510e+00 9.89613171e-01
1.16904200e+04 4.30790360e+00 1.38975554e+00 4.18209930e+00 9.88720850e-01
1.16914200e+04 4.30274260e+00 1.38797300e+00 4.18234350e+00 9.87453254e-01
1.16924200e+04 4.29585690e+00 1.38562193e+00 4.18258770e+00 9.85781183e-01
1.16934200e+04 4.28721190e+00 1.38269093e+00 4.18283190e+00 9.83696524e-01
1.16944200e+04 4.27686210e+00 1.37919796e+00 4.18307610e+00 9.81212057e-01
1.16954200e+04 4.26494380e+00 1.37518795e+00 4.18332030e+00 9.78359745e-01
1.16964200e+04 4.25166430e+00 1.37072923e+00 4.18356450e+00 9.75188204e-01
1.16974200e+04 4.23728920e+00 1.36590936e+00 4.18380870e+00 9.71759722e-01
1.16984200e+04 4.22213000e+00 1.36083102e+00 4.18405290e+00 9.68147350e-01
1.16994200e+04 4.20653110e+00 1.35560774e+00 4.18429710e+00 9.64431856e-01
1.17004200e+04 4.19085690e+00 1.35035964e+00 4.18454130e+00 9.60698698e-01
1.17014200e+04 4.17547850e+00 1.34520904e+00 4.18478550e+00 9.57034907e-01
1.17024200e+04 4.16076080e+00 1.34027623e+00 4.18502970e+00 9.53526058e-01
1.17034200e+04 4.14705040e+00 1.33567548e+00 4.18527390e+00 9.50253436e-01
1.17044200e+04 4.13466380e+00 1.33151109e+00 4.18551810e+00 9.47291267e-01
1.17054200e+04 4.12387630e+00 1.32787384e+00 4.18576230e+00 9.44704114e-01
1.17064200e+04 4.11491120e+00 1.32483732e+00 4.18600650e+00 9.42544347e-01
1.17074200e+04 4.10793080e+00 1.32245504e+00 4.18625070e+00 9.40850027e-01
1.17084200e+04 4.10303000e+00 1.32075827e+00 4.18649490e+00 9.39643413e-01
1.17094200e+04 4.10023270e+00 1.31975491e+00 4.18673910e+00 9.38930110e-01
1.17104200e+04 4.09949390e+00 1.31943010e+00 4.18698330e+00 9.38699565e-01
1.17114200e+04 4.10070540e+00 1.31974819e+00 4.18722750e+00 9.38926405e-01
1.17124200e+04 4.10370490e+00 1.32065568e+00 4.18747170e+00 9.39572567e-01
1.17134200e+04 4.10828840e+00 1.32208532e+00 4.18771590e+00 9.40590210e-01
1.17144200e+04 4.11422190e+00 1.32395997e+00 4.18796010e+00 9.41924456e-01
1.17154200e+04 4.12125320e+00 1.32619650e+00 4.18820430e+00 9.43516161e-01
1.17164200e+04 4.12912120e+00 1.32870884e+00 4.18844850e+00 9.45304091e-01
1.17174200e+04 4.13756570e+00 1.33141121e+00 4.18869270e+00 9.47227224e-01
1.17184200e+04 4.14633640e+00 1.33422112e+00 4.18893690e+00 9.49226860e-01
1.17194200e+04 4.15520480e+00 1.33706323e+00 4.18918110e+00 9.51249412e-01
1.17204200e+04 4.16397540e+00 1.33987310e+00 4.18942530e+00 9.53249029e-01
1.17214200e+04 4.17249720e+00 1.34260096e+00 4.18966950e+00 9.55190300e-01
1.17224200e+04 4.18066920e+00 1.34521350e+00 4.18991370e+00 9.57049537e-01
1.17234200e+04 4.18844020e+00 1.34769387e+00 4.19015790e+00 9.58814733e-01
1.17244200e+04 4.19580010e+00 1.35003872e+00 4.19040210e+00 9.60483520e-01
1.17254200e+04 4.20276610e+00 1.35225372e+00 4.19064631e+00 9.62059930e-01
1.17264200e+04 4.20936550e+00 1.35434788e+00 4.19089051e+00 9.63550366e-01
1.17274200e+04 4.21562000e+00 1.35632834e+00 4.19113471e+00 9.64959917e-01
1.17284200e+04 4.22153270e+00 1.35819614e+00 4.19137891e+00 9.66289310e-01
1.17294200e+04 4.22708010e+00 1.35994351e+00 4.19162311e+00 9.67533033e-01
1.17304200e+04 4.23220800e+00 1.36155261e+00 4.19186731e+00 9.68678376e-01
1.17314200e+04 4.23683210e+00 1.36299563e+00 4.19211151e+00 9.69705567e-01
1.17324200e+04 4.24084250e+00 1.36423635e+00 4.19235571e+00 9.70588833e-01
1.17334200e+04 4.24411250e+00 1.36523300e+00 4.19259991e+00 9.71298459e-01
1.17344200e+04 4.24651300e+00 1.36594304e+00 4.19284411e+00 9.71804169e-01
1.17354200e+04 4.24793050e+00 1.36632903e+00 4.19308831e+00 9.72079342e-01
1.17364200e+04 4.24828800e+00 1.36636561e+00 4.19333251e+00 9.72105921e-01
1.17374200e+04 4.24756640e+00 1.36604648e+00 4.19357671e+00 9.71879425e-01
1.17384200e+04 4.24582030e+00 1.36538963e+00 4.19382091e+00 9.71412660e-01
1.17394200e+04 4.24318640e+00 1.36444013e+00 4.19406511e+00 9.70737684e-01
1.17404200e+04 4.23987960e+00 1.36326881e+00 4.19430931e+00 9.69904896e-01
1.17414200e+04 4.23617760e+00 1.36196721e+00 4.19455351e+00 9.68979423e-01
1.17424200e+04 4.23239510e+00 1.36063909e+00 4.19479771e+00 9.68035070e-01
1.17434200e+04 4.22885220e+00 1.35938994e+00 4.19504191e+00 9.67146908e-01
1.17444200e+04 4.22584110e+00 1.35831609e+00 4.19528611e+00 9.66383465e-01
1.17454200e+04 4.22359770e+00 1.35749531e+00 4.19553031e+00 9.65800066e-01
1.17464200e+04 4.22227920e+00 1.35697942e+00 4.19577451e+00 9.65433577e-01
1.17474200e+04 4.22195100e+00 1.35678996e+00 4.19601871e+00 9.65299339e-01
1.17484200e+04 4.22258250e+00 1.35691686e+00 4.19626291e+00 9.65390174e-01
1.17494200e+04 4.22405000e+00 1.35731934e+00 4.19650711e+00 9.65677072e-01
1.17504200e+04 4.22614620e+00 1.35792907e+00 4.19675131e+00 9.66111416e-01
1.17514200e+04 4.22859440e+00 1.35865483e+00 4.19699551e+00 9.66628314e-01
1.17524200e+04 4.23106770e+00 1.35938886e+00 4.19723971e+00 9.67151099e-01
1.17534200e+04 4.23321190e+00 1.36001440e+00 4.19748391e+00 9.67596702e-01
1.17544200e+04 4.23467090e+00 1.36041408e+00 4.19772811e+00 9.67881609e-01
1.17554200e+04 4.23511220e+00 1.36047829e+00 4.19797231e+00 9.67927839e-01
1.17564200e+04 4.23425000e+00 1.36011280e+00 4.19821651e+00 9.67668364e-01
1.17574200e+04 4.23186240e+00 1.35924449e+00 4.19846071e+00 9.67051143e-01
1.17584200e+04 4.22780340e+00 1.35782522e+00 4.19870491e+00 9.66041934e-01
1.17594200e+04 4.22200580e+00 1.35583283e+00 4.19894911e+00 9.64624976e-01
1.17604200e+04 4.21448040e+00 1.35327089e+00 4.19919331e+00 9.62802801e-01
1.17614200e+04 4.20530980e+00 1.35016663e+00 4.19943751e+00 9.60594781e-01
1.17624200e+04 4.19463880e+00 1.34656778e+00 4.19968171e+00 9.58034874e-01
1.17634200e+04 4.18266450e+00 1.34253931e+00 4.19992591e+00 9.55169305e-01
1.17644200e+04 4.16962460e+00 1.33815958e+00 4.20017011e+00 9.52053821e-01
1.17654200e+04 4.15578700e+00 1.33351689e+00 4.20041431e+00 9.48751250e-01
1.17664200e+04 4.14143970e+00 1.32870618e+00 4.20065851e+00 9.45329138e-01
1.17674200e+04 4.12688200e+00 1.32382612e+00 4.20090271e+00 9.41857677e-01
1.17684200e+04 4.11241590e+00 1.31897625e+00 4.20114691e+00 9.38407695e-01
1.17694200e+04 4.09833800e+00 1.31425435e+00 4.20139111e+00 9.35048752e-01
1.17704200e+04 4.08493120e+00 1.30975367e+00 4.20163532e+00 9.31847198e-01
1.17714200e+04 4.07245600e+00 1.30556008e+00 4.20187952e+00 9.28864126e-01
1.17724200e+04 4.06114250e+00 1.30174944e+00 4.20212372e+00 9.26153502e-01
1.17734200e+04 4.05118340e+00 1.29838526e+00 4.20236792e+00 9.23760520e-01
1.17744200e+04 4.04272760e+00 1.29551662e+00 4.20261212e+00 9.21720102e-01
1.17754200e+04 4.03587690e+00 1.29317710e+00 4.20285632e+00 9.20056124e-01
1.17764200e+04 4.03068350e+00 1.29138388e+00 4.20310052e+00 9.18780828e-01
1.17774200e+04 4.02715070e+00 1.29013806e+00 4.20334472e+00 9.17894989e-01
1.17784200e+04 4.02523490e+00 1.28942527e+00 4.20358892e+00 9.17388383e-01
1.17794200e+04 4.02485100e+00 1.28921746e+00 4.20383312e+00 9.17241051e-01
1.17804200e+04 4.02587930e+00 1.28947516e+00 4.20407732e+00 9.17424922e-01
1.17814200e+04 4.02817320e+00 1.29015005e+00 4.20432152e+00 9.17905613e-01
1.17824200e+04 4.03156810e+00 1.29118788e+00 4.20456572e+00 9.18644521e-01
1.17834200e+04 4.03588930e+00 1.29253105e+00 4.20480992e+00 9.19600676e-01
1.17844200e+04 4.04095860e+00 1.29412083e+00 4.20505412e+00 9.20732283e-01
1.17854200e+04 4.04659990e+00 1.29589916e+00 4.20529832e+00 9.21998042e-01
1.17864200e+04 4.05264390e+00 1.29781023e+00 4.20554252e+00 9.23358249e-01
1.17874200e+04 4.05893300e+00 1.29980210e+00 4.20578672e+00 9.24775940e-01
1.17884200e+04 4.06532600e+00 1.30182822e+00 4.20603092e+00 9.26218000e-01
1.17894200e+04 4.07170320e+00 1.30384914e+00 4.20627512e+00 9.27656357e-01
1.17904200e+04 4.07797070e+00 1.30583389e+00 4.20651932e+00 9.29068987e-01
1.17914200e+04 4.08406340e+00 1.30776102e+00 4.20676352e+00 9.30440623e-01
1.17924200e+04 4.08994500e+00 1.30961856e+00 4.20700772e+00 9.31762751e-01
1.17934200e+04 4.09560570e+00 1.31140328e+00 4.20725192e+00 9.33033072e-01
1.17944200e+04 4.10105630e+00 1.31311875e+00 4.20749612e+00 9.34254120e-01
1.17954200e+04 4.10632180e+00 1.31477320e+00 4.20774032e+00 9.35431758e-01
1.17964200e+04 4.11143300e+00 1.31637679e+00 4.20798452e+00 9.36573208e-01
1.17974200e+04 4.11642000e+00 1.31793944e+00 4.20822872e+00 9.37685532e-01
1.17984200e+04 4.12130580e+00 1.31946872e+00 4.20847292e+00 9.38774121e-01
1.17994200e+04 4.12610270e+00 1.32096871e+00 4.20871712e+00 9.39841863e-01
1.18004200e+04 4.13081090e+00 1.32243945e+00 4.20896132e+00 9.40888802e-01
1.18014200e+04 4.13541870e+00 1.32387710e+00 4.20920552e+00 9.41912196e-01
1.18024200e+04 4.13990530e+00 1.32527479e+00 4.20944972e+00 9.42907165e-01
1.18034200e+04 4.14424460e+00 1.32662393e+00 4.20969392e+00 9.43867589e-01
1.18044200e+04 4.14841020e+00 1.32791581e+00 4.20993812e+00 9.44787276e-01
1.18054200e+04 4.15238000e+00 1.32914315e+00 4.21018232e+00 9.45661043e-01
1.18064200e+04 4.15614010e+00 1.33030136e+00 4.21042652e+00 9.46485629e-01
1.18074200e+04 4.15968730e+00 1.33138939e+00 4.21067072e+00 9.47260283e-01
1.18084200e+04 4.16302780e+00 1.33240929e+00 4.21091492e+00 9.47986461e-01
1.18094200e+04 4.16617380e+00 1.33336507e+00 4.21115912e+00 9.48667023e-01
1.18104200e+04 4.16913710e+00 1.33426062e+00 4.21140332e+00 9.49304736e-01
1.18114200e+04 4.17192150e+00 1.33509720e+00 4.21164752e+00 9.49900492e-01
1.18124200e+04 4.17451750e+00 1.33587168e+00 4.21189172e+00 9.50452063e-01
1.18134200e+04 4.17690290e+00 1.33657674e+00 4.21213592e+00 9.50954241e-01
