# # source: .\convoluted\116_00.txt
# # site: 00
# # columns: Energy(eV) Abs_raw Preedge_normalized PredictedPost_raw Final_normalized
# 
1.13640000e+04 1.47090040e-02 4.18905832e-03 4.03342911e+00 3.69673681e-03
1.13642000e+04 1.47235540e-02 4.17088086e-03 4.03351134e+00 3.68069576e-03
1.13642900e+04 1.47312020e-02 4.16299618e-03 4.03354834e+00 3.67373777e-03
1.13643100e+04 1.47336640e-02 4.16144853e-03 4.03355656e+00 3.67237202e-03
1.13643200e+04 1.47344840e-02 4.16056447e-03 4.03356068e+00 3.67159186e-03
1.13643600e+04 1.47381330e-02 4.15712720e-03 4.03357712e+00 3.66855857e-03
1.13644200e+04 1.47436120e-02 4.15197276e-03 4.03360179e+00 3.66400994e-03
1.13649200e+04 1.47893780e-02 4.10904799e-03 4.03380735e+00 3.62613014e-03
1.13654200e+04 1.48353880e-02 4.06618867e-03 4.03401292e+00 3.58830809e-03
1.13659200e+04 1.48816440e-02 4.02339534e-03 4.03421848e+00 3.55054427e-03
1.13664200e+04 1.49281480e-02 3.98066852e-03 4.03442405e+00 3.51283914e-03
1.13669200e+04 1.49749020e-02 3.93800876e-03 4.03462961e+00 3.47519318e-03
1.13674200e+04 1.50219070e-02 3.89541632e-03 4.03483518e+00 3.43760663e-03
1.13679200e+04 1.50691660e-02 3.85289201e-03 4.03504074e+00 3.40008020e-03
1.13684200e+04 1.51166810e-02 3.81043637e-03 4.03524630e+00 3.36261436e-03
1.13689200e+04 1.51644540e-02 3.76804992e-03 4.03545187e+00 3.32520959e-03
1.13694200e+04 1.52124870e-02 3.72573322e-03 4.03565743e+00 3.28786635e-03
1.13699200e+04 1.52607810e-02 3.68348652e-03 4.03586300e+00 3.25058488e-03
1.13704200e+04 1.53093400e-02 3.64131090e-03 4.03606856e+00 3.21336614e-03
1.13709200e+04 1.53581640e-02 3.59920636e-03 4.03627413e+00 3.17621012e-03
1.13714200e+04 1.54072570e-02 3.55717397e-03 4.03647969e+00 3.13911776e-03
1.13719200e+04 1.54566200e-02 3.51521401e-03 4.03668526e+00 3.10208931e-03
1.13724200e+04 1.55062560e-02 3.47332726e-03 4.03689082e+00 3.06512548e-03
1.13729200e+04 1.55561660e-02 3.43151401e-03 4.03709639e+00 3.02822650e-03
1.13734200e+04 1.56063530e-02 3.38977506e-03 4.03730195e+00 2.99139307e-03
1.13739200e+04 1.56568200e-02 3.34811121e-03 4.03750751e+00 2.95462592e-03
1.13744200e+04 1.57075680e-02 3.30652273e-03 4.03771308e+00 2.91792528e-03
1.13749200e+04 1.57585990e-02 3.26501016e-03 4.03791864e+00 2.88129162e-03
1.13754200e+04 1.58099170e-02 3.22357457e-03 4.03812421e+00 2.84472589e-03
1.13759200e+04 1.58615230e-02 3.18221623e-03 4.03832977e+00 2.80822833e-03
1.13764200e+04 1.59134210e-02 3.14093620e-03 4.03853534e+00 2.77179987e-03
1.13769200e+04 1.59656110e-02 3.09973450e-03 4.03874090e+00 2.73544053e-03
1.13774200e+04 1.60180970e-02 3.05861219e-03 4.03894647e+00 2.69915125e-03
1.13779200e+04 1.60708810e-02 3.01756982e-03 4.03915203e+00 2.66293250e-03
1.13784200e+04 1.61239650e-02 2.97660791e-03 4.03935760e+00 2.62678476e-03
1.13789200e+04 1.61773530e-02 2.93572754e-03 4.03956316e+00 2.59070897e-03
1.13794200e+04 1.62310460e-02 2.89492898e-03 4.03976872e+00 2.55470537e-03
1.13799200e+04 1.62850480e-02 2.85421329e-03 4.03997429e+00 2.51877490e-03
1.13804200e+04 1.63393600e-02 2.81358076e-03 4.04017985e+00 2.48291781e-03
1.13809200e+04 1.63939850e-02 2.77303218e-03 4.04038542e+00 2.44713480e-03
1.13814200e+04 1.64489270e-02 2.73256863e-03 4.04059098e+00 2.41142682e-03
1.13819200e+04 1.65041870e-02 2.69219037e-03 4.04079655e+00 2.37579411e-03
1.13824200e+04 1.65597690e-02 2.65189849e-03 4.04100211e+00 2.34023761e-03
1.13829200e+04 1.66156750e-02 2.61169350e-03 4.04120768e+00 2.30475780e-03
1.13834200e+04 1.66719070e-02 2.57157596e-03 4.04141324e+00 2.26935515e-03
1.13839200e+04 1.67284700e-02 2.53154720e-03 4.04161881e+00 2.23403084e-03
1.13844200e+04 1.67853650e-02 2.49160748e-03 4.04182437e+00 2.19878511e-03
1.13849200e+04 1.68425950e-02 2.45175763e-03 4.04202993e+00 2.16361867e-03
1.13854200e+04 1.69001640e-02 2.41199870e-03 4.04223550e+00 2.12853247e-03
1.13859200e+04 1.69580740e-02 2.37233123e-03 4.04244106e+00 2.09352698e-03
1.13864200e+04 1.70163280e-02 2.33275603e-03 4.04264663e+00 2.05860292e-03
1.13869200e+04 1.70749290e-02 2.29327391e-03 4.04285219e+00 2.02376098e-03
1.13874200e+04 1.71338810e-02 2.25388593e-03 4.04305776e+00 1.98900212e-03
1.13879200e+04 1.71931860e-02 2.21459264e-03 4.04326332e+00 1.95432681e-03
1.13884200e+04 1.72528470e-02 2.17539483e-03 4.04346889e+00 1.91973576e-03
1.13889200e+04 1.73128680e-02 2.13629358e-03 4.04367445e+00 1.88522992e-03
1.13894200e+04 1.73732510e-02 2.09728943e-03 4.04388002e+00 1.85080977e-03
1.13899200e+04 1.74340010e-02 2.05838372e-03 4.04408558e+00 1.81647648e-03
1.13904200e+04 1.74951190e-02 2.01957671e-03 4.04429114e+00 1.78223029e-03
1.13909200e+04 1.75566100e-02 1.98086976e-03 4.04449671e+00 1.74807238e-03
1.13914200e+04 1.76184770e-02 1.94226365e-03 4.04470227e+00 1.71400347e-03
1.13919200e+04 1.76807240e-02 1.90375947e-03 4.04490784e+00 1.68002451e-03
1.13924200e+04 1.77433520e-02 1.86535748e-03 4.04511340e+00 1.64613572e-03
1.13929200e+04 1.78063670e-02 1.82705929e-03 4.04531897e+00 1.61233853e-03
1.13934200e+04 1.78697710e-02 1.78886544e-03 4.04552453e+00 1.57863341e-03
1.13939200e+04 1.79335690e-02 1.75077727e-03 4.04573010e+00 1.54502155e-03
1.13944200e+04 1.79977630e-02 1.71279532e-03 4.04593566e+00 1.51150342e-03
1.13949200e+04 1.80623570e-02 1.67492066e-03 4.04614123e+00 1.47807997e-03
1.13954200e+04 1.81273550e-02 1.63715436e-03 4.04634679e+00 1.44475214e-03
1.13959200e+04 1.81927610e-02 1.59949749e-03 4.04655235e+00 1.41152088e-03
1.13964200e+04 1.82585780e-02 1.56195086e-03 4.04675792e+00 1.37838690e-03
1.13969200e+04 1.83248110e-02 1.52451582e-03 4.04696348e+00 1.34535138e-03
1.13974200e+04 1.83914620e-02 1.48719289e-03 4.04716905e+00 1.31241480e-03
1.13979200e+04 1.84585370e-02 1.44998369e-03 4.04737461e+00 1.27957858e-03
1.13984200e+04 1.85260380e-02 1.41288875e-03 4.04758018e+00 1.24684319e-03
1.13989200e+04 1.85939700e-02 1.37590941e-03 4.04778574e+00 1.21420981e-03
1.13994200e+04 1.86623370e-02 1.33904676e-03 4.04799131e+00 1.18167939e-03
1.13999200e+04 1.87311430e-02 1.30230185e-03 4.04819687e+00 1.14925289e-03
1.14004200e+04 1.88003930e-02 1.26567603e-03 4.04840244e+00 1.11693147e-03
1.14009200e+04 1.88700890e-02 1.22916984e-03 4.04860800e+00 1.08471562e-03
1.14014200e+04 1.89402370e-02 1.19278489e-03 4.04881356e+00 1.05260675e-03
1.14019200e+04 1.90108410e-02 1.15652225e-03 4.04901913e+00 1.02060582e-03
1.14024200e+04 1.90819060e-02 1.12038326e-03 4.04922469e+00 9.88713997e-04
1.14029200e+04 1.91534350e-02 1.08436872e-03 4.04943026e+00 9.56932003e-04
1.14034200e+04 1.92254330e-02 1.04847998e-03 4.04963582e+00 9.25261019e-04
1.14039200e+04 1.92979040e-02 1.01271811e-03 4.04984139e+00 8.93701990e-04
1.14044200e+04 1.93708540e-02 9.77084718e-04 4.05004695e+00 8.62256337e-04
1.14049200e+04 1.94442870e-02 9.41580878e-04 4.05025252e+00 8.30925007e-04
1.14054200e+04 1.95182070e-02 9.06207663e-04 4.05045808e+00 7.99708947e-04
1.14059200e+04 1.95926200e-02 8.70966682e-04 4.05066365e+00 7.68609577e-04
1.14064200e+04 1.96675300e-02 8.35859007e-04 4.05086921e+00 7.37627844e-04
1.14069200e+04 1.97429420e-02 8.00885981e-04 4.05107477e+00 7.06764931e-04
1.14074200e+04 1.98188610e-02 7.66048944e-04 4.05128034e+00 6.76022023e-04
1.14079200e+04 1.98952920e-02 7.31349236e-04 4.05148590e+00 6.45400301e-04
1.14084200e+04 1.99722400e-02 6.96788200e-04 4.05169147e+00 6.14900950e-04
1.14089200e+04 2.00497100e-02 6.62367177e-04 4.05189703e+00 5.84525154e-04
1.14094200e+04 2.01277070e-02 6.28087507e-04 4.05210260e+00 5.54274096e-04
1.14099200e+04 2.02062380e-02 5.93951068e-04 4.05230816e+00 5.24149433e-04
1.14104200e+04 2.02853060e-02 5.59958665e-04 4.05251373e+00 4.94151875e-04
1.14109200e+04 2.03649180e-02 5.26112175e-04 4.05271929e+00 4.64283079e-04
1.14114200e+04 2.04450790e-02 4.92412940e-04 4.05292486e+00 4.34544228e-04
1.14119200e+04 2.05257950e-02 4.58862568e-04 4.05313042e+00 4.04936743e-04
1.14124200e+04 2.06070710e-02 4.25462402e-04 4.05333598e+00 3.75461808e-04
1.14129200e+04 2.06889130e-02 3.92214049e-04 4.05354155e+00 3.46120841e-04
1.14134200e+04 2.07713270e-02 3.59119120e-04 4.05374711e+00 3.16915265e-04
1.14139200e+04 2.08543180e-02 3.26178956e-04 4.05395268e+00 2.87846262e-04
1.14144200e+04 2.09378930e-02 2.93395434e-04 4.05415824e+00 2.58915489e-04
1.14149200e+04 2.10220580e-02 2.60770164e-04 4.05436381e+00 2.30124366e-04
1.14154200e+04 2.11068180e-02 2.28304486e-04 4.05456937e+00 2.01474078e-04
1.14159200e+04 2.11921810e-02 1.96000547e-04 4.05477494e+00 1.72966517e-04
1.14164200e+04 2.12781520e-02 1.63859687e-04 4.05498050e+00 1.44602867e-04
1.14169200e+04 2.13647370e-02 1.31883517e-04 4.05518607e+00 1.16384549e-04
1.14174200e+04 2.14519440e-02 1.00074181e-04 4.05539163e+00 8.83134551e-05
1.14179200e+04 2.15397790e-02 6.84332889e-05 4.05559719e+00 6.03910069e-05
1.14184200e+04 2.16282480e-02 3.69624504e-05 4.05580276e+00 3.26186241e-05
1.14189200e+04 2.17173580e-02 5.66354282e-06 4.05600832e+00 4.99796370e-06
1.14194200e+04 2.18071160e-02 -2.54615562e-05 4.05621389e+00 -2.24693174e-05
1.14199200e+04 2.18975300e-02 -5.64107009e-05 4.05641945e+00 -4.97813254e-05
1.14204200e+04 2.19886050e-02 -8.71825503e-05 4.05662502e+00 -7.69368770e-05
1.14209200e+04 2.20803500e-02 -1.17774690e-04 4.05683058e+00 -1.03933842e-04
1.14214200e+04 2.21727710e-02 -1.48185511e-04 4.05703615e+00 -1.30770799e-04
1.14219200e+04 2.22658760e-02 -1.78412868e-04 4.05724171e+00 -1.57445856e-04
1.14224200e+04 2.23596720e-02 -2.08454882e-04 4.05744728e+00 -1.83957355e-04
1.14229200e+04 2.24541670e-02 -2.38309409e-04 4.05765284e+00 -2.10303403e-04
1.14234200e+04 2.25493690e-02 -2.67974302e-04 4.05785840e+00 -2.36482106e-04
1.14239200e+04 2.26452850e-02 -2.97447684e-04 4.05806397e+00 -2.62491807e-04
1.14244200e+04 2.27419230e-02 -3.26727408e-04 4.05826953e+00 -2.88330613e-04
1.14249200e+04 2.28392920e-02 -3.55811062e-04 4.05847510e+00 -3.13996392e-04
1.14254200e+04 2.29373990e-02 -3.84696767e-04 4.05868066e+00 -3.39487489e-04
1.14259200e+04 2.30362520e-02 -4.13382378e-04 4.05888623e+00 -3.64802010e-04
1.14264200e+04 2.31358610e-02 -4.41865212e-04 4.05909179e+00 -3.89937586e-04
1.14269200e+04 2.32362330e-02 -4.70143392e-04 4.05929736e+00 -4.14892563e-04
1.14274200e+04 2.33373780e-02 -4.98214235e-04 4.05950292e+00 -4.39664572e-04
1.14279200e+04 2.34393040e-02 -5.26075596e-04 4.05970849e+00 -4.64251719e-04
1.14284200e+04 2.35420200e-02 -5.53725062e-04 4.05991405e+00 -4.88651876e-04
1.14289200e+04 2.36455340e-02 -5.81160485e-04 4.06011961e+00 -5.12863147e-04
1.14294200e+04 2.37498570e-02 -6.08378916e-04 4.06032518e+00 -5.36882929e-04
1.14299200e+04 2.38549980e-02 -6.35377940e-04 4.06053074e+00 -5.60709092e-04
1.14304200e+04 2.39609650e-02 -6.62155412e-04 4.06073631e+00 -5.84339742e-04
1.14309200e+04 2.40677690e-02 -6.88708381e-04 4.06094187e+00 -6.07772275e-04
1.14314200e+04 2.41754200e-02 -7.15034166e-04 4.06114744e+00 -6.31004325e-04
1.14319200e+04 2.42839260e-02 -7.41130620e-04 4.06135300e+00 -6.54033997e-04
1.14324200e+04 2.43932990e-02 -7.66994524e-04 4.06155857e+00 -6.76858452e-04
1.14329200e+04 2.45035490e-02 -7.92623197e-04 4.06176413e+00 -6.99475321e-04
1.14334200e+04 2.46146850e-02 -8.18014225e-04 4.06196970e+00 -7.21882476e-04
1.14339200e+04 2.47267190e-02 -8.43164388e-04 4.06217526e+00 -7.44077075e-04
1.14344200e+04 2.48396620e-02 -8.68070736e-04 4.06238082e+00 -7.66056514e-04
1.14349200e+04 2.49535230e-02 -8.92730856e-04 4.06258639e+00 -7.87818663e-04
1.14354200e+04 2.50683150e-02 -9.17141260e-04 4.06279195e+00 -8.09360446e-04
1.14359200e+04 2.51840480e-02 -9.41299266e-04 4.06299752e+00 -8.30679494e-04
1.14364200e+04 2.53007340e-02 -9.65201655e-04 4.06320308e+00 -8.51772969e-04
1.14369200e+04 2.54183840e-02 -9.88845478e-04 4.06340865e+00 -8.72638264e-04
1.14374200e+04 2.55370110e-02 -1.01222725e-03 4.06361421e+00 -8.93272305e-04
1.14379200e+04 2.56566260e-02 -1.03534401e-03 4.06381978e+00 -9.13672486e-04
1.14384200e+04 2.57772410e-02 -1.05819255e-03 4.06402534e+00 -9.33835968e-04
1.14389200e+04 2.58988690e-02 -1.08076938e-03 4.06423091e+00 -9.53759673e-04
1.14394200e+04 2.60215230e-02 -1.10307102e-03 4.06443647e+00 -9.73440524e-04
1.14399200e+04 2.61452150e-02 -1.12509424e-03 4.06464203e+00 -9.92875680e-04
1.14404200e+04 2.62699580e-02 -1.14683555e-03 4.06484760e+00 -1.01206206e-03
1.14409200e+04 2.63957650e-02 -1.16829148e-03 4.06505316e+00 -1.03099660e-03
1.14414200e+04 2.65226510e-02 -1.18945800e-03 4.06525873e+00 -1.04967574e-03
1.14419200e+04 2.66506280e-02 -1.21033188e-03 4.06546429e+00 -1.06809663e-03
1.14424200e+04 2.67797100e-02 -1.23090938e-03 4.06566986e+00 -1.08625598e-03
1.14429200e+04 2.69099130e-02 -1.25118620e-03 4.06587542e+00 -1.10414998e-03
1.14434200e+04 2.70412490e-02 -1.27115912e-03 4.06608099e+00 -1.12177580e-03
1.14439200e+04 2.71737340e-02 -1.29082385e-03 4.06628655e+00 -1.13912965e-03
1.14444200e+04 2.73073830e-02 -1.31017638e-03 4.06649212e+00 -1.15620799e-03
1.14449200e+04 2.74422100e-02 -1.32921293e-03 4.06669768e+00 -1.17300749e-03
1.14454200e+04 2.75782310e-02 -1.34792923e-03 4.06690324e+00 -1.18952436e-03
1.14459200e+04 2.77154630e-02 -1.36632071e-03 4.06710881e+00 -1.20575460e-03
1.14464200e+04 2.78539200e-02 -1.38438361e-03 4.06731437e+00 -1.22169488e-03
1.14469200e+04 2.79936190e-02 -1.40211339e-03 4.06751994e+00 -1.23734117e-03
1.14474200e+04 2.81345760e-02 -1.41950574e-03 4.06772550e+00 -1.25268969e-03
1.14479200e+04 2.82768090e-02 -1.43655583e-03 4.06793107e+00 -1.26773619e-03
1.14484200e+04 2.84203350e-02 -1.45325912e-03 4.06813663e+00 -1.28247663e-03
1.14489200e+04 2.85651700e-02 -1.46961130e-03 4.06834220e+00 -1.29690723e-03
1.14494200e+04 2.87113330e-02 -1.48560728e-03 4.06854776e+00 -1.31102349e-03
1.14499200e+04 2.88588410e-02 -1.50124250e-03 4.06875333e+00 -1.32482138e-03
1.14504200e+04 2.90077140e-02 -1.51651159e-03 4.06895889e+00 -1.33829618e-03
1.14509200e+04 2.91579690e-02 -1.53141000e-03 4.06916445e+00 -1.35144386e-03
1.14514200e+04 2.93096260e-02 -1.54593236e-03 4.06937002e+00 -1.36425968e-03
1.14519200e+04 2.94627050e-02 -1.56007331e-03 4.06957558e+00 -1.37673892e-03
1.14524200e+04 2.96172240e-02 -1.57382802e-03 4.06978115e+00 -1.38887730e-03
1.14529200e+04 2.97732050e-02 -1.58719059e-03 4.06998671e+00 -1.40066963e-03
1.14534200e+04 2.99306670e-02 -1.60015592e-03 4.07019228e+00 -1.41211140e-03
1.14539200e+04 3.00896310e-02 -1.61271837e-03 4.07039784e+00 -1.42319764e-03
1.14544200e+04 3.02501200e-02 -1.62487179e-03 4.07060341e+00 -1.43392292e-03
1.14549200e+04 3.04121540e-02 -1.63661080e-03 4.07080897e+00 -1.44428249e-03
1.14554200e+04 3.05757560e-02 -1.64792924e-03 4.07101454e+00 -1.45427091e-03
1.14559200e+04 3.07409480e-02 -1.65882120e-03 4.07122010e+00 -1.46388298e-03
1.14564200e+04 3.09077530e-02 -1.66928052e-03 4.07142566e+00 -1.47311325e-03
1.14569200e+04 3.10761940e-02 -1.67930103e-03 4.07163123e+00 -1.48195627e-03
1.14574200e+04 3.12462960e-02 -1.68887602e-03 4.07183679e+00 -1.49040613e-03
1.14579200e+04 3.14180830e-02 -1.69799905e-03 4.07204236e+00 -1.49845715e-03
1.14584200e+04 3.15915790e-02 -1.70666369e-03 4.07224792e+00 -1.50610364e-03
1.14589200e+04 3.17668100e-02 -1.71486297e-03 4.07245349e+00 -1.51333946e-03
1.14594200e+04 3.19438010e-02 -1.72259017e-03 4.07265905e+00 -1.52015868e-03
1.14599200e+04 3.21225790e-02 -1.72983805e-03 4.07286462e+00 -1.52655492e-03
1.14604200e+04 3.23031710e-02 -1.73659938e-03 4.07307018e+00 -1.53252177e-03
1.14609200e+04 3.24856050e-02 -1.74286664e-03 4.07327575e+00 -1.53805262e-03
1.14614200e+04 3.26699060e-02 -1.74863313e-03 4.07348131e+00 -1.54314155e-03
1.14619200e+04 3.28561060e-02 -1.75389027e-03 4.07368687e+00 -1.54778098e-03
1.14624200e+04 3.30442320e-02 -1.75863081e-03 4.07389244e+00 -1.55196452e-03
1.14629200e+04 3.32343140e-02 -1.76284670e-03 4.07409800e+00 -1.55568507e-03
1.14634200e+04 3.34263820e-02 -1.76652990e-03 4.07430357e+00 -1.55893553e-03
1.14639200e+04 3.36204680e-02 -1.76967183e-03 4.07450913e+00 -1.56170833e-03
1.14644200e+04 3.38166020e-02 -1.77226444e-03 4.07471470e+00 -1.56399635e-03
1.14649200e+04 3.40148170e-02 -1.77429887e-03 4.07492026e+00 -1.56579180e-03
1.14654200e+04 3.42151470e-02 -1.77576601e-03 4.07512583e+00 -1.56708663e-03
1.14659200e+04 3.44176230e-02 -1.77665755e-03 4.07533139e+00 -1.56787349e-03
1.14664200e+04 3.46222810e-02 -1.77696383e-03 4.07553696e+00 -1.56814386e-03
1.14669200e+04 3.48291560e-02 -1.77667545e-03 4.07574252e+00 -1.56788946e-03
1.14674200e+04 3.50382830e-02 -1.77578303e-03 4.07594808e+00 -1.56710201e-03
1.14679200e+04 3.52496990e-02 -1.77427666e-03 4.07615365e+00 -1.56577275e-03
1.14684200e+04 3.54634410e-02 -1.77214639e-03 4.07635921e+00 -1.56389291e-03
1.14689200e+04 3.56795480e-02 -1.76938178e-03 4.07656478e+00 -1.56145328e-03
1.14694200e+04 3.58980580e-02 -1.76597263e-03 4.07677034e+00 -1.55844484e-03
1.14699200e+04 3.61190110e-02 -1.76190821e-03 4.07697591e+00 -1.55485814e-03
1.14704200e+04 3.63424470e-02 -1.75717779e-03 4.07718147e+00 -1.55068371e-03
1.14709200e+04 3.65684090e-02 -1.75176985e-03 4.07738704e+00 -1.54591136e-03
1.14714200e+04 3.67969390e-02 -1.74567310e-03 4.07759260e+00 -1.54053116e-03
1.14719200e+04 3.70280800e-02 -1.73887602e-03 4.07779817e+00 -1.53453293e-03
1.14724200e+04 3.72618770e-02 -1.73136655e-03 4.07800373e+00 -1.52790602e-03
1.14729200e+04 3.74983750e-02 -1.72313260e-03 4.07820929e+00 -1.52063977e-03
1.14734200e+04 3.77376210e-02 -1.71416158e-03 4.07841486e+00 -1.51272306e-03
1.14739200e+04 3.79796620e-02 -1.70444087e-03 4.07862042e+00 -1.50414476e-03
1.14744200e+04 3.82245480e-02 -1.69395707e-03 4.07882599e+00 -1.49489304e-03
1.14749200e+04 3.84723270e-02 -1.68269730e-03 4.07903155e+00 -1.48495654e-03
1.14754200e+04 3.87230520e-02 -1.67064734e-03 4.07923712e+00 -1.47432271e-03
1.14759200e+04 3.89767730e-02 -1.65779379e-03 4.07944268e+00 -1.46297972e-03
1.14764200e+04 3.92335450e-02 -1.64412189e-03 4.07964825e+00 -1.45091454e-03
1.14769200e+04 3.94934220e-02 -1.62961716e-03 4.07985381e+00 -1.43811440e-03
1.14774200e+04 3.97564610e-02 -1.61426430e-03 4.08005938e+00 -1.42456581e-03
1.14779200e+04 4.00227180e-02 -1.59804831e-03 4.08026494e+00 -1.41025550e-03
1.14784200e+04 4.02922530e-02 -1.58095308e-03 4.08047050e+00 -1.39516928e-03
1.14789200e+04 4.05651250e-02 -1.56296279e-03 4.08067607e+00 -1.37929317e-03
1.14794200e+04 4.08413970e-02 -1.54406054e-03 4.08088163e+00 -1.36261228e-03
1.14799200e+04 4.11211310e-02 -1.52422970e-03 4.08108720e+00 -1.34511191e-03
1.14804200e+04 4.14043920e-02 -1.50345284e-03 4.08129276e+00 -1.32677670e-03
1.14809200e+04 4.16912470e-02 -1.48171199e-03 4.08149833e+00 -1.30759076e-03
1.14814200e+04 4.19817640e-02 -1.45898890e-03 4.08170389e+00 -1.28753802e-03
1.14819200e+04 4.22760120e-02 -1.43526508e-03 4.08190946e+00 -1.26660214e-03
1.14824200e+04 4.25740630e-02 -1.41052120e-03 4.08211502e+00 -1.24476607e-03
1.14829200e+04 4.28759910e-02 -1.38473742e-03 4.08232059e+00 -1.22201231e-03
1.14834200e+04 4.31818710e-02 -1.35789362e-03 4.08252615e+00 -1.19832308e-03
1.14839200e+04 4.34917790e-02 -1.32996942e-03 4.08273171e+00 -1.17368042e-03
1.14844200e+04 4.38057960e-02 -1.30094310e-03 4.08293728e+00 -1.14806514e-03
1.14849200e+04 4.41240030e-02 -1.27079292e-03 4.08314284e+00 -1.12145806e-03
1.14854200e+04 4.44464820e-02 -1.23949689e-03 4.08334841e+00 -1.09383979e-03
1.14859200e+04 4.47733210e-02 -1.20703140e-03 4.08355397e+00 -1.06518949e-03
1.14864200e+04 4.51046070e-02 -1.17337313e-03 4.08375954e+00 -1.03548657e-03
1.14869200e+04 4.54404300e-02 -1.13849794e-03 4.08396510e+00 -1.00470971e-03
1.14874200e+04 4.57808830e-02 -1.10238087e-03 4.08417067e+00 -9.72836923e-04
1.14879200e+04 4.61260620e-02 -1.06499617e-03 4.08437623e+00 -9.39845468e-04
1.14884200e+04 4.64760650e-02 -1.02631757e-03 4.08458180e+00 -9.05712152e-04
1.14889200e+04 4.68309930e-02 -9.86317974e-04 4.08478736e+00 -8.70413068e-04
1.14894200e+04 4.71909480e-02 -9.44970018e-04 4.08499292e+00 -8.33924071e-04
1.14899200e+04 4.75560390e-02 -9.02244468e-04 4.08519849e+00 -7.96219361e-04
1.14904200e+04 4.79263730e-02 -8.58112626e-04 4.08540405e+00 -7.57273611e-04
1.14909200e+04 4.83020650e-02 -8.12543644e-04 4.08560962e+00 -7.17059599e-04
1.14914200e+04 4.86832290e-02 -7.65506946e-04 4.08581518e+00 -6.75550341e-04
1.14919200e+04 4.90699860e-02 -7.16970077e-04 4.08602075e+00 -6.32717196e-04
1.14924200e+04 4.94624570e-02 -6.66900581e-04 4.08622631e+00 -5.88531522e-04
1.14929200e+04 4.98607700e-02 -6.15264127e-04 4.08643188e+00 -5.42963020e-04
1.14934200e+04 5.02650540e-02 -5.62026113e-04 4.08663744e+00 -4.95981157e-04
1.14939200e+04 5.06754430e-02 -5.07150597e-04 4.08684301e+00 -4.47554213e-04
1.14944200e+04 5.10920750e-02 -4.50600565e-04 4.08704857e+00 -3.97649523e-04
1.14949200e+04 5.15150930e-02 -3.92337661e-04 4.08725413e+00 -3.46233239e-04
1.14954200e+04 5.19446420e-02 -3.32322993e-04 4.08745970e+00 -2.93271037e-04
1.14959200e+04 5.23808750e-02 -2.70515521e-04 4.08766526e+00 -2.38726702e-04
1.14964200e+04 5.28239460e-02 -2.06873941e-04 4.08787083e+00 -1.82563782e-04
1.14969200e+04 5.32740160e-02 -1.41355068e-04 4.08807639e+00 -1.24744166e-04
1.14974200e+04 5.37312510e-02 -7.39143767e-05 4.08828196e+00 -6.52285620e-05
1.14979200e+04 5.41958220e-02 -4.50600146e-06 4.08848752e+00 -3.97649316e-06
1.14984200e+04 5.46679040e-02 6.69169968e-05 4.08869309e+00 5.90534641e-05
1.14989200e+04 5.51476800e-02 1.40403703e-04 4.08889865e+00 1.23904627e-04
1.14994200e+04 5.56353380e-02 2.16004543e-04 4.08910422e+00 1.90621496e-04
1.14999200e+04 5.61310710e-02 2.93771284e-04 4.08930978e+00 2.59249755e-04
1.15004200e+04 5.66350800e-02 3.73757839e-04 4.08951534e+00 3.29836982e-04
1.15009200e+04 5.71475720e-02 4.56019729e-04 4.08972091e+00 4.02432175e-04
1.15014200e+04 5.76687600e-02 5.40614087e-04 4.08992647e+00 4.77085752e-04
1.15019200e+04 5.81988670e-02 6.27600726e-04 4.09013204e+00 5.53850499e-04
1.15024200e+04 5.87381210e-02 7.17040801e-04 4.09033760e+00 6.32780384e-04
1.15029200e+04 5.92867580e-02 8.08997612e-04 4.09054317e+00 7.13931270e-04
1.15034200e+04 5.98450240e-02 9.03537143e-04 4.09074873e+00 7.97361386e-04
1.15039200e+04 6.04131710e-02 1.00072699e-03 4.09095430e+00 8.83130383e-04
1.15044200e+04 6.09914610e-02 1.10063741e-03 4.09115986e+00 9.71300276e-04
1.15049200e+04 6.15801670e-02 1.20334165e-03 4.09136543e+00 1.06193569e-03
1.15054200e+04 6.21795700e-02 1.30891508e-03 4.09157099e+00 1.15510313e-03
1.15059200e+04 6.27899610e-02 1.41743573e-03 4.09177655e+00 1.25087149e-03
1.15064200e+04 6.34116430e-02 1.52898489e-03 4.09198212e+00 1.34931248e-03
1.15069200e+04 6.40449280e-02 1.64364625e-03 4.09218768e+00 1.45049995e-03
1.15074200e+04 6.46901410e-02 1.76150696e-03 4.09239325e+00 1.55451085e-03
1.15079200e+04 6.53476200e-02 1.88265771e-03 4.09259881e+00 1.66142516e-03
1.15084200e+04 6.60177150e-02 2.00719235e-03 4.09280438e+00 1.77132575e-03
1.15089200e+04 6.67007880e-02 2.13520799e-03 4.09300994e+00 1.88429829e-03
1.15094200e+04 6.73972170e-02 2.26680602e-03 4.09321551e+00 2.00043226e-03
1.15099200e+04 6.81073940e-02 2.40209158e-03 4.09342107e+00 2.11982046e-03
1.15104200e+04 6.88317270e-02 2.54117410e-03 4.09362664e+00 2.24255945e-03
1.15109200e+04 6.95706380e-02 2.68416678e-03 4.09383220e+00 2.36874912e-03
1.15114200e+04 7.03245680e-02 2.83118790e-03 4.09403776e+00 2.49849387e-03
1.15119200e+04 7.10939760e-02 2.98236057e-03 4.09424333e+00 2.63190234e-03
1.15124200e+04 7.18793380e-02 3.13781248e-03 4.09444889e+00 2.76908720e-03
1.15129200e+04 7.26811510e-02 3.29767692e-03 4.09465446e+00 2.91016609e-03
1.15134200e+04 7.34999330e-02 3.46209284e-03 4.09486002e+00 3.05526163e-03
1.15139200e+04 7.43362240e-02 3.63120507e-03 4.09506559e+00 3.20450164e-03
1.15144200e+04 7.51905840e-02 3.80516383e-03 4.09527115e+00 3.35801868e-03
1.15149200e+04 7.60636010e-02 3.98412683e-03 4.09547672e+00 3.51595192e-03
1.15154200e+04 7.69558870e-02 4.16825821e-03 4.09568228e+00 3.67844623e-03
1.15159200e+04 7.78680790e-02 4.35772884e-03 4.09588785e+00 3.84565239e-03
1.15164200e+04 7.88008470e-02 4.55271843e-03 4.09609341e+00 4.01772900e-03
1.15169200e+04 7.97548860e-02 4.75341339e-03 4.09629897e+00 4.19484056e-03
1.15174200e+04 8.07309260e-02 4.96000952e-03 4.09650454e+00 4.37715987e-03
1.15179200e+04 8.17297280e-02 5.17271095e-03 4.09671010e+00 4.56486707e-03
1.15184200e+04 8.27520910e-02 5.39173198e-03 4.09691567e+00 4.75815127e-03
1.15189200e+04 8.37988500e-02 5.61729657e-03 4.09712123e+00 4.95721014e-03
1.15194200e+04 8.48708790e-02 5.84963917e-03 4.09732680e+00 5.16225054e-03
1.15199200e+04 8.59690950e-02 6.08900572e-03 4.09753236e+00 5.37348954e-03
1.15204200e+04 8.70944590e-02 6.33565399e-03 4.09773793e+00 5.59115461e-03
1.15209200e+04 8.82479810e-02 6.58985488e-03 4.09794349e+00 5.81548483e-03
1.15214200e+04 8.94307180e-02 6.85189191e-03 4.09814906e+00 6.04673039e-03
1.15219200e+04 9.06437840e-02 7.12206387e-03 4.09835462e+00 6.28515498e-03
1.15224200e+04 9.18883470e-02 7.40068405e-03 4.09856018e+00 6.53103508e-03
1.15229200e+04 9.31656370e-02 7.68808237e-03 4.09876575e+00 6.78466183e-03
1.15234200e+04 9.44769470e-02 7.98460564e-03 4.09897131e+00 7.04634129e-03
1.15239200e+04 9.58236390e-02 8.29061917e-03 4.09917688e+00 7.31639585e-03
1.15244200e+04 9.72071490e-02 8.60650814e-03 4.09938244e+00 7.59516543e-03
1.15249200e+04 9.86289890e-02 8.93267809e-03 4.09958801e+00 7.88300792e-03
1.15254200e+04 1.00090760e-01 9.26955846e-03 4.09979357e+00 8.18030229e-03
1.15259200e+04 1.01594140e-01 9.61759932e-03 4.09999914e+00 8.48744572e-03
1.15264200e+04 1.03140910e-01 9.97727838e-03 4.10020470e+00 8.80485980e-03
1.15269200e+04 1.04732970e-01 1.03491053e-02 4.10041027e+00 9.13299426e-03
1.15274200e+04 1.06372290e-01 1.07336084e-02 4.10061583e+00 9.47231541e-03
1.15279200e+04 1.08061000e-01 1.11313590e-02 4.10082139e+00 9.82332743e-03
1.15284200e+04 1.09801320e-01 1.15429526e-02 4.10102696e+00 1.01865558e-02
1.15289200e+04 1.11595630e-01 1.19690276e-02 4.10123252e+00 1.05625639e-02
1.15294200e+04 1.13446440e-01 1.24102572e-02 4.10143809e+00 1.09519459e-02
1.15299200e+04 1.15356440e-01 1.28673629e-02 4.10164365e+00 1.13553384e-02
1.15304200e+04 1.17328470e-01 1.33411065e-02 4.10184922e+00 1.17734138e-02
1.15309200e+04 1.19365560e-01 1.38323006e-02 4.10205478e+00 1.22068892e-02
1.15314200e+04 1.21470930e-01 1.43418091e-02 4.10226035e+00 1.26565269e-02
1.15319200e+04 1.23648020e-01 1.48705545e-02 4.10246591e+00 1.31231410e-02
1.15324200e+04 1.25900510e-01 1.54195239e-02 4.10267148e+00 1.36076028e-02
1.15329200e+04 1.28232330e-01 1.59897714e-02 4.10287704e+00 1.41108423e-02
1.15334200e+04 1.30647660e-01 1.65824182e-02 4.10308260e+00 1.46338492e-02
1.15339200e+04 1.33151020e-01 1.71986768e-02 4.10328817e+00 1.51776932e-02
1.15344200e+04 1.35747220e-01 1.78398371e-02 4.10349373e+00 1.57435129e-02
1.15349200e+04 1.38441430e-01 1.85072860e-02 4.10369930e+00 1.63325321e-02
1.15354200e+04 1.41239220e-01 1.92025174e-02 4.10390486e+00 1.69460693e-02
1.15359200e+04 1.44146560e-01 1.99271326e-02 4.10411043e+00 1.75855375e-02
1.15364200e+04 1.47169920e-01 2.06828671e-02 4.10431599e+00 1.82524683e-02
1.15369200e+04 1.50316230e-01 2.14715796e-02 4.10452156e+00 1.89485021e-02
1.15374200e+04 1.53593020e-01 2.22952899e-02 4.10472712e+00 1.96754211e-02
1.15379200e+04 1.57008410e-01 2.31561758e-02 4.10493269e+00 2.04351475e-02
1.15384200e+04 1.60571200e-01 2.40565979e-02 4.10513825e+00 2.12297643e-02
1.15389200e+04 1.64290960e-01 2.49991229e-02 4.10534381e+00 2.20615367e-02
1.15394200e+04 1.68178060e-01 2.59865323e-02 4.10554938e+00 2.29329194e-02
1.15399200e+04 1.72243800e-01 2.70218571e-02 4.10575494e+00 2.38465871e-02
1.15404200e+04 1.76500510e-01 2.81084044e-02 4.10596051e+00 2.48054585e-02
1.15409200e+04 1.80961640e-01 2.92497819e-02 4.10616607e+00 2.58127171e-02
1.15414200e+04 1.85641940e-01 3.04499459e-02 4.10637164e+00 2.68718545e-02
1.15419200e+04 1.90557550e-01 3.17132253e-02 4.10657720e+00 2.79866911e-02
1.15424200e+04 1.95726220e-01 3.30443814e-02 4.10678277e+00 2.91614283e-02
1.15429200e+04 2.01167470e-01 3.44486496e-02 4.10698833e+00 3.04006867e-02
1.15434200e+04 2.06902870e-01 3.59318156e-02 4.10719390e+00 3.17095719e-02
1.15439200e+04 2.12956230e-01 3.75002659e-02 4.10739946e+00 3.30937200e-02
1.15444200e+04 2.19353980e-01 3.91610894e-02 4.10760502e+00 3.45593871e-02
1.15449200e+04 2.26125450e-01 4.09221533e-02 4.10781059e+00 3.61135157e-02
1.15454200e+04 2.33303340e-01 4.27922283e-02 4.10801615e+00 3.77638462e-02
1.15459200e+04 2.40924150e-01 4.47811047e-02 4.10822172e+00 3.95190182e-02
1.15464200e+04 2.49028770e-01 4.68997501e-02 4.10842728e+00 4.13887106e-02
1.15469200e+04 2.57663140e-01 4.91604866e-02 4.10863285e+00 4.33837978e-02
1.15474200e+04 2.66879020e-01 5.15771975e-02 4.10883841e+00 4.55165315e-02
1.15479200e+04 2.76734940e-01 5.41655819e-02 4.10904398e+00 4.78007661e-02
1.15484200e+04 2.87297270e-01 5.69434417e-02 4.10924954e+00 5.02522119e-02
1.15489200e+04 2.98641580e-01 5.99310465e-02 4.10945511e+00 5.28887565e-02
1.15494200e+04 3.10854230e-01 6.31515601e-02 4.10966067e+00 5.57308419e-02
1.15499200e+04 3.24034310e-01 6.66315606e-02 4.10986623e+00 5.88019233e-02
1.15504200e+04 3.38295970e-01 7.04016659e-02 4.11007180e+00 6.21290205e-02
1.15509200e+04 3.53771320e-01 7.44973107e-02 4.11027736e+00 6.57434048e-02
1.15514200e+04 3.70613970e-01 7.89596969e-02 4.11048293e+00 6.96814363e-02
1.15519200e+04 3.89003400e-01 8.38369650e-02 4.11068849e+00 7.39855992e-02
1.15524200e+04 4.09150440e-01 8.91856646e-02 4.11089406e+00 7.87057978e-02
1.15529200e+04 4.31304090e-01 9.50725833e-02 4.11109962e+00 8.39009720e-02
1.15534200e+04 4.55760230e-01 1.01577083e-01 4.11130519e+00 8.96411581e-02
1.15539200e+04 4.82872520e-01 1.08794023e-01 4.11151075e+00 9.60100694e-02
1.15544200e+04 5.12815420e-01 1.16770197e-01 4.11171632e+00 1.03049002e-01
1.15545200e+04 5.19259430e-01 1.18487589e-01 4.11175743e+00 1.04564591e-01
1.15546200e+04 5.25851260e-01 1.20244630e-01 4.11179854e+00 1.06115170e-01
1.15547200e+04 5.32595700e-01 1.22042604e-01 4.11183965e+00 1.07701872e-01
1.15548200e+04 5.39497750e-01 1.23882852e-01 4.11188077e+00 1.09325882e-01
1.15549200e+04 5.46562580e-01 1.25766762e-01 4.11192188e+00 1.10988423e-01
1.15550200e+04 5.53795630e-01 1.27695793e-01 4.11196299e+00 1.12690782e-01
1.15551200e+04 5.61202520e-01 1.29671451e-01 4.11200411e+00 1.14434290e-01
1.15552200e+04 5.68789150e-01 1.31695320e-01 4.11204522e+00 1.16220344e-01
1.15553200e+04 5.76561630e-01 1.33769038e-01 4.11208633e+00 1.18050389e-01
1.15554200e+04 5.84526360e-01 1.35894322e-01 4.11212744e+00 1.19925941e-01
1.15555200e+04 5.92690030e-01 1.38072966e-01 4.11216856e+00 1.21848583e-01
1.15556200e+04 6.01059580e-01 1.40306832e-01 4.11220967e+00 1.23819958e-01
1.15557200e+04 6.09642300e-01 1.42597875e-01 4.11225078e+00 1.25841792e-01
1.15558200e+04 6.18445780e-01 1.44948131e-01 4.11229190e+00 1.27915880e-01
1.15559200e+04 6.27477940e-01 1.47359724e-01 4.11233301e+00 1.30044099e-01
1.15560200e+04 6.36747100e-01 1.49834886e-01 4.11237412e+00 1.32228416e-01
1.15561200e+04 6.46261910e-01 1.52375937e-01 4.11241523e+00 1.34470881e-01
1.15562200e+04 6.56031440e-01 1.54985310e-01 4.11245635e+00 1.36773639e-01
1.15563200e+04 6.66065170e-01 1.57665547e-01 4.11249746e+00 1.39138934e-01
1.15564200e+04 6.76373040e-01 1.60419315e-01 4.11253857e+00 1.41569120e-01
1.15565200e+04 6.86965430e-01 1.63249398e-01 4.11257969e+00 1.44066653e-01
1.15566200e+04 6.97853210e-01 1.66158711e-01 4.11262080e+00 1.46634107e-01
1.15567200e+04 7.09047800e-01 1.69150318e-01 4.11266191e+00 1.49274185e-01
1.15568200e+04 7.20561120e-01 1.72227415e-01 4.11270303e+00 1.51989707e-01
1.15569200e+04 7.32405700e-01 1.75393364e-01 4.11274414e+00 1.54783641e-01
1.15570200e+04 7.44594660e-01 1.78651683e-01 4.11278525e+00 1.57659091e-01
1.15571200e+04 7.57141770e-01 1.82006067e-01 4.11282636e+00 1.60619317e-01
1.15572200e+04 7.70061470e-01 1.85460388e-01 4.11286748e+00 1.63667738e-01
1.15573200e+04 7.83368920e-01 1.89018712e-01 4.11290859e+00 1.66807941e-01
1.15574200e+04 7.97080030e-01 1.92685308e-01 4.11294970e+00 1.70043692e-01
1.15575200e+04 8.11211520e-01 1.96464658e-01 4.11299082e+00 1.73378950e-01
1.15576200e+04 8.25780940e-01 2.00361472e-01 4.11303193e+00 1.76817868e-01
1.15577200e+04 8.40806740e-01 2.04380698e-01 4.11307304e+00 1.80364814e-01
1.15578200e+04 8.56308310e-01 2.08527535e-01 4.11311415e+00 1.84024377e-01
1.15579200e+04 8.72306030e-01 2.12807452e-01 4.11315527e+00 1.87801382e-01
1.15580200e+04 8.88821320e-01 2.17226193e-01 4.11319638e+00 1.91700898e-01
1.15581200e+04 9.05876750e-01 2.21789812e-01 4.11323749e+00 1.95728268e-01
1.15582200e+04 9.23496030e-01 2.26504668e-01 4.11327861e+00 1.99889105e-01
1.15583200e+04 9.41704110e-01 2.31377454e-01 4.11331972e+00 2.04189314e-01
1.15584200e+04 9.60527260e-01 2.36415217e-01 4.11336083e+00 2.08635113e-01
1.15585200e+04 9.79993140e-01 2.41625374e-01 4.11340194e+00 2.13233051e-01
1.15586200e+04 1.00013080e+00 2.47015717e-01 4.11344306e+00 2.17990002e-01
1.15587200e+04 1.02097100e+00 2.52594499e-01 4.11348417e+00 2.22913248e-01
1.15588200e+04 1.04254590e+00 2.58370343e-01 4.11352528e+00 2.28010401e-01
1.15589200e+04 1.06488960e+00 2.64352398e-01 4.11356640e+00 2.33289534e-01
1.15590200e+04 1.08803770e+00 2.70550211e-01 4.11360751e+00 2.38759073e-01
1.15591200e+04 1.11202790e+00 2.76973895e-01 4.11364862e+00 2.44427942e-01
1.15592200e+04 1.13690000e+00 2.83634125e-01 4.11368973e+00 2.50305561e-01
1.15593200e+04 1.16269550e+00 2.90542032e-01 4.11373085e+00 2.56401754e-01
1.15594200e+04 1.18945850e+00 2.97709444e-01 4.11377196e+00 2.62726959e-01
1.15595200e+04 1.21723500e+00 3.05148701e-01 4.11381307e+00 2.69292066e-01
1.15596200e+04 1.24607360e+00 3.12872837e-01 4.11385419e+00 2.76108577e-01
1.15597200e+04 1.27602530e+00 3.20895532e-01 4.11389530e+00 2.83188565e-01
1.15598200e+04 1.30714370e+00 3.29231164e-01 4.11393641e+00 2.90544718e-01
1.15599200e+04 1.33948500e+00 3.37894805e-01 4.11397753e+00 2.98190338e-01
1.15600200e+04 1.37310810e+00 3.46902254e-01 4.11401864e+00 3.06139366e-01
1.15601200e+04 1.40807460e+00 3.56270034e-01 4.11405975e+00 3.14406386e-01
1.15602200e+04 1.44444910e+00 3.66015472e-01 4.11410086e+00 3.23006686e-01
1.15603200e+04 1.48229900e+00 3.76156647e-01 4.11414198e+00 3.31956222e-01
1.15604200e+04 1.52169430e+00 3.86712333e-01 4.11418309e+00 3.41271562e-01
1.15605200e+04 1.56270810e+00 3.97702138e-01 4.11422420e+00 3.50970010e-01
1.15606200e+04 1.60541610e+00 4.09146367e-01 4.11426532e+00 3.61069485e-01
1.15607200e+04 1.64989660e+00 4.21066021e-01 4.11430643e+00 3.71588520e-01
1.15608200e+04 1.69623030e+00 4.33482745e-01 4.11434754e+00 3.82546218e-01
1.15609200e+04 1.74450020e+00 4.46418804e-01 4.11438865e+00 3.93962226e-01
1.15610200e+04 1.79479090e+00 4.59896887e-01 4.11442977e+00 4.05856567e-01
1.15611200e+04 1.84718850e+00 4.73940089e-01 4.11447088e+00 4.18249624e-01
1.15612200e+04 1.90177970e+00 4.88571666e-01 4.11451199e+00 4.31161918e-01
1.15613200e+04 1.95865160e+00 5.03814978e-01 4.11455311e+00 4.44614066e-01
1.15614200e+04 2.01789010e+00 5.19693068e-01 4.11459422e+00 4.58626402e-01
1.15615200e+04 2.07957950e+00 5.36228545e-01 4.11463533e+00 4.73218879e-01
1.15616200e+04 2.14380090e+00 5.53443162e-01 4.11467644e+00 4.88410694e-01
1.15617200e+04 2.21063080e+00 5.71357440e-01 4.11471756e+00 5.04219956e-01
1.15618200e+04 2.28013930e+00 5.89990179e-01 4.11475867e+00 5.20663258e-01
1.15619200e+04 2.35238780e+00 6.09357850e-01 4.11479978e+00 5.37755132e-01
1.15620200e+04 2.42742730e+00 6.29474131e-01 4.11484090e+00 5.55507652e-01
1.15621200e+04 2.50529490e+00 6.50348974e-01 4.11488201e+00 5.73929599e-01
1.15622200e+04 2.58601140e+00 6.71987957e-01 4.11492312e+00 5.93025897e-01
1.15623200e+04 2.66957790e+00 6.94391376e-01 4.11496423e+00 6.12796805e-01
1.15624200e+04 2.75597180e+00 7.17553168e-01 4.11500535e+00 6.33236975e-01
1.15625200e+04 2.84514350e+00 7.41460031e-01 4.11504646e+00 6.54334666e-01
1.15626200e+04 2.93701200e+00 7.66090237e-01 4.11508757e+00 6.76070704e-01
1.15627200e+04 3.03146070e+00 7.91412513e-01 4.11512869e+00 6.98417490e-01
1.15628200e+04 3.12833400e+00 8.17385122e-01 4.11516980e+00 7.21338193e-01
1.15629200e+04 3.22743270e+00 8.43954634e-01 4.11521091e+00 7.44785661e-01
1.15630200e+04 3.32851110e+00 8.71055147e-01 4.11525203e+00 7.68701735e-01
1.15631200e+04 3.43127430e+00 8.98607563e-01 4.11529314e+00 7.93016610e-01
1.15632200e+04 3.53537670e+00 9.26519183e-01 4.11533425e+00 8.17648483e-01
1.15633200e+04 3.64042090e+00 9.54683415e-01 4.11537536e+00 8.42503285e-01
1.15634200e+04 3.74595970e+00 9.82980311e-01 4.11541648e+00 8.67475162e-01
1.15635200e+04 3.85149830e+00 1.01127715e+00 4.11545759e+00 8.92446993e-01
1.15636200e+04 3.95649950e+00 1.03942985e+00 4.11549870e+00 9.17291618e-01
1.15637200e+04 4.06039070e+00 1.06728482e+00 4.11553982e+00 9.41873501e-01
1.15638200e+04 4.16257270e+00 1.09468135e+00 4.11558093e+00 9.66050808e-01
1.15639200e+04 4.26243080e+00 1.12145455e+00 4.11562204e+00 9.89678035e-01
1.15640200e+04 4.35934700e+00 1.14743866e+00 4.11566315e+00 1.01260890e+00
1.15641200e+04 4.45271250e+00 1.17247040e+00 4.11570427e+00 1.03469929e+00
1.15642200e+04 4.54194240e+00 1.19639287e+00 4.11574538e+00 1.05581077e+00
1.15643200e+04 4.62648370e+00 1.21905776e+00 4.11578649e+00 1.07581243e+00
1.15644200e+04 4.70582290e+00 1.24032732e+00 4.11582761e+00 1.09458272e+00
1.15645200e+04 4.77950820e+00 1.26008037e+00 4.11586872e+00 1.11201471e+00
1.15646200e+04 4.84717370e+00 1.27821877e+00 4.11590983e+00 1.12802177e+00
1.15647200e+04 4.90854580e+00 1.29466914e+00 4.11595094e+00 1.14253916e+00
1.15648200e+04 4.96343900e+00 1.30938172e+00 4.11599206e+00 1.15552295e+00
1.15649200e+04 5.01175670e+00 1.32233060e+00 4.11603317e+00 1.16695029e+00
1.15650200e+04 5.05348910e+00 1.33351315e+00 4.11607428e+00 1.17681884e+00
1.15651200e+04 5.08870790e+00 1.34294861e+00 4.11611540e+00 1.18514560e+00
1.15652200e+04 5.11755890e+00 1.35067607e+00 4.11615651e+00 1.19196506e+00
1.15653200e+04 5.14025280e+00 1.35675205e+00 4.11619762e+00 1.19732710e+00
1.15654200e+04 5.15705460e+00 1.36124764e+00 4.11623874e+00 1.20129445e+00
1.15655200e+04 5.16827340e+00 1.36424574e+00 4.11627985e+00 1.20394028e+00
1.15656200e+04 5.17425090e+00 1.36583801e+00 4.11632096e+00 1.20534546e+00
1.15657200e+04 5.17535160e+00 1.36612220e+00 4.11636207e+00 1.20559627e+00
1.15658200e+04 5.17195310e+00 1.36519960e+00 4.11640319e+00 1.20478210e+00
1.15659200e+04 5.16443800e+00 1.36317284e+00 4.11644430e+00 1.20299350e+00
1.15660200e+04 5.15318670e+00 1.36014394e+00 4.11648541e+00 1.20032053e+00
1.15661200e+04 5.13857180e+00 1.35621285e+00 4.11652653e+00 1.19685137e+00
1.15662200e+04 5.12095340e+00 1.35147615e+00 4.11656764e+00 1.19267127e+00
1.15663200e+04 5.10067580e+00 1.34602619e+00 4.11660875e+00 1.18786172e+00
1.15664200e+04 5.07806520e+00 1.33995047e+00 4.11664986e+00 1.18249994e+00
1.15665200e+04 5.05342810e+00 1.33333119e+00 4.11669098e+00 1.17665847e+00
1.15666200e+04 5.02705080e+00 1.32624515e+00 4.11673209e+00 1.17040509e+00
1.15667200e+04 4.99919890e+00 1.31876359e+00 4.11677320e+00 1.16380266e+00
1.15668200e+04 4.97011810e+00 1.31095241e+00 4.11681432e+00 1.15690934e+00
1.15669200e+04 4.94003430e+00 1.30287220e+00 4.11685543e+00 1.14977861e+00
1.15670200e+04 4.90915450e+00 1.29457849e+00 4.11689654e+00 1.14245946e+00
1.15671200e+04 4.87766820e+00 1.28612210e+00 4.11693765e+00 1.13499675e+00
1.15672200e+04 4.84574790e+00 1.27754930e+00 4.11697877e+00 1.12743131e+00
1.15673200e+04 4.81355060e+00 1.26890220e+00 4.11701988e+00 1.11980030e+00
1.15674200e+04 4.78121860e+00 1.26021898e+00 4.11706099e+00 1.11213740e+00
1.15675200e+04 4.74888040e+00 1.25153409e+00 4.11710211e+00 1.10447304e+00
1.15676200e+04 4.71665220e+00 1.24287870e+00 4.11714322e+00 1.09683472e+00
1.15677200e+04 4.68463820e+00 1.23428077e+00 4.11718433e+00 1.08924709e+00
1.15678200e+04 4.65293180e+00 1.22576534e+00 4.11722544e+00 1.08173228e+00
1.15679200e+04 4.62161630e+00 1.21735476e+00 4.11726656e+00 1.07431000e+00
1.15680200e+04 4.59076550e+00 1.20906883e+00 4.11730767e+00 1.06699771e+00
1.15681200e+04 4.56044460e+00 1.20092503e+00 4.11734878e+00 1.05981085e+00
1.15682200e+04 4.53071070e+00 1.19293867e+00 4.11738990e+00 1.05276294e+00
1.15683200e+04 4.50161310e+00 1.18512298e+00 4.11743101e+00 1.04586565e+00
1.15684200e+04 4.47319430e+00 1.17748937e+00 4.11747212e+00 1.03912903e+00
1.15685200e+04 4.44549020e+00 1.17004745e+00 4.11751324e+00 1.03256158e+00
1.15686200e+04 4.41853050e+00 1.16280520e+00 4.11755435e+00 1.02617034e+00
1.15687200e+04 4.39233940e+00 1.15576910e+00 4.11759546e+00 1.01996103e+00
1.15688200e+04 4.36693580e+00 1.14894423e+00 4.11763657e+00 1.01393812e+00
1.15689200e+04 4.34233350e+00 1.14233429e+00 4.11767769e+00 1.00810489e+00
1.15690200e+04 4.31854210e+00 1.13594185e+00 4.11771880e+00 1.00246360e+00
1.15691200e+04 4.29556680e+00 1.12976830e+00 4.11775991e+00 9.97015487e-01
1.15692200e+04 4.27340890e+00 1.12381400e+00 4.11780103e+00 9.91760857e-01
1.15693200e+04 4.25206620e+00 1.11807836e+00 4.11784214e+00 9.86699188e-01
1.15694200e+04 4.23153330e+00 1.11255992e+00 4.11788325e+00 9.81829204e-01
1.15695200e+04 4.21180160e+00 1.10725639e+00 4.11792436e+00 9.77148868e-01
1.15696200e+04 4.19285990e+00 1.10216475e+00 4.11796548e+00 9.72655530e-01
1.15697200e+04 4.17469440e+00 1.09728130e+00 4.11800659e+00 9.68345922e-01
1.15698200e+04 4.15728920e+00 1.09260179e+00 4.11804770e+00 9.64216282e-01
1.15699200e+04 4.14062630e+00 1.08812137e+00 4.11808882e+00 9.60262348e-01
1.15700200e+04 4.12468590e+00 1.08383475e+00 4.11812993e+00 9.56479434e-01
1.15701200e+04 4.10944680e+00 1.07973623e+00 4.11817104e+00 9.52862521e-01
1.15702200e+04 4.09488650e+00 1.07581979e+00 4.11821215e+00 9.49406284e-01
1.15703200e+04 4.08098130e+00 1.07207905e+00 4.11825327e+00 9.46105113e-01
1.15704200e+04 4.06770690e+00 1.06850751e+00 4.11829438e+00 9.42953256e-01
1.15705200e+04 4.05503820e+00 1.06509844e+00 4.11833549e+00 9.39944771e-01
1.15706200e+04 4.04295000e+00 1.06184506e+00 4.11837661e+00 9.37073694e-01
1.15707200e+04 4.03141700e+00 1.05874061e+00 4.11841772e+00 9.34334036e-01
1.15708200e+04 4.02041390e+00 1.05577828e+00 4.11845883e+00 9.31719808e-01
1.15709200e+04 4.00991590e+00 1.05295144e+00 4.11849995e+00 9.29225140e-01
1.15710200e+04 3.99989880e+00 1.05025358e+00 4.11854106e+00 9.26844303e-01
1.15711200e+04 3.99033940e+00 1.04767849e+00 4.11858217e+00 9.24571807e-01
1.15712200e+04 3.98121540e+00 1.04522018e+00 4.11862328e+00 9.22402372e-01
1.15713200e+04 3.97250590e+00 1.04287305e+00 4.11866440e+00 9.20331052e-01
1.15714200e+04 3.96419150e+00 1.04063190e+00 4.11870551e+00 9.18353254e-01
1.15715200e+04 3.95625430e+00 1.03849192e+00 4.11874662e+00 9.16464742e-01
1.15716200e+04 3.94867810e+00 1.03644877e+00 4.11878774e+00 9.14661680e-01
1.15717200e+04 3.94144890e+00 1.03449869e+00 4.11882885e+00 9.12940755e-01
1.15718200e+04 3.93455440e+00 1.03263839e+00 4.11886996e+00 9.11299056e-01
1.15719200e+04 3.92798410e+00 1.03086504e+00 4.11891107e+00 9.09734096e-01
1.15720200e+04 3.92172980e+00 1.02917645e+00 4.11895219e+00 9.08243936e-01
1.15721200e+04 3.91578500e+00 1.02757088e+00 4.11899330e+00 9.06827035e-01
1.15722200e+04 3.91014530e+00 1.02604714e+00 4.11903441e+00 9.05482354e-01
1.15723200e+04 3.90480790e+00 1.02460449e+00 4.11907553e+00 9.04209229e-01
1.15724200e+04 3.89977160e+00 1.02324260e+00 4.11911664e+00 9.03007376e-01
1.15725200e+04 3.89503680e+00 1.02196158e+00 4.11915775e+00 9.01876889e-01
1.15726200e+04 3.89060520e+00 1.02076188e+00 4.11919886e+00 9.00818172e-01
1.15727200e+04 3.88647940e+00 1.01964420e+00 4.11923998e+00 8.99831839e-01
1.15728200e+04 3.88266300e+00 1.01860952e+00 4.11928109e+00 8.98918743e-01
1.15729200e+04 3.87916020e+00 1.01765895e+00 4.11932220e+00 8.98079878e-01
1.15730200e+04 3.87597550e+00 1.01679370e+00 4.11936332e+00 8.97316309e-01
1.15731200e+04 3.87311360e+00 1.01601503e+00 4.11940443e+00 8.96629148e-01
1.15732200e+04 3.87057910e+00 1.01532418e+00 4.11944554e+00 8.96019485e-01
1.15733200e+04 3.86837620e+00 1.01472227e+00 4.11948665e+00 8.95488314e-01
1.15734200e+04 3.86650860e+00 1.01421030e+00 4.11952777e+00 8.95036510e-01
1.15735200e+04 3.86497910e+00 1.01378901e+00 4.11956888e+00 8.94664736e-01
1.15736200e+04 3.86378960e+00 1.01345892e+00 4.11960999e+00 8.94373442e-01
1.15737200e+04 3.86294110e+00 1.01322029e+00 4.11965111e+00 8.94162865e-01
1.15738200e+04 3.86243290e+00 1.01307294e+00 4.11969222e+00 8.94032839e-01
1.15739200e+04 3.86226330e+00 1.01301641e+00 4.11973333e+00 8.93982961e-01
1.15740200e+04 3.86242890e+00 1.01304979e+00 4.11977445e+00 8.94012427e-01
1.15741200e+04 3.86292490e+00 1.01317178e+00 4.11981556e+00 8.94120101e-01
1.15742200e+04 3.86374470e+00 1.01338063e+00 4.11985667e+00 8.94304420e-01
1.15743200e+04 3.86488030e+00 1.01367419e+00 4.11989778e+00 8.94563491e-01
1.15744200e+04 3.86632210e+00 1.01404987e+00 4.11993890e+00 8.94895041e-01
1.15745200e+04 3.86805880e+00 1.01450465e+00 4.11998001e+00 8.95296395e-01
1.15746200e+04 3.87007780e+00 1.01503516e+00 4.12002112e+00 8.95764572e-01
1.15747200e+04 3.87236500e+00 1.01563760e+00 4.12006224e+00 8.96296233e-01
1.15748200e+04 3.87490490e+00 1.01630782e+00 4.12010335e+00 8.96887710e-01
1.15749200e+04 3.87768080e+00 1.01704134e+00 4.12014446e+00 8.97535049e-01
1.15750200e+04 3.88067520e+00 1.01783346e+00 4.12018557e+00 8.98234108e-01
1.15751200e+04 3.88386940e+00 1.01867918e+00 4.12022669e+00 8.98980462e-01
1.15752200e+04 3.88724390e+00 1.01957326e+00 4.12026780e+00 8.99769493e-01
1.15753200e+04 3.89077890e+00 1.02051039e+00 4.12030891e+00 9.00596516e-01
1.15754200e+04 3.89445380e+00 1.02148504e+00 4.12035003e+00 9.01456653e-01
1.15755200e+04 3.89824790e+00 1.02249167e+00 4.12039114e+00 9.02345007e-01
1.15756200e+04 3.90214030e+00 1.02352466e+00 4.12043225e+00 9.03256628e-01
1.15757200e+04 3.90611020e+00 1.02457843e+00 4.12047336e+00 9.04186594e-01
1.15758200e+04 3.91013700e+00 1.02564748e+00 4.12051448e+00 9.05130029e-01
1.15759200e+04 3.91420030e+00 1.02672631e+00 4.12055559e+00 9.06082103e-01
1.15760200e+04 3.91828020e+00 1.02780959e+00 4.12059670e+00 9.07038107e-01
1.15761200e+04 3.92235740e+00 1.02889215e+00 4.12063782e+00 9.07993472e-01
1.15762200e+04 3.92641340e+00 1.02996902e+00 4.12067893e+00 9.08943818e-01
1.15763200e+04 3.93043000e+00 1.03103532e+00 4.12072004e+00 9.09884839e-01
1.15764200e+04 3.93439030e+00 1.03208653e+00 4.12076116e+00 9.10812532e-01
1.15765200e+04 3.93827800e+00 1.03311826e+00 4.12080227e+00 9.11723042e-01
1.15766200e+04 3.94207780e+00 1.03412641e+00 4.12084338e+00 9.12612744e-01
1.15767200e+04 3.94577510e+00 1.03510707e+00 4.12088449e+00 9.13478184e-01
1.15768200e+04 3.94935640e+00 1.03605662e+00 4.12092561e+00 9.14316167e-01
1.15769200e+04 3.95280920e+00 1.03697170e+00 4.12096672e+00 9.15123733e-01
1.15770200e+04 3.95612160e+00 1.03784912e+00 4.12100783e+00 9.15898065e-01
1.15771200e+04 3.95928280e+00 1.03868599e+00 4.12104895e+00 9.16636607e-01
1.15772200e+04 3.96228270e+00 1.03947959e+00 4.12109006e+00 9.17336969e-01
1.15773200e+04 3.96511200e+00 1.04022743e+00 4.12113117e+00 9.17996949e-01
1.15774200e+04 3.96776220e+00 1.04092724e+00 4.12117228e+00 9.18614535e-01
1.15775200e+04 3.97022550e+00 1.04157691e+00 4.12121340e+00 9.19187880e-01
1.15776200e+04 3.97249470e+00 1.04217452e+00 4.12125451e+00 9.19715281e-01
1.15777200e+04 3.97456340e+00 1.04271836e+00 4.12129562e+00 9.20195222e-01
1.15778200e+04 3.97642560e+00 1.04320680e+00 4.12133674e+00 9.20626284e-01
1.15779200e+04 3.97807600e+00 1.04363844e+00 4.12137785e+00 9.21007211e-01
1.15780200e+04 3.97950990e+00 1.04401200e+00 4.12141896e+00 9.21336891e-01
1.15781200e+04 3.98072310e+00 1.04432637e+00 4.12146007e+00 9.21614331e-01
1.15782200e+04 3.98171190e+00 1.04458055e+00 4.12150119e+00 9.21838654e-01
1.15783200e+04 3.98247330e+00 1.04477373e+00 4.12154230e+00 9.22009149e-01
1.15784200e+04 3.98300480e+00 1.04490526e+00 4.12158341e+00 9.22125227e-01
1.15785200e+04 3.98330450e+00 1.04497460e+00 4.12162453e+00 9.22186435e-01
1.15786200e+04 3.98337100e+00 1.04498140e+00 4.12166564e+00 9.22192444e-01
1.15787200e+04 3.98320380e+00 1.04492551e+00 4.12170675e+00 9.22143135e-01
1.15788200e+04 3.98280280e+00 1.04480691e+00 4.12174786e+00 9.22038484e-01
1.15789200e+04 3.98216880e+00 1.04462582e+00 4.12178898e+00 9.21878680e-01
1.15790200e+04 3.98130330e+00 1.04438263e+00 4.12183009e+00 9.21664079e-01
1.15791200e+04 3.98020830e+00 1.04407789e+00 4.12187120e+00 9.21395154e-01
1.15792200e+04 3.97888700e+00 1.04371245e+00 4.12191232e+00 9.21072663e-01
1.15793200e+04 3.97734320e+00 1.04328732e+00 4.12195343e+00 9.20697504e-01
1.15794200e+04 3.97558140e+00 1.04280373e+00 4.12199454e+00 9.20270743e-01
1.15795200e+04 3.97360710e+00 1.04226314e+00 4.12203566e+00 9.19793683e-01
1.15796200e+04 3.97142680e+00 1.04166729e+00 4.12207677e+00 9.19267861e-01
1.15797200e+04 3.96904740e+00 1.04101804e+00 4.12211788e+00 9.18694911e-01
1.15798200e+04 3.96647700e+00 1.04031756e+00 4.12215899e+00 9.18076750e-01
1.15799200e+04 3.96372440e+00 1.03956821e+00 4.12220011e+00 9.17415461e-01
1.15800200e+04 3.96079920e+00 1.03877256e+00 4.12224122e+00 9.16713317e-01
1.15801200e+04 3.95771170e+00 1.03793338e+00 4.12228233e+00 9.15972755e-01
1.15802200e+04 3.95447280e+00 1.03705360e+00 4.12232345e+00 9.15196356e-01
1.15803200e+04 3.95109440e+00 1.03613639e+00 4.12236456e+00 9.14386937e-01
1.15804200e+04 3.94758860e+00 1.03518501e+00 4.12240567e+00 9.13547361e-01
1.15805200e+04 3.94396840e+00 1.03420295e+00 4.12244678e+00 9.12680706e-01
1.15806200e+04 3.94024690e+00 1.03319372e+00 4.12248790e+00 9.11790073e-01
1.15807200e+04 3.93643790e+00 1.03216102e+00 4.12252901e+00 9.10878728e-01
1.15808200e+04 3.93255540e+00 1.03110860e+00 4.12257012e+00 9.09949985e-01
1.15809200e+04 3.92861370e+00 1.03004031e+00 4.12261124e+00 9.09007229e-01
1.15810200e+04 3.92462710e+00 1.02895997e+00 4.12265235e+00 9.08053844e-01
1.15811200e+04 3.92061020e+00 1.02787151e+00 4.12269346e+00 9.07093288e-01
1.15812200e+04 3.91657750e+00 1.02677880e+00 4.12273457e+00 9.06128992e-01
1.15813200e+04 3.91254350e+00 1.02568575e+00 4.12277569e+00 9.05164388e-01
1.15814200e+04 3.90852240e+00 1.02459616e+00 4.12281680e+00 9.04202837e-01
1.15815200e+04 3.90452830e+00 1.02351381e+00 4.12285791e+00 9.03247678e-01
1.15816200e+04 3.90057520e+00 1.02244246e+00 4.12289903e+00 9.02302223e-01
1.15817200e+04 3.89667630e+00 1.02138564e+00 4.12294014e+00 9.01369598e-01
1.15818200e+04 3.89284490e+00 1.02034693e+00 4.12298125e+00 9.00452950e-01
1.15819200e+04 3.88909360e+00 1.01932971e+00 4.12302237e+00 8.99555263e-01
1.15820200e+04 3.88543440e+00 1.01833719e+00 4.12306348e+00 8.98679376e-01
1.15821200e+04 3.88187910e+00 1.01737253e+00 4.12310459e+00 8.97828083e-01
1.15822200e+04 3.87843860e+00 1.01643867e+00 4.12314570e+00 8.97003964e-01
1.15823200e+04 3.87512350e+00 1.01553845e+00 4.12318682e+00 8.96209527e-01
1.15824200e+04 3.87194360e+00 1.01467448e+00 4.12322793e+00 8.95447094e-01
1.15825200e+04 3.86890820e+00 1.01384928e+00 4.12326904e+00 8.94718864e-01
1.15826200e+04 3.86602580e+00 1.01306511e+00 4.12331016e+00 8.94026850e-01
1.15827200e+04 3.86330430e+00 1.01232410e+00 4.12335127e+00 8.93372923e-01
1.15828200e+04 3.86075110e+00 1.01162824e+00 4.12339238e+00 8.92758832e-01
1.15829200e+04 3.85837290e+00 1.01097931e+00 4.12343349e+00 8.92186166e-01
1.15830200e+04 3.85617570e+00 1.01037893e+00 4.12347461e+00 8.91656343e-01
1.15831200e+04 3.85416470e+00 1.00982849e+00 4.12351572e+00 8.91170595e-01
1.15832200e+04 3.85234490e+00 1.00932934e+00 4.12355683e+00 8.90730105e-01
1.15833200e+04 3.85072040e+00 1.00888257e+00 4.12359795e+00 8.90335843e-01
1.15834200e+04 3.84929460e+00 1.00848910e+00 4.12363906e+00 8.89988616e-01
1.15835200e+04 3.84807060e+00 1.00814975e+00 4.12368017e+00 8.89689155e-01
1.15836200e+04 3.84705090e+00 1.00786521e+00 4.12372128e+00 8.89438053e-01
1.15837200e+04 3.84623720e+00 1.00763591e+00 4.12376240e+00 8.89235713e-01
1.15838200e+04 3.84563110e+00 1.00746230e+00 4.12380351e+00 8.89082513e-01
1.15839200e+04 3.84523350e+00 1.00734462e+00 4.12384462e+00 8.88978667e-01
1.15840200e+04 3.84504470e+00 1.00728294e+00 4.12388574e+00 8.88924244e-01
1.15841200e+04 3.84506490e+00 1.00727732e+00 4.12392685e+00 8.88919293e-01
1.15842200e+04 3.84529380e+00 1.00732767e+00 4.12396796e+00 8.88963743e-01
1.15843200e+04 3.84573060e+00 1.00743379e+00 4.12400907e+00 8.89057403e-01
1.15844200e+04 3.84637420e+00 1.00759538e+00 4.12405019e+00 8.89200015e-01
1.15845200e+04 3.84722350e+00 1.00781214e+00 4.12409130e+00 8.89391317e-01
1.15846200e+04 3.84827670e+00 1.00808359e+00 4.12413241e+00 8.89630883e-01
1.15847200e+04 3.84953210e+00 1.00840928e+00 4.12417353e+00 8.89918312e-01
1.15848200e+04 3.85098760e+00 1.00878864e+00 4.12421464e+00 8.90253105e-01
1.15849200e+04 3.85264090e+00 1.00922105e+00 4.12425575e+00 8.90634719e-01
1.15850200e+04 3.85448980e+00 1.00970593e+00 4.12429687e+00 8.91062632e-01
1.15851200e+04 3.85653170e+00 1.01024258e+00 4.12433798e+00 8.91536230e-01
1.15852200e+04 3.85876410e+00 1.01083032e+00 4.12437909e+00 8.92054920e-01
1.15853200e+04 3.86118430e+00 1.01146843e+00 4.12442020e+00 8.92618063e-01
1.15854200e+04 3.86378950e+00 1.01215616e+00 4.12446132e+00 8.93224998e-01
1.15855200e+04 3.86657710e+00 1.01289282e+00 4.12450243e+00 8.93875107e-01
1.15856200e+04 3.86954430e+00 1.01367765e+00 4.12454354e+00 8.94567729e-01
1.15857200e+04 3.87268840e+00 1.01450993e+00 4.12458466e+00 8.95302224e-01
1.15858200e+04 3.87600680e+00 1.01538896e+00 4.12462577e+00 8.96077977e-01
1.15859200e+04 3.87949670e+00 1.01631400e+00 4.12466688e+00 8.96894325e-01
1.15860200e+04 3.88315560e+00 1.01728436e+00 4.12470799e+00 8.97750677e-01
1.15861200e+04 3.88698120e+00 1.01829943e+00 4.12474911e+00 8.98646487e-01
1.15862200e+04 3.89097090e+00 1.01935852e+00 4.12479022e+00 8.99581141e-01
1.15863200e+04 3.89512250e+00 1.02046104e+00 4.12483133e+00 9.00554118e-01
1.15864200e+04 3.89943390e+00 1.02160641e+00 4.12487245e+00 9.01564920e-01
1.15865200e+04 3.90390300e+00 1.02279409e+00 4.12491356e+00 9.02613051e-01
1.15866200e+04 3.90852790e+00 1.02402355e+00 4.12495467e+00 9.03698061e-01
1.15867200e+04 3.91330690e+00 1.02529435e+00 4.12499578e+00 9.04819547e-01
1.15868200e+04 3.91823830e+00 1.02660602e+00 4.12503690e+00 9.05977108e-01
1.15869200e+04 3.92332060e+00 1.02795817e+00 4.12507801e+00 9.07170387e-01
1.15870200e+04 3.92855230e+00 1.02935040e+00 4.12511912e+00 9.08399030e-01
1.15871200e+04 3.93393220e+00 1.03078237e+00 4.12516024e+00 9.09662753e-01
1.15872200e+04 3.93945900e+00 1.03225374e+00 4.12520135e+00 9.10961248e-01
1.15873200e+04 3.94513150e+00 1.03376420e+00 4.12524246e+00 9.12294231e-01
1.15874200e+04 3.95094850e+00 1.03531341e+00 4.12528358e+00 9.13661419e-01
1.15875200e+04 3.95690900e+00 1.03690112e+00 4.12532469e+00 9.15062573e-01
1.15876200e+04 3.96301160e+00 1.03852693e+00 4.12536580e+00 9.16497364e-01
1.15877200e+04 3.96925520e+00 1.04019057e+00 4.12540691e+00 9.17965530e-01
1.15878200e+04 3.97563840e+00 1.04189165e+00 4.12544803e+00 9.19466741e-01
1.15879200e+04 3.98215950e+00 1.04362972e+00 4.12548914e+00 9.21000593e-01
1.15880200e+04 3.98881690e+00 1.04540435e+00 4.12553025e+00 9.22566708e-01
1.15881200e+04 3.99560850e+00 1.04721497e+00 4.12557137e+00 9.24164590e-01
1.15882200e+04 4.00253210e+00 1.04906100e+00 4.12561248e+00 9.25793716e-01
1.15883200e+04 4.00958500e+00 1.05094171e+00 4.12565359e+00 9.27453449e-01
1.15884200e+04 4.01676410e+00 1.05285627e+00 4.12569470e+00 9.29143054e-01
1.15885200e+04 4.02406580e+00 1.05480372e+00 4.12573582e+00 9.30861680e-01
1.15886200e+04 4.03148630e+00 1.05678302e+00 4.12577693e+00 9.32608426e-01
1.15887200e+04 4.03902090e+00 1.05879294e+00 4.12581804e+00 9.34382180e-01
1.15888200e+04 4.04666450e+00 1.06083209e+00 4.12585916e+00 9.36181735e-01
1.15889200e+04 4.05441130e+00 1.06289892e+00 4.12590027e+00 9.38005719e-01
1.15890200e+04 4.06225510e+00 1.06499176e+00 4.12594138e+00 9.39852663e-01
1.15891200e+04 4.07018870e+00 1.06710870e+00 4.12598249e+00 9.41720863e-01
1.15892200e+04 4.07820430e+00 1.06924763e+00 4.12602361e+00 9.43608473e-01
1.15893200e+04 4.08629370e+00 1.07140635e+00 4.12606472e+00 9.45513552e-01
1.15894200e+04 4.09444760e+00 1.07358237e+00 4.12610583e+00 9.47433899e-01
1.15895200e+04 4.10265620e+00 1.07577307e+00 4.12614695e+00 9.49367194e-01
1.15896200e+04 4.11090900e+00 1.07797562e+00 4.12618806e+00 9.51310951e-01
1.15897200e+04 4.11919480e+00 1.08018702e+00 4.12622917e+00 9.53262519e-01
1.15898200e+04 4.12750160e+00 1.08240406e+00 4.12627028e+00 9.55219058e-01
1.15899200e+04 4.13581720e+00 1.08462345e+00 4.12631140e+00 9.57177681e-01
1.15900200e+04 4.14412830e+00 1.08684164e+00 4.12635251e+00 9.59135238e-01
1.15901200e+04 4.15242150e+00 1.08905503e+00 4.12639362e+00 9.61088558e-01
1.15902200e+04 4.16068280e+00 1.09125986e+00 4.12643474e+00 9.63034327e-01
1.15903200e+04 4.16889760e+00 1.09345222e+00 4.12647585e+00 9.64969090e-01
1.15904200e+04 4.17705130e+00 1.09562819e+00 4.12651696e+00 9.66889390e-01
1.15905200e+04 4.18512870e+00 1.09778369e+00 4.12655808e+00 9.68791629e-01
1.15906200e+04 4.19311480e+00 1.09991471e+00 4.12659919e+00 9.70672257e-01
1.15907200e+04 4.20099430e+00 1.10201713e+00 4.12664030e+00 9.72527652e-01
1.15908200e+04 4.20875190e+00 1.10408686e+00 4.12668141e+00 9.74354193e-01
1.15909200e+04 4.21637240e+00 1.10611981e+00 4.12672253e+00 9.76148281e-01
1.15910200e+04 4.22384090e+00 1.10811199e+00 4.12676364e+00 9.77906390e-01
1.15911200e+04 4.23114280e+00 1.11005949e+00 4.12680475e+00 9.79625064e-01
1.15912200e+04 4.23826380e+00 1.11195847e+00 4.12684587e+00 9.81300917e-01
1.15913200e+04 4.24519020e+00 1.11380525e+00 4.12688698e+00 9.82930708e-01
1.15914200e+04 4.25190880e+00 1.11559629e+00 4.12692809e+00 9.84511311e-01
1.15915200e+04 4.25840720e+00 1.11732827e+00 4.12696920e+00 9.86039792e-01
1.15916200e+04 4.26467370e+00 1.11899805e+00 4.12701032e+00 9.87513380e-01
1.15917200e+04 4.27069750e+00 1.12060273e+00 4.12705143e+00 9.88929520e-01
1.15918200e+04 4.27646850e+00 1.12213961e+00 4.12709254e+00 9.90285820e-01
1.15919200e+04 4.28197800e+00 1.12360634e+00 4.12713366e+00 9.91580222e-01
1.15920200e+04 4.28721790e+00 1.12500076e+00 4.12717477e+00 9.92810808e-01
1.15921200e+04 4.29218150e+00 1.12632108e+00 4.12721588e+00 9.93975992e-01
1.15922200e+04 4.29686320e+00 1.12756578e+00 4.12725699e+00 9.95074448e-01
1.15923200e+04 4.30125820e+00 1.12873358e+00 4.12729811e+00 9.96105041e-01
1.15924200e+04 4.30536340e+00 1.12982364e+00 4.12733922e+00 9.97067036e-01
1.15925200e+04 4.30917640e+00 1.13083534e+00 4.12738033e+00 9.97959866e-01
1.15926200e+04 4.31269620e+00 1.13176839e+00 4.12742145e+00 9.98783293e-01
1.15927200e+04 4.31592290e+00 1.13262283e+00 4.12746256e+00 9.99537342e-01
1.15928200e+04 4.31885760e+00 1.13339894e+00 4.12750367e+00 1.00022227e+00
1.15929200e+04 4.32150260e+00 1.13409735e+00 4.12754479e+00 1.00083863e+00
1.15930200e+04 4.32386120e+00 1.13471894e+00 4.12758590e+00 1.00138719e+00
1.15931200e+04 4.32593750e+00 1.13526481e+00 4.12762701e+00 1.00186894e+00
1.15932200e+04 4.32773680e+00 1.13573639e+00 4.12766812e+00 1.00228511e+00
1.15933200e+04 4.32926490e+00 1.13613522e+00 4.12770924e+00 1.00263709e+00
1.15934200e+04 4.33052870e+00 1.13646316e+00 4.12775035e+00 1.00292651e+00
1.15935200e+04 4.33153550e+00 1.13672216e+00 4.12779146e+00 1.00315509e+00
1.15936200e+04 4.33229350e+00 1.13691444e+00 4.12783258e+00 1.00332479e+00
1.15937200e+04 4.33281110e+00 1.13704223e+00 4.12787369e+00 1.00343757e+00
1.15938200e+04 4.33309750e+00 1.13710801e+00 4.12791480e+00 1.00349564e+00
1.15939200e+04 4.33316200e+00 1.13711427e+00 4.12795591e+00 1.00350117e+00
1.15940200e+04 4.33300930e+00 1.13706227e+00 4.12799703e+00 1.00345530e+00
1.15941200e+04 4.33263900e+00 1.13695191e+00 4.12803814e+00 1.00335791e+00
1.15942200e+04 4.33207210e+00 1.13678881e+00 4.12807925e+00 1.00321399e+00
1.15943200e+04 4.33126480e+00 1.13656124e+00 4.12812037e+00 1.00301317e+00
1.15944200e+04 4.33024760e+00 1.13627736e+00 4.12816148e+00 1.00276266e+00
1.15949200e+04 4.32364680e+00 1.13445167e+00 4.12836704e+00 1.00115155e+00
1.15954200e+04 4.31421280e+00 1.13186606e+00 4.12857261e+00 9.98869809e-01
1.15959200e+04 4.30302420e+00 1.12880982e+00 4.12877817e+00 9.96172741e-01
1.15964200e+04 4.29097890e+00 1.12552379e+00 4.12898374e+00 9.93272886e-01
1.15969200e+04 4.27879250e+00 1.12219992e+00 4.12918930e+00 9.90339631e-01
1.15974200e+04 4.26700950e+00 1.11898424e+00 4.12939487e+00 9.87501863e-01
1.15979200e+04 4.25601190e+00 1.11597923e+00 4.12960043e+00 9.84850004e-01
1.15984200e+04 4.24601980e+00 1.11324392e+00 4.12980600e+00 9.82436153e-01
1.15989200e+04 4.23709140e+00 1.11079392e+00 4.13001156e+00 9.80274086e-01
1.15994200e+04 4.22913430e+00 1.10860444e+00 4.13021712e+00 9.78341932e-01
1.15999200e+04 4.22193260e+00 1.10661758e+00 4.13042269e+00 9.76588586e-01
1.16004200e+04 4.21519350e+00 1.10475480e+00 4.13062825e+00 9.74944740e-01
1.16009200e+04 4.20860350e+00 1.10293201e+00 4.13083382e+00 9.73336187e-01
1.16014200e+04 4.20188860e+00 1.10107572e+00 4.13103938e+00 9.71698069e-01
1.16019200e+04 4.19486710e+00 1.09913719e+00 4.13124495e+00 9.69987377e-01
1.16024200e+04 4.18748930e+00 1.09710309e+00 4.13145051e+00 9.68192346e-01
1.16029200e+04 4.17985630e+00 1.09500055e+00 4.13165608e+00 9.66336907e-01
1.16034200e+04 4.17221550e+00 1.09289591e+00 4.13186164e+00 9.64479622e-01
1.16039200e+04 4.16493390e+00 1.09088761e+00 4.13206721e+00 9.62707361e-01
1.16044200e+04 4.15845170e+00 1.08909374e+00 4.13227277e+00 9.61124324e-01
1.16049200e+04 4.15322920e+00 1.08763774e+00 4.13247833e+00 9.59839465e-01
1.16054200e+04 4.14969520e+00 1.08663464e+00 4.13268390e+00 9.58954286e-01
1.16059200e+04 4.14821060e+00 1.08618124e+00 4.13288946e+00 9.58554213e-01
1.16064200e+04 4.14904940e+00 1.08635102e+00 4.13309503e+00 9.58704104e-01
1.16069200e+04 4.15239870e+00 1.08719418e+00 4.13330059e+00 9.59448248e-01
1.16074200e+04 4.15836880e+00 1.08874030e+00 4.13350616e+00 9.60812752e-01
1.16079200e+04 4.16700730e+00 1.09100215e+00 4.13371172e+00 9.62808884e-01
1.16084200e+04 4.17830720e+00 1.09397784e+00 4.13391729e+00 9.65434989e-01
1.16089200e+04 4.19221010e+00 1.09765172e+00 4.13412285e+00 9.68677240e-01
1.16094200e+04 4.20860330e+00 1.10199355e+00 4.13432841e+00 9.72508963e-01
1.16099200e+04 4.22731830e+00 1.10695814e+00 4.13453398e+00 9.76890273e-01
1.16104200e+04 4.24813370e+00 1.11248611e+00 4.13473954e+00 9.81768761e-01
1.16109200e+04 4.27078270e+00 1.11850590e+00 4.13494511e+00 9.87081276e-01
1.16114200e+04 4.29496200e+00 1.12493614e+00 4.13515067e+00 9.92756024e-01
1.16119200e+04 4.32033680e+00 1.13168705e+00 4.13535624e+00 9.98713755e-01
1.16124200e+04 4.34653960e+00 1.13866004e+00 4.13556180e+00 1.00486748e+00
1.16129200e+04 4.37316480e+00 1.14574633e+00 4.13576737e+00 1.01112119e+00
1.16134200e+04 4.39976380e+00 1.15282559e+00 4.13597293e+00 1.01736870e+00
1.16139200e+04 4.42584800e+00 1.15976678e+00 4.13617850e+00 1.02349436e+00
1.16144200e+04 4.45090290e+00 1.16643188e+00 4.13638406e+00 1.02937637e+00
1.16149200e+04 4.47441270e+00 1.17268255e+00 4.13658962e+00 1.03489265e+00
1.16154200e+04 4.49589080e+00 1.17838827e+00 4.13679519e+00 1.03992801e+00
1.16159200e+04 4.51491140e+00 1.18343483e+00 4.13700075e+00 1.04438166e+00
1.16164200e+04 4.53113580e+00 1.18773139e+00 4.13720632e+00 1.04817343e+00
1.16169200e+04 4.54433190e+00 1.19121568e+00 4.13741188e+00 1.05124839e+00
1.16174200e+04 4.55438400e+00 1.19385669e+00 4.13761745e+00 1.05357914e+00
1.16179200e+04 4.56129320e+00 1.19565469e+00 4.13782301e+00 1.05516594e+00
1.16184200e+04 4.56516880e+00 1.19663902e+00 4.13802858e+00 1.05603467e+00
1.16189200e+04 4.56621010e+00 1.19686312e+00 4.13823414e+00 1.05623250e+00
1.16194200e+04 4.56468260e+00 1.19639821e+00 4.13843971e+00 1.05582228e+00
1.16199200e+04 4.56089080e+00 1.19532596e+00 4.13864527e+00 1.05487608e+00
1.16204200e+04 4.55515260e+00 1.19373164e+00 4.13885083e+00 1.05346915e+00
1.16209200e+04 4.54777820e+00 1.19169846e+00 4.13905640e+00 1.05167493e+00
1.16214200e+04 4.53905570e+00 1.18930368e+00 4.13926196e+00 1.04956160e+00
1.16219200e+04 4.52924330e+00 1.18661657e+00 4.13946753e+00 1.04719028e+00
1.16224200e+04 4.51856840e+00 1.18369812e+00 4.13967309e+00 1.04461480e+00
1.16229200e+04 4.50722840e+00 1.18060127e+00 4.13987866e+00 1.04188189e+00
1.16234200e+04 4.49539600e+00 1.17737235e+00 4.14008422e+00 1.03903242e+00
1.16239200e+04 4.48322280e+00 1.17405201e+00 4.14028979e+00 1.03610229e+00
1.16244200e+04 4.47083670e+00 1.17067458e+00 4.14049535e+00 1.03312176e+00
1.16254200e+04 4.44595730e+00 1.16389095e+00 4.14090648e+00 1.02713532e+00
1.16264200e+04 4.42152760e+00 1.15722794e+00 4.14131761e+00 1.02125532e+00
1.16274200e+04 4.39811230e+00 1.15083702e+00 4.14172874e+00 1.01561544e+00
1.16284200e+04 4.37600290e+00 1.14479637e+00 4.14213987e+00 1.01028467e+00
1.16294200e+04 4.35523560e+00 1.13911570e+00 4.14255100e+00 1.00527159e+00
1.16304200e+04 4.33567880e+00 1.13375971e+00 4.14296213e+00 1.00054504e+00
1.16314200e+04 4.31715960e+00 1.12868204e+00 4.14337325e+00 9.96064101e-01
1.16324200e+04 4.29955620e+00 1.12385000e+00 4.14378438e+00 9.91799934e-01
1.16334200e+04 4.28280650e+00 1.11924694e+00 4.14419551e+00 9.87737844e-01
1.16344200e+04 4.26684940e+00 1.11485648e+00 4.14460664e+00 9.83863366e-01
1.16354200e+04 4.25156820e+00 1.11064731e+00 4.14501777e+00 9.80148878e-01
1.16364200e+04 4.23678740e+00 1.10657236e+00 4.14542890e+00 9.76552838e-01
1.16374200e+04 4.22233140e+00 1.10258453e+00 4.14584003e+00 9.73033680e-01
1.16384200e+04 4.20812260e+00 1.09866300e+00 4.14625116e+00 9.69573034e-01
1.16394200e+04 4.19426700e+00 1.09483621e+00 4.14666229e+00 9.66195994e-01
1.16404200e+04 4.18108260e+00 1.09118945e+00 4.14707342e+00 9.62977830e-01
1.16414200e+04 4.16905470e+00 1.08785289e+00 4.14748455e+00 9.60033418e-01
1.16424200e+04 4.15874840e+00 1.08497810e+00 4.14789567e+00 9.57496521e-01
1.16434200e+04 4.15072040e+00 1.08271441e+00 4.14830680e+00 9.55498915e-01
1.16444200e+04 4.14545580e+00 1.08119192e+00 4.14871793e+00 9.54155426e-01
1.16454200e+04 4.14332790e+00 1.08051077e+00 4.14912906e+00 9.53554418e-01
1.16464200e+04 4.14457120e+00 1.08073385e+00 4.14954019e+00 9.53751400e-01
1.16474200e+04 4.14926370e+00 1.08188208e+00 4.14995132e+00 9.54764833e-01
1.16484200e+04 4.15731800e+00 1.08393203e+00 4.15036245e+00 9.56574031e-01
1.16494200e+04 4.16848400e+00 1.08681661e+00 4.15077358e+00 9.59119794e-01
1.16504200e+04 4.18236130e+00 1.09042842e+00 4.15118471e+00 9.62307343e-01
1.16514200e+04 4.19842590e+00 1.09462691e+00 4.15159584e+00 9.66012644e-01
1.16524200e+04 4.21607010e+00 1.09924909e+00 4.15200697e+00 9.70091849e-01
1.16534200e+04 4.23464600e+00 1.10412118e+00 4.15241809e+00 9.74391597e-01
1.16544200e+04 4.25350310e+00 1.10906869e+00 4.15282922e+00 9.78757907e-01
1.16554200e+04 4.27201050e+00 1.11392240e+00 4.15324035e+00 9.83041442e-01
1.16564200e+04 4.28956920e+00 1.11852164e+00 4.15365148e+00 9.87100413e-01
1.16574200e+04 4.30562310e+00 1.12271727e+00 4.15406261e+00 9.90803187e-01
1.16584200e+04 4.31967990e+00 1.12637723e+00 4.15447374e+00 9.94033232e-01
1.16594200e+04 4.33134320e+00 1.12939519e+00 4.15488487e+00 9.96696716e-01
1.16604200e+04 4.34035270e+00 1.13170134e+00 4.15529600e+00 9.98732026e-01
1.16614200e+04 4.34662060e+00 1.13327214e+00 4.15570713e+00 1.00011838e+00
1.16624200e+04 4.35025120e+00 1.13413555e+00 4.15611826e+00 1.00088046e+00
1.16634200e+04 4.35153090e+00 1.13436839e+00 4.15652939e+00 1.00108606e+00
1.16644200e+04 4.35088470e+00 1.13408467e+00 4.15694051e+00 1.00083579e+00
1.16654200e+04 4.34880640e+00 1.13341682e+00 4.15735164e+00 1.00024652e+00
1.16664200e+04 4.34578370e+00 1.13249566e+00 4.15776277e+00 9.99433713e-01
1.16674200e+04 4.34223720e+00 1.13143401e+00 4.15817390e+00 9.98496915e-01
1.16684200e+04 4.33848780e+00 1.13031793e+00 4.15858503e+00 9.97512088e-01
1.16694200e+04 4.33475140e+00 1.12920534e+00 4.15899616e+00 9.96530338e-01
1.16704200e+04 4.33115390e+00 1.12813001e+00 4.15940729e+00 9.95581466e-01
1.16714200e+04 4.32775350e+00 1.12710754e+00 4.15981842e+00 9.94679250e-01
1.16724200e+04 4.32456430e+00 1.12614173e+00 4.16022955e+00 9.93827026e-01
1.16734200e+04 4.32157740e+00 1.12523017e+00 4.16064068e+00 9.93022688e-01
1.16744200e+04 4.31877970e+00 1.12436936e+00 4.16105181e+00 9.92263136e-01
1.16754200e+04 4.31617010e+00 1.12355901e+00 4.16146293e+00 9.91548108e-01
1.16764200e+04 4.31377300e+00 1.12280565e+00 4.16187406e+00 9.90883380e-01
1.16774200e+04 4.31164390e+00 1.12212417e+00 4.16228519e+00 9.90282090e-01
1.16784200e+04 4.30986520e+00 1.12153669e+00 4.16269632e+00 9.89763743e-01
1.16794200e+04 4.30852860e+00 1.12106778e+00 4.16310745e+00 9.89350044e-01
1.16804200e+04 4.30770930e+00 1.12073762e+00 4.16351858e+00 9.89058795e-01
1.16814200e+04 4.30743580e+00 1.12055386e+00 4.16392971e+00 9.88896741e-01
1.16824200e+04 4.30766730e+00 1.12050556e+00 4.16434084e+00 9.88854225e-01
1.16834200e+04 4.30828160e+00 1.12055993e+00 4.16475197e+00 9.88902322e-01
1.16844200e+04 4.30907620e+00 1.12066266e+00 4.16516310e+00 9.88993097e-01
1.16854200e+04 4.30978120e+00 1.12074135e+00 4.16557423e+00 9.89062662e-01
1.16864200e+04 4.31008030e+00 1.12071118e+00 4.16598535e+00 9.89036148e-01
1.16874200e+04 4.30963630e+00 1.12048169e+00 4.16639648e+00 9.88833735e-01
1.16884200e+04 4.30811900e+00 1.11996431e+00 4.16680761e+00 9.88377263e-01
1.16894200e+04 4.30523400e+00 1.11908009e+00 4.16721874e+00 9.87597044e-01
1.16904200e+04 4.30074850e+00 1.11776657e+00 4.16762987e+00 9.86437971e-01
1.16914200e+04 4.29451180e+00 1.11598334e+00 4.16804100e+00 9.84864374e-01
1.16924200e+04 4.28646680e+00 1.11371509e+00 4.16845213e+00 9.82862736e-01
1.16934200e+04 4.27665180e+00 1.11097208e+00 4.16886326e+00 9.80442122e-01
1.16944200e+04 4.26519250e+00 1.10778803e+00 4.16927439e+00 9.77632286e-01
1.16954200e+04 4.25228980e+00 1.10421683e+00 4.16968552e+00 9.74480784e-01
1.16964200e+04 4.23820420e+00 1.10032835e+00 4.17009665e+00 9.71049278e-01
1.16974200e+04 4.22324140e+00 1.09620458e+00 4.17050777e+00 9.67410130e-01
1.16984200e+04 4.20773790e+00 1.09193578e+00 4.17091890e+00 9.63642993e-01
1.16994200e+04 4.19204790e+00 1.08761696e+00 4.17133003e+00 9.59831708e-01
1.17004200e+04 4.17653140e+00 1.08334468e+00 4.17174116e+00 9.56061492e-01
1.17014200e+04 4.16154180e+00 1.07921372e+00 4.17215229e+00 9.52415997e-01
1.17024200e+04 4.14741660e+00 1.07531462e+00 4.17256342e+00 9.48975112e-01
1.17034200e+04 4.13446850e+00 1.07173124e+00 4.17297455e+00 9.45812857e-01
1.17044200e+04 4.12297790e+00 1.06853880e+00 4.17338568e+00 9.42995606e-01
1.17054200e+04 4.11318450e+00 1.06580158e+00 4.17379681e+00 9.40580097e-01
1.17064200e+04 4.10527990e+00 1.06357098e+00 4.17420794e+00 9.38611684e-01
1.17074200e+04 4.09939880e+00 1.06188314e+00 4.17461907e+00 9.37122252e-01
1.17084200e+04 4.09561300e+00 1.06075730e+00 4.17503019e+00 9.36128797e-01
1.17094200e+04 4.09392740e+00 1.06019478e+00 4.17544132e+00 9.35632479e-01
1.17104200e+04 4.09428020e+00 1.06017901e+00 4.17585245e+00 9.35618670e-01
1.17114200e+04 4.09654760e+00 1.06067678e+00 4.17626358e+00 9.36058064e-01
1.17124200e+04 4.10055230e+00 1.06164053e+00 4.17667471e+00 9.36908695e-01
1.17134200e+04 4.10607480e+00 1.06301139e+00 4.17708584e+00 9.38118603e-01
1.17144200e+04 4.11286540e+00 1.06472239e+00 4.17749697e+00 9.39628684e-01
1.17154200e+04 4.12065650e+00 1.06670174e+00 4.17790810e+00 9.41375592e-01
1.17164200e+04 4.12917310e+00 1.06887569e+00 4.17831923e+00 9.43294234e-01
1.17174200e+04 4.13814310e+00 1.07117125e+00 4.17873036e+00 9.45320201e-01
1.17184200e+04 4.14730860e+00 1.07351924e+00 4.17914149e+00 9.47392444e-01
1.17194200e+04 4.15643740e+00 1.07585740e+00 4.17955261e+00 9.49456001e-01
1.17204200e+04 4.16533490e+00 1.07813351e+00 4.17996374e+00 9.51464808e-01
1.17214200e+04 4.17385400e+00 1.08030813e+00 4.18037487e+00 9.53384044e-01
1.17224200e+04 4.18189970e+00 1.08235577e+00 4.18078600e+00 9.55191222e-01
1.17234200e+04 4.18942710e+00 1.08426439e+00 4.18119713e+00 9.56875713e-01
1.17244200e+04 4.19643250e+00 1.08603300e+00 4.18160826e+00 9.58436643e-01
1.17254200e+04 4.20293950e+00 1.08766793e+00 4.18201939e+00 9.59879596e-01
1.17264200e+04 4.20898410e+00 1.08917883e+00 4.18243052e+00 9.61213096e-01
1.17274200e+04 4.21460010e+00 1.09057477e+00 4.18284165e+00 9.62445141e-01
1.17284200e+04 4.21980810e+00 1.09186127e+00 4.18325278e+00 9.63580610e-01
1.17294200e+04 4.22460730e+00 1.09303813e+00 4.18366391e+00 9.64619311e-01
1.17304200e+04 4.22897100e+00 1.09409817e+00 4.18407503e+00 9.65554926e-01
1.17314200e+04 4.23284480e+00 1.09502681e+00 4.18448616e+00 9.66374576e-01
1.17324200e+04 4.23614790e+00 1.09580238e+00 4.18489729e+00 9.67059136e-01
1.17334200e+04 4.23878000e+00 1.09639797e+00 4.18530842e+00 9.67584864e-01
1.17344200e+04 4.24063200e+00 1.09678432e+00 4.18571955e+00 9.67925934e-01
1.17354200e+04 4.24160380e+00 1.09693458e+00 4.18613068e+00 9.68058652e-01
1.17364200e+04 4.24162460e+00 1.09682976e+00 4.18654181e+00 9.67966259e-01
1.17374200e+04 4.24067460e+00 1.09646454e+00 4.18695294e+00 9.67644067e-01
1.17384200e+04 4.23880250e+00 1.09585200e+00 4.18736407e+00 9.67103605e-01
1.17394200e+04 4.23613440e+00 1.09502596e+00 4.18777520e+00 9.66374721e-01
1.17404200e+04 4.23287120e+00 1.09404029e+00 4.18818633e+00 9.65504971e-01
1.17414200e+04 4.22927410e+00 1.09296507e+00 4.18859745e+00 9.64556182e-01
1.17424200e+04 4.22563920e+00 1.09187970e+00 4.18900858e+00 9.63598446e-01
1.17434200e+04 4.22226640e+00 1.09086464e+00 4.18941971e+00 9.62702752e-01
1.17444200e+04 4.21942610e+00 1.08999240e+00 4.18983084e+00 9.61933105e-01
1.17454200e+04 4.21733040e+00 1.08931989e+00 4.19024197e+00 9.61339714e-01
1.17464200e+04 4.21611110e+00 1.08888244e+00 4.19065310e+00 9.60953775e-01
1.17474200e+04 4.21580690e+00 1.08869045e+00 4.19106423e+00 9.60784449e-01
1.17484200e+04 4.21635970e+00 1.08872832e+00 4.19147536e+00 9.60817985e-01
1.17494200e+04 4.21761960e+00 1.08895586e+00 4.19188649e+00 9.61018899e-01
1.17504200e+04 4.21935660e+00 1.08931136e+00 4.19229762e+00 9.61332747e-01
1.17514200e+04 4.22127830e+00 1.08971640e+00 4.19270875e+00 9.61690316e-01
1.17524200e+04 4.22305230e+00 1.09008183e+00 4.19311987e+00 9.62012923e-01
1.17534200e+04 4.22433190e+00 1.09031465e+00 4.19353100e+00 9.62218500e-01
1.17544200e+04 4.22478270e+00 1.09032516e+00 4.19394213e+00 9.62227892e-01
1.17554200e+04 4.22410720e+00 1.09003358e+00 4.19435326e+00 9.61970676e-01
1.17564200e+04 4.22206440e+00 1.08937525e+00 4.19476439e+00 9.61389805e-01
1.17574200e+04 4.21848300e+00 1.08830424e+00 4.19517552e+00 9.60444731e-01
1.17584200e+04 4.21326740e+00 1.08679489e+00 4.19558665e+00 9.59112824e-01
1.17594200e+04 4.20639680e+00 1.08484164e+00 4.19599778e+00 9.57389160e-01
1.17604200e+04 4.19792060e+00 1.08245772e+00 4.19640891e+00 9.55285432e-01
1.17614200e+04 4.18795080e+00 1.07967319e+00 4.19682004e+00 9.52828153e-01
1.17624200e+04 4.17665260e+00 1.07653236e+00 4.19723117e+00 9.50056426e-01
1.17634200e+04 4.16423510e+00 1.07309130e+00 4.19764229e+00 9.47019749e-01
1.17644200e+04 4.15094050e+00 1.06941498e+00 4.19805342e+00 9.43775451e-01
1.17654200e+04 4.13703480e+00 1.06557475e+00 4.19846455e+00 9.40386498e-01
1.17664200e+04 4.12279860e+00 1.06164587e+00 4.19887568e+00 9.36919311e-01
1.17674200e+04 4.10851790e+00 1.05770506e+00 4.19928681e+00 9.33441590e-01
1.17684200e+04 4.09447690e+00 1.05382854e+00 4.19969794e+00 9.30020608e-01
1.17694200e+04 4.08094960e+00 1.05008981e+00 4.20010907e+00 9.26721224e-01
1.17704200e+04 4.06819230e+00 1.04655760e+00 4.20052020e+00 9.23604106e-01
1.17714200e+04 4.05643600e+00 1.04329389e+00 4.20093133e+00 9.20723936e-01
1.17724200e+04 4.04587950e+00 1.04035200e+00 4.20134246e+00 9.18127771e-01
1.17734200e+04 4.03668290e+00 1.03777486e+00 4.20175359e+00 9.15853509e-01
1.17744200e+04 4.02896340e+00 1.03559391e+00 4.20216471e+00 9.13928892e-01
1.17754200e+04 4.02279220e+00 1.03382825e+00 4.20257584e+00 9.12370776e-01
1.17764200e+04 4.01819330e+00 1.03248432e+00 4.20298697e+00 9.11184840e-01
1.17774200e+04 4.01514540e+00 1.03155640e+00 4.20339810e+00 9.10366044e-01
1.17784200e+04 4.01358490e+00 1.03102744e+00 4.20380923e+00 9.09899331e-01
1.17794200e+04 4.01341230e+00 1.03087074e+00 4.20422036e+00 9.09761151e-01
1.17804200e+04 4.01449970e+00 1.03105201e+00 4.20463149e+00 9.09921226e-01
1.17814200e+04 4.01670010e+00 1.03153180e+00 4.20504262e+00 9.10344762e-01
1.17824200e+04 4.01985530e+00 1.03226770e+00 4.20545375e+00 9.10994310e-01
1.17834200e+04 4.02380350e+00 1.03321630e+00 4.20586488e+00 9.11831570e-01
1.17844200e+04 4.02838530e+00 1.03433484e+00 4.20627601e+00 9.12818811e-01
1.17854200e+04 4.03344860e+00 1.03558254e+00 4.20668713e+00 9.13920029e-01
1.17864200e+04 4.03885270e+00 1.03692164e+00 4.20709826e+00 9.15101919e-01
1.17874200e+04 4.04447280e+00 1.03831868e+00 4.20750939e+00 9.16334938e-01
1.17884200e+04 4.05020510e+00 1.03974581e+00 4.20792052e+00 9.17594517e-01
1.17894200e+04 4.05597110e+00 1.04118199e+00 4.20833165e+00 9.18862073e-01
1.17904200e+04 4.06172120e+00 1.04261390e+00 4.20874278e+00 9.20125866e-01
1.17914200e+04 4.06743610e+00 1.04403636e+00 4.20915391e+00 9.21381327e-01
1.17924200e+04 4.07312350e+00 1.04545145e+00 4.20956504e+00 9.22630279e-01
1.17934200e+04 4.07881270e+00 1.04686703e+00 4.20997617e+00 9.23879656e-01
1.17944200e+04 4.08454540e+00 1.04829427e+00 4.21038730e+00 9.25139332e-01
1.17954200e+04 4.09036520e+00 1.04974487e+00 4.21079843e+00 9.26419625e-01
1.17964200e+04 4.09630710e+00 1.05122823e+00 4.21120955e+00 9.27728821e-01
1.17974200e+04 4.10238890e+00 1.05274910e+00 4.21162068e+00 9.29071133e-01
1.17984200e+04 4.10860480e+00 1.05430595e+00 4.21203181e+00 9.30445189e-01
1.17994200e+04 4.11492350e+00 1.05589037e+00 4.21244294e+00 9.31843579e-01
1.18004200e+04 4.12128860e+00 1.05748724e+00 4.21285407e+00 9.33252952e-01
1.18014200e+04 4.12762400e+00 1.05907614e+00 4.21326520e+00 9.34655296e-01
1.18024200e+04 4.13384130e+00 1.06063336e+00 4.21367633e+00 9.36029684e-01
1.18034200e+04 4.13984890e+00 1.06213434e+00 4.21408746e+00 9.37354434e-01
1.18044200e+04 4.14556180e+00 1.06355627e+00 4.21449859e+00 9.38609426e-01
1.18054200e+04 4.15091030e+00 1.06488046e+00 4.21490972e+00 9.39778159e-01
1.18064200e+04 4.15584640e+00 1.06609403e+00 4.21532085e+00 9.40849273e-01
1.18074200e+04 4.16034780e+00 1.06719101e+00 4.21573197e+00 9.41817489e-01
1.18084200e+04 4.16441650e+00 1.06817193e+00 4.21614310e+00 9.42683279e-01
1.18094200e+04 4.16807480e+00 1.06904277e+00 4.21655423e+00 9.43451923e-01
1.18104200e+04 4.17135680e+00 1.06981268e+00 4.21696536e+00 9.44131492e-01
1.18114200e+04 4.17429960e+00 1.07049160e+00 4.21737649e+00 9.44730768e-01
1.18124200e+04 4.17693430e+00 1.07108789e+00 4.21778762e+00 9.45257114e-01
1.18134200e+04 4.17928180e+00 1.07160714e+00 4.21819875e+00 9.45715475e-01
