# # source: .\convoluted\116_03.txt
# # site: 03
# # columns: Energy(eV) Abs_raw Preedge_normalized PredictedPost_raw Final_normalized
# 
1.13640000e+04 1.47276920e-02 1.81791628e-03 4.07922802e+00 1.60162262e-03
1.13640100e+04 1.47278680e-02 1.81715171e-03 4.07923110e+00 1.60094901e-03
1.13640100e+04 1.47282000e-02 1.81724030e-03 4.07923110e+00 1.60102706e-03
1.13640300e+04 1.47288400e-02 1.81578802e-03 4.07923725e+00 1.59974754e-03
1.13640400e+04 1.47290700e-02 1.81503786e-03 4.07924032e+00 1.59908662e-03
1.13640600e+04 1.47297910e-02 1.81360719e-03 4.07924647e+00 1.59782615e-03
1.13640700e+04 1.47304150e-02 1.81296217e-03 4.07924954e+00 1.59725786e-03
1.13640900e+04 1.47310860e-02 1.81151816e-03 4.07925569e+00 1.59598563e-03
1.13640900e+04 1.47313600e-02 1.81159128e-03 4.07925569e+00 1.59605005e-03
1.13641000e+04 1.47316380e-02 1.81085393e-03 4.07925877e+00 1.59540041e-03
1.13641000e+04 1.47319250e-02 1.81093051e-03 4.07925877e+00 1.59546789e-03
1.13641000e+04 1.47319760e-02 1.81094412e-03 4.07925877e+00 1.59547988e-03
1.13641100e+04 1.47321320e-02 1.81017422e-03 4.07926184e+00 1.59480156e-03
1.13641100e+04 1.47322390e-02 1.81020277e-03 4.07926184e+00 1.59482672e-03
1.13641200e+04 1.47331200e-02 1.80962633e-03 4.07926492e+00 1.59431885e-03
1.13641300e+04 1.47332900e-02 1.80886016e-03 4.07926799e+00 1.59364383e-03
1.13641300e+04 1.47336910e-02 1.80896717e-03 4.07926799e+00 1.59373810e-03
1.13641400e+04 1.47339270e-02 1.80821861e-03 4.07927106e+00 1.59307859e-03
1.13641400e+04 1.47340520e-02 1.80825197e-03 4.07927106e+00 1.59310798e-03
1.13641400e+04 1.47341150e-02 1.80826878e-03 4.07927106e+00 1.59312279e-03
1.13641500e+04 1.47343760e-02 1.80752690e-03 4.07927414e+00 1.59246916e-03
1.13641700e+04 1.47361140e-02 1.80636762e-03 4.07928029e+00 1.59144779e-03
1.13641800e+04 1.47363240e-02 1.80561212e-03 4.07928336e+00 1.59078217e-03
1.13641800e+04 1.47366100e-02 1.80568844e-03 4.07928336e+00 1.59084941e-03
1.13641900e+04 1.47374150e-02 1.80509173e-03 4.07928644e+00 1.59032367e-03
1.13642000e+04 1.47384720e-02 1.80456226e-03 4.07928951e+00 1.58985719e-03
1.13642100e+04 1.47386260e-02 1.80379181e-03 4.07929259e+00 1.58917840e-03
1.13642100e+04 1.47387050e-02 1.80381290e-03 4.07929259e+00 1.58919697e-03
1.13642100e+04 1.47387850e-02 1.80383424e-03 4.07929259e+00 1.58921578e-03
1.13642100e+04 1.47389470e-02 1.80387748e-03 4.07929259e+00 1.58925387e-03
1.13642100e+04 1.47391120e-02 1.80392151e-03 4.07929259e+00 1.58929266e-03
1.13642100e+04 1.47391960e-02 1.80394392e-03 4.07929259e+00 1.58931241e-03
1.13642200e+04 1.47397850e-02 1.80328956e-03 4.07929566e+00 1.58873589e-03
1.13642200e+04 1.47399570e-02 1.80333546e-03 4.07929566e+00 1.58877633e-03
1.13642200e+04 1.47402190e-02 1.80340538e-03 4.07929566e+00 1.58883793e-03
1.13642300e+04 1.47410260e-02 1.80280920e-03 4.07929873e+00 1.58831267e-03
1.13642500e+04 1.47428510e-02 1.80167313e-03 4.07930488e+00 1.58731175e-03
1.13642600e+04 1.47433990e-02 1.80100784e-03 4.07930796e+00 1.58672559e-03
1.13642600e+04 1.47434900e-02 1.80103212e-03 4.07930796e+00 1.58674699e-03
1.13642600e+04 1.47436730e-02 1.80108095e-03 4.07930796e+00 1.58679001e-03
1.13642900e+04 1.47458640e-02 1.79923103e-03 4.07931718e+00 1.58516015e-03
1.13642900e+04 1.47459550e-02 1.79925531e-03 4.07931718e+00 1.58518154e-03
1.13643000e+04 1.47466860e-02 1.79863885e-03 4.07932025e+00 1.58463841e-03
1.13643000e+04 1.47469590e-02 1.79871170e-03 4.07932025e+00 1.58470259e-03
1.13643000e+04 1.47474160e-02 1.79883365e-03 4.07932025e+00 1.58481004e-03
1.13643200e+04 1.47486950e-02 1.79755189e-03 4.07932640e+00 1.58368075e-03
1.13643200e+04 1.47491520e-02 1.79767384e-03 4.07932640e+00 1.58378819e-03
1.13643300e+04 1.47495170e-02 1.79695970e-03 4.07932948e+00 1.58315901e-03
1.13643300e+04 1.47497910e-02 1.79703282e-03 4.07932948e+00 1.58322343e-03
1.13643400e+04 1.47502480e-02 1.79634324e-03 4.07933255e+00 1.58261588e-03
1.13643400e+04 1.47506140e-02 1.79644091e-03 4.07933255e+00 1.58270193e-03
1.13643400e+04 1.47507050e-02 1.79646519e-03 4.07933255e+00 1.58272332e-03
1.13643400e+04 1.47510710e-02 1.79656286e-03 4.07933255e+00 1.58280937e-03
1.13643600e+04 1.47524420e-02 1.79530565e-03 4.07933870e+00 1.58170172e-03
1.13643900e+04 1.47550930e-02 1.79357847e-03 4.07934792e+00 1.58018000e-03
1.13644000e+04 1.47557330e-02 1.79293773e-03 4.07935100e+00 1.57961547e-03
1.13644100e+04 1.47568300e-02 1.79241893e-03 4.07935407e+00 1.57915839e-03
1.13644100e+04 1.47570130e-02 1.79246776e-03 4.07935407e+00 1.57920142e-03
1.13649100e+04 1.48028320e-02 1.76411801e-03 4.07950779e+00 1.55422406e-03
1.13654100e+04 1.48488960e-02 1.73583364e-03 4.07966151e+00 1.52930432e-03
1.13659100e+04 1.48952060e-02 1.70761491e-03 4.07981523e+00 1.50444244e-03
1.13664100e+04 1.49417640e-02 1.67946236e-03 4.07996895e+00 1.47963888e-03
1.13669100e+04 1.49885720e-02 1.65137653e-03 4.08012267e+00 1.45489412e-03
1.13674100e+04 1.50356330e-02 1.62335821e-03 4.08027639e+00 1.43020887e-03
1.13679100e+04 1.50829480e-02 1.59540767e-03 4.08043011e+00 1.40558335e-03
1.13684100e+04 1.51305180e-02 1.56752518e-03 4.08058383e+00 1.38101780e-03
1.13689100e+04 1.51783470e-02 1.53971180e-03 4.08073755e+00 1.35651316e-03
1.13694100e+04 1.52264360e-02 1.51196781e-03 4.08089127e+00 1.33206967e-03
1.13699100e+04 1.52747870e-02 1.48429373e-03 4.08104499e+00 1.30768780e-03
1.13704100e+04 1.53234030e-02 1.45669037e-03 4.08119871e+00 1.28336825e-03
1.13709100e+04 1.53722850e-02 1.42915800e-03 4.08135243e+00 1.25911126e-03
1.13714100e+04 1.54214350e-02 1.40169714e-03 4.08150615e+00 1.23491729e-03
1.13719100e+04 1.54708570e-02 1.37430887e-03 4.08165987e+00 1.21078730e-03
1.13724100e+04 1.55205510e-02 1.34699318e-03 4.08181359e+00 1.18672127e-03
1.13729100e+04 1.55705200e-02 1.31975087e-03 4.08196730e+00 1.16271991e-03
1.13734100e+04 1.56207670e-02 1.29258276e-03 4.08212102e+00 1.13878394e-03
1.13739100e+04 1.56712930e-02 1.26548909e-03 4.08227474e+00 1.11491357e-03
1.13744100e+04 1.57221010e-02 1.23847068e-03 4.08242846e+00 1.09110953e-03
1.13749100e+04 1.57731930e-02 1.21152805e-03 4.08258218e+00 1.06737227e-03
1.13754100e+04 1.58245720e-02 1.18466202e-03 4.08273590e+00 1.04370251e-03
1.13759100e+04 1.58762390e-02 1.15787283e-03 4.08288962e+00 1.02010048e-03
1.13764100e+04 1.59281980e-02 1.13116157e-03 4.08304334e+00 9.96567117e-04
1.13769100e+04 1.59804510e-02 1.10452877e-03 4.08319706e+00 9.73102893e-04
1.13774100e+04 1.60329990e-02 1.07797468e-03 4.08335078e+00 9.49708044e-04
1.13779100e+04 1.60858460e-02 1.05150039e-03 4.08350450e+00 9.26383509e-04
1.13784100e+04 1.61389940e-02 1.02510642e-03 4.08365822e+00 9.03129760e-04
1.13789100e+04 1.61924450e-02 9.98793307e-04 4.08381194e+00 8.79947265e-04
1.13794100e+04 1.62462030e-02 9.72562119e-04 4.08396566e+00 8.56836966e-04
1.13799100e+04 1.63002690e-02 9.46413122e-04 4.08411938e+00 8.33799098e-04
1.13804100e+04 1.63546460e-02 9.20347118e-04 4.08427310e+00 8.10834365e-04
1.13809100e+04 1.64093370e-02 8.94364906e-04 4.08442682e+00 7.87943472e-04
1.13814100e+04 1.64643450e-02 8.68467287e-04 4.08458054e+00 7.65127126e-04
1.13819100e+04 1.65196710e-02 8.42654529e-04 4.08473426e+00 7.42385561e-04
1.13824100e+04 1.65753200e-02 8.16927965e-04 4.08488798e+00 7.19719953e-04
1.13829100e+04 1.66312930e-02 7.91287862e-04 4.08504169e+00 6.97130536e-04
1.13834100e+04 1.66875930e-02 7.65735020e-04 4.08519541e+00 6.74618015e-04
1.13839100e+04 1.67442240e-02 7.40270508e-04 4.08534913e+00 6.52183332e-04
1.13844100e+04 1.68011880e-02 7.14894859e-04 4.08550285e+00 6.29826956e-04
1.13849100e+04 1.68584870e-02 6.89608606e-04 4.08565657e+00 6.07549357e-04
1.13854100e+04 1.69161250e-02 6.64412818e-04 4.08581029e+00 5.85351475e-04
1.13859100e+04 1.69741050e-02 6.39308294e-04 4.08596401e+00 5.63234016e-04
1.13864100e+04 1.70324300e-02 6.14295835e-04 4.08611773e+00 5.41197686e-04
1.13869100e+04 1.70911030e-02 5.89376242e-04 4.08627145e+00 5.19243188e-04
1.13874100e+04 1.71501260e-02 5.64550049e-04 4.08642517e+00 4.97370994e-04
1.13879100e+04 1.72095030e-02 5.39818322e-04 4.08657889e+00 4.75582043e-04
1.13884100e+04 1.72692360e-02 5.15181596e-04 4.08673261e+00 4.53876806e-04
1.13889100e+04 1.73293300e-02 4.90641204e-04 4.08688633e+00 4.32256458e-04
1.13894100e+04 1.73897870e-02 4.66197682e-04 4.08704005e+00 4.10721469e-04
1.13899100e+04 1.74506110e-02 4.41852095e-04 4.08719377e+00 3.89272779e-04
1.13904100e+04 1.75118040e-02 4.17604978e-04 4.08734749e+00 3.67910859e-04
1.13909100e+04 1.75733710e-02 3.93457665e-04 4.08750121e+00 3.46636884e-04
1.13914100e+04 1.76353130e-02 3.69410423e-04 4.08765493e+00 3.25451089e-04
1.13919100e+04 1.76976360e-02 3.45464852e-04 4.08780865e+00 3.04354884e-04
1.13924100e+04 1.77603410e-02 3.21621221e-04 4.08796237e+00 2.83348505e-04
1.13929100e+04 1.78234340e-02 2.97881129e-04 4.08811609e+00 2.62433362e-04
1.13934100e+04 1.78869160e-02 2.74244845e-04 4.08826980e+00 2.41609689e-04
1.13939100e+04 1.79507920e-02 2.50713701e-04 4.08842352e+00 2.20878663e-04
1.13944100e+04 1.80150650e-02 2.27288499e-04 4.08857724e+00 2.00240988e-04
1.13949100e+04 1.80797390e-02 2.03970306e-04 4.08873096e+00 1.79697605e-04
1.13954100e+04 1.81448170e-02 1.80759923e-04 4.08888468e+00 1.59249219e-04
1.13959100e+04 1.82103040e-02 1.57658684e-04 4.08903840e+00 1.38897006e-04
1.13964100e+04 1.82762030e-02 1.34667389e-04 4.08919212e+00 1.18641669e-04
1.13969100e+04 1.83425170e-02 1.11786839e-04 4.08934584e+00 9.84839157e-05
1.13974100e+04 1.84092510e-02 8.90183686e-05 4.08949956e+00 7.84249202e-05
1.13979100e+04 1.84764090e-02 6.63630449e-05 4.08965328e+00 5.84656229e-05
1.13984100e+04 1.85439940e-02 4.38216685e-05 4.08980700e+00 3.86067292e-05
1.13989100e+04 1.86120110e-02 2.13955738e-05 4.08996072e+00 1.88494143e-05
1.13994100e+04 1.86804630e-02 -9.14438830e-07 4.09011444e+00 -8.05616595e-07
1.13999100e+04 1.87493550e-02 -2.31070350e-05 4.09026816e+00 -2.03571881e-05
1.14004100e+04 1.88186910e-02 -4.51811473e-05 4.09042188e+00 -3.98043599e-05
1.14009100e+04 1.88884740e-02 -6.71359752e-05 4.09057560e+00 -5.91464269e-05
1.14014100e+04 1.89587100e-02 -8.89699175e-05 4.09072932e+00 -7.83819786e-05
1.14019100e+04 1.90294030e-02 -1.10681907e-04 4.09088304e+00 -9.75100747e-05
1.14024100e+04 1.91005560e-02 -1.32271143e-04 4.09103676e+00 -1.16530010e-04
1.14029100e+04 1.91721750e-02 -1.53736024e-04 4.09119048e+00 -1.35440374e-04
1.14034100e+04 1.92442640e-02 -1.75075483e-04 4.09134420e+00 -1.54240227e-04
1.14039100e+04 1.93168270e-02 -1.96288452e-04 4.09149791e+00 -1.72928628e-04
1.14044100e+04 1.93898680e-02 -2.17373865e-04 4.09165163e+00 -1.91504638e-04
1.14049100e+04 1.94633940e-02 -2.38329852e-04 4.09180535e+00 -2.09966609e-04
1.14054100e+04 1.95374080e-02 -2.59155614e-04 4.09195907e+00 -2.28313838e-04
1.14059100e+04 1.96119140e-02 -2.79850083e-04 4.09211279e+00 -2.46545385e-04
1.14064100e+04 1.96869190e-02 -3.00411391e-04 4.09226651e+00 -2.64659602e-04
1.14069100e+04 1.97624270e-02 -3.20838471e-04 4.09242023e+00 -2.82655552e-04
1.14074100e+04 1.98384420e-02 -3.41130255e-04 4.09257395e+00 -3.00532292e-04
1.14079100e+04 1.99149700e-02 -3.61285142e-04 4.09272767e+00 -3.18288413e-04
1.14084100e+04 1.99920160e-02 -3.81301798e-04 4.09288139e+00 -3.35922739e-04
1.14089100e+04 2.00695850e-02 -4.01178889e-04 4.09303511e+00 -3.53434095e-04
1.14094100e+04 2.01476820e-02 -4.20915080e-04 4.09318883e+00 -3.70821306e-04
1.14099100e+04 2.02263130e-02 -4.40508770e-04 4.09334255e+00 -3.88082961e-04
1.14104100e+04 2.03054820e-02 -4.59958891e-04 4.09349627e+00 -4.05218120e-04
1.14109100e+04 2.03851960e-02 -4.79263577e-04 4.09364999e+00 -4.22225138e-04
1.14114100e+04 2.04654600e-02 -4.98421492e-04 4.09380371e+00 -4.39102839e-04
1.14119100e+04 2.05462800e-02 -5.17431035e-04 4.09395743e+00 -4.55849812e-04
1.14124100e+04 2.06276600e-02 -5.36291139e-04 4.09411115e+00 -4.72465118e-04
1.14129100e+04 2.07096070e-02 -5.54999936e-04 4.09426487e+00 -4.88947111e-04
1.14134100e+04 2.07921270e-02 -5.73555825e-04 4.09441859e+00 -5.05294380e-04
1.14139100e+04 2.08752260e-02 -5.91957204e-04 4.09457230e+00 -5.21505516e-04
1.14144100e+04 2.09589090e-02 -6.10202740e-04 4.09472602e+00 -5.37579343e-04
1.14149100e+04 2.10431820e-02 -6.28290831e-04 4.09487974e+00 -5.53514450e-04
1.14154100e+04 2.11280530e-02 -6.46219342e-04 4.09503346e+00 -5.69308957e-04
1.14159100e+04 2.12135260e-02 -6.63987206e-04 4.09518718e+00 -5.84961923e-04
1.14164100e+04 2.12996090e-02 -6.81592289e-04 4.09534090e+00 -6.00471469e-04
1.14169100e+04 2.13863070e-02 -6.99033255e-04 4.09549462e+00 -6.15836418e-04
1.14174100e+04 2.14736280e-02 -7.16307970e-04 4.09564834e+00 -6.31054891e-04
1.14179100e+04 2.15615770e-02 -7.33415100e-04 4.09580206e+00 -6.46125712e-04
1.14184100e+04 2.16501620e-02 -7.50352510e-04 4.09595578e+00 -6.61046999e-04
1.14189100e+04 2.17393890e-02 -7.67118598e-04 4.09610950e+00 -6.75817344e-04
1.14194100e+04 2.18292650e-02 -7.83711498e-04 4.09626322e+00 -6.90435100e-04
1.14199100e+04 2.19197970e-02 -8.00129340e-04 4.09641694e+00 -7.04898622e-04
1.14204100e+04 2.20109920e-02 -8.16370256e-04 4.09657066e+00 -7.19206265e-04
1.14209100e+04 2.21028580e-02 -8.32432113e-04 4.09672438e+00 -7.33356148e-04
1.14214100e+04 2.21954010e-02 -8.48313309e-04 4.09687810e+00 -7.47346860e-04
1.14219100e+04 2.22886280e-02 -8.64011975e-04 4.09703182e+00 -7.61176756e-04
1.14224100e+04 2.23825490e-02 -8.79525444e-04 4.09718554e+00 -7.74843486e-04
1.14229100e+04 2.24771690e-02 -8.94852380e-04 4.09733926e+00 -7.88345873e-04
1.14234100e+04 2.25724970e-02 -9.09990383e-04 4.09749298e+00 -8.01681804e-04
1.14239100e+04 2.26685410e-02 -9.24937317e-04 4.09764670e+00 -8.14849396e-04
1.14244100e+04 2.27653070e-02 -9.39691582e-04 4.09780041e+00 -8.27847239e-04
1.14249100e+04 2.28628060e-02 -9.54250241e-04 4.09795413e+00 -8.40672748e-04
1.14254100e+04 2.29610440e-02 -9.68611694e-04 4.09810785e+00 -8.53324513e-04
1.14259100e+04 2.30600300e-02 -9.82773540e-04 4.09826157e+00 -8.65800418e-04
1.14264100e+04 2.31597720e-02 -9.96733642e-04 4.09841529e+00 -8.78098581e-04
1.14269100e+04 2.32602790e-02 -1.01048960e-03 4.09856901e+00 -8.90216888e-04
1.14274100e+04 2.33615600e-02 -1.02403901e-03 4.09872273e+00 -9.02153223e-04
1.14279100e+04 2.34636230e-02 -1.03737974e-03 4.09887645e+00 -9.13905706e-04
1.14284100e+04 2.35664770e-02 -1.05050939e-03 4.09903017e+00 -9.25472220e-04
1.14289100e+04 2.36701310e-02 -1.06342555e-03 4.09918389e+00 -9.36850651e-04
1.14294100e+04 2.37745960e-02 -1.07612530e-03 4.09933761e+00 -9.48038412e-04
1.14299100e+04 2.38798780e-02 -1.08860702e-03 4.09949133e+00 -9.59034093e-04
1.14304100e+04 2.39859900e-02 -1.10086725e-03 4.09964505e+00 -9.69834639e-04
1.14309100e+04 2.40929390e-02 -1.11290413e-03 4.09979877e+00 -9.80438403e-04
1.14314100e+04 2.42007360e-02 -1.12471471e-03 4.09995249e+00 -9.90842800e-04
1.14319100e+04 2.43093910e-02 -1.13629633e-03 4.10010621e+00 -1.00104548e-03
1.14324100e+04 2.44189130e-02 -1.14764658e-03 4.10025993e+00 -1.01104433e-03
1.14329100e+04 2.45293140e-02 -1.15876227e-03 4.10041365e+00 -1.02083652e-03
1.14334100e+04 2.46406030e-02 -1.16964099e-03 4.10056737e+00 -1.03041994e-03
1.14339100e+04 2.47527910e-02 -1.18027981e-03 4.10072109e+00 -1.03979201e-03
1.14344100e+04 2.48658890e-02 -1.19067579e-03 4.10087481e+00 -1.04895013e-03
1.14349100e+04 2.49799070e-02 -1.20082626e-03 4.10102852e+00 -1.05789196e-03
1.14354100e+04 2.50948570e-02 -1.21072803e-03 4.10118224e+00 -1.06661469e-03
1.14359100e+04 2.52107510e-02 -1.22037788e-03 4.10133596e+00 -1.07511547e-03
1.14364100e+04 2.53275990e-02 -1.22977315e-03 4.10148968e+00 -1.08339198e-03
1.14369100e+04 2.54454120e-02 -1.23891090e-03 4.10164340e+00 -1.09144161e-03
1.14374100e+04 2.55642040e-02 -1.24778741e-03 4.10179712e+00 -1.09926108e-03
1.14379100e+04 2.56839860e-02 -1.25639973e-03 4.10195084e+00 -1.10684781e-03
1.14384100e+04 2.58047700e-02 -1.26474465e-03 4.10210456e+00 -1.11419896e-03
1.14389100e+04 2.59265690e-02 -1.27281872e-03 4.10225828e+00 -1.12131150e-03
1.14394100e+04 2.60493940e-02 -1.28061900e-03 4.10241200e+00 -1.12818283e-03
1.14399100e+04 2.61732600e-02 -1.28814148e-03 4.10256572e+00 -1.13480942e-03
1.14404100e+04 2.62981790e-02 -1.29538296e-03 4.10271944e+00 -1.14118845e-03
1.14409100e+04 2.64241640e-02 -1.30233997e-03 4.10287316e+00 -1.14731687e-03
1.14414100e+04 2.65512290e-02 -1.30900878e-03 4.10302688e+00 -1.15319139e-03
1.14419100e+04 2.66793880e-02 -1.31538565e-03 4.10318060e+00 -1.15880872e-03
1.14424100e+04 2.68086540e-02 -1.32146711e-03 4.10333432e+00 -1.16416580e-03
1.14429100e+04 2.69390420e-02 -1.32724915e-03 4.10348804e+00 -1.16925910e-03
1.14434100e+04 2.70705650e-02 -1.33272832e-03 4.10364176e+00 -1.17408557e-03
1.14439100e+04 2.72032400e-02 -1.33790007e-03 4.10379548e+00 -1.17864121e-03
1.14444100e+04 2.73370800e-02 -1.34276093e-03 4.10394920e+00 -1.18292297e-03
1.14449100e+04 2.74721010e-02 -1.34730664e-03 4.10410291e+00 -1.18692708e-03
1.14454100e+04 2.76083180e-02 -1.35153318e-03 4.10425663e+00 -1.19065003e-03
1.14459100e+04 2.77457480e-02 -1.35543603e-03 4.10441035e+00 -1.19408780e-03
1.14464100e+04 2.78844050e-02 -1.35901145e-03 4.10456407e+00 -1.19723712e-03
1.14469100e+04 2.80243060e-02 -1.36225490e-03 4.10471779e+00 -1.20009399e-03
1.14474100e+04 2.81654690e-02 -1.36516158e-03 4.10487151e+00 -1.20265417e-03
1.14479100e+04 2.83079090e-02 -1.36772748e-03 4.10502523e+00 -1.20491414e-03
1.14484100e+04 2.84516440e-02 -1.36994781e-03 4.10517895e+00 -1.20686966e-03
1.14489100e+04 2.85966910e-02 -1.37181802e-03 4.10533267e+00 -1.20851675e-03
1.14494100e+04 2.87430680e-02 -1.37333332e-03 4.10548639e+00 -1.20985117e-03
1.14499100e+04 2.88907930e-02 -1.37448889e-03 4.10564011e+00 -1.21086869e-03
1.14504100e+04 2.90398850e-02 -1.37527967e-03 4.10579383e+00 -1.21156484e-03
1.14509100e+04 2.91903630e-02 -1.37570059e-03 4.10594755e+00 -1.21193516e-03
1.14514100e+04 2.93422450e-02 -1.37574684e-03 4.10610127e+00 -1.21197541e-03
1.14519100e+04 2.94955500e-02 -1.37541336e-03 4.10625499e+00 -1.21168113e-03
1.14524100e+04 2.96503000e-02 -1.37469427e-03 4.10640871e+00 -1.21104715e-03
1.14529100e+04 2.98065130e-02 -1.37358478e-03 4.10656243e+00 -1.21006923e-03
1.14534100e+04 2.99642110e-02 -1.37207900e-03 4.10671615e+00 -1.20874221e-03
1.14539100e+04 3.01234140e-02 -1.37017160e-03 4.10686987e+00 -1.20706139e-03
1.14544100e+04 3.02841440e-02 -1.36785672e-03 4.10702359e+00 -1.20502158e-03
1.14549100e+04 3.04464220e-02 -1.36512874e-03 4.10717731e+00 -1.20261786e-03
1.14554100e+04 3.06102720e-02 -1.36198127e-03 4.10733102e+00 -1.19984459e-03
1.14559100e+04 3.07757140e-02 -1.35840896e-03 4.10748474e+00 -1.19669706e-03
1.14564100e+04 3.09427730e-02 -1.35440515e-03 4.10763846e+00 -1.19316939e-03
1.14569100e+04 3.11114710e-02 -1.34996396e-03 4.10779218e+00 -1.18925642e-03
1.14574100e+04 3.12818330e-02 -1.34507872e-03 4.10794590e+00 -1.18495227e-03
1.14579100e+04 3.14538830e-02 -1.33974303e-03 4.10809962e+00 -1.18025129e-03
1.14584100e+04 3.16276460e-02 -1.33395022e-03 4.10825334e+00 -1.17514761e-03
1.14589100e+04 3.18031480e-02 -1.32769335e-03 4.10840706e+00 -1.16963512e-03
1.14594100e+04 3.19804130e-02 -1.32096601e-03 4.10856078e+00 -1.16370817e-03
1.14599100e+04 3.21594690e-02 -1.31376073e-03 4.10871450e+00 -1.15736019e-03
1.14604100e+04 3.23403420e-02 -1.30607057e-03 4.10886822e+00 -1.15058507e-03
1.14609100e+04 3.25230600e-02 -1.29788807e-03 4.10902194e+00 -1.14337621e-03
1.14614100e+04 3.27076500e-02 -1.28920601e-03 4.10917566e+00 -1.13572727e-03
1.14619100e+04 3.28941420e-02 -1.28001640e-03 4.10932938e+00 -1.12763121e-03
1.14624100e+04 3.30825650e-02 -1.27031148e-03 4.10948310e+00 -1.11908120e-03
1.14629100e+04 3.32729470e-02 -1.26008380e-03 4.10963682e+00 -1.11007067e-03
1.14634100e+04 3.34653200e-02 -1.24932480e-03 4.10979054e+00 -1.10059208e-03
1.14639100e+04 3.36597150e-02 -1.23802623e-03 4.10994426e+00 -1.09063816e-03
1.14644100e+04 3.38561630e-02 -1.22617980e-03 4.11009798e+00 -1.08020162e-03
1.14649100e+04 3.40546960e-02 -1.21377697e-03 4.11025170e+00 -1.06927493e-03
1.14654100e+04 3.42553470e-02 -1.20080895e-03 4.11040542e+00 -1.05785034e-03
1.14659100e+04 3.44581500e-02 -1.18726665e-03 4.11055913e+00 -1.04591985e-03
1.14664100e+04 3.46631390e-02 -1.17314101e-03 4.11071285e+00 -1.03347547e-03
1.14669100e+04 3.48703500e-02 -1.15842241e-03 4.11086657e+00 -1.02050874e-03
1.14674100e+04 3.50798180e-02 -1.14310152e-03 4.11102029e+00 -1.00701144e-03
1.14679100e+04 3.52915800e-02 -1.12716846e-03 4.11117401e+00 -9.92974863e-04
1.14684100e+04 3.55056740e-02 -1.11061310e-03 4.11132773e+00 -9.78390077e-04
1.14689100e+04 3.57221360e-02 -1.09342582e-03 4.11148145e+00 -9.63248621e-04
1.14694100e+04 3.59410070e-02 -1.07559569e-03 4.11163517e+00 -9.47540858e-04
1.14699100e+04 3.61623270e-02 -1.05711203e-03 4.11178889e+00 -9.31257384e-04
1.14704100e+04 3.63861360e-02 -1.03796416e-03 4.11194261e+00 -9.14388797e-04
1.14709100e+04 3.66124760e-02 -1.01814089e-03 4.11209633e+00 -8.96925225e-04
1.14714100e+04 3.68413900e-02 -9.97630723e-04 4.11225005e+00 -8.78856558e-04
1.14719100e+04 3.70729210e-02 -9.76422199e-04 4.11240377e+00 -8.60172690e-04
1.14724100e+04 3.73071130e-02 -9.54503573e-04 4.11255749e+00 -8.40863277e-04
1.14729100e+04 3.75440140e-02 -9.31862035e-04 4.11271121e+00 -8.20917036e-04
1.14734100e+04 3.77836680e-02 -9.08485843e-04 4.11286493e+00 -8.00323625e-04
1.14739100e+04 3.80261240e-02 -8.84361923e-04 4.11301865e+00 -7.79071524e-04
1.14744100e+04 3.82714310e-02 -8.59477197e-04 4.11317237e+00 -7.57149215e-04
1.14749100e+04 3.85196390e-02 -8.33818323e-04 4.11332609e+00 -7.34544945e-04
1.14754100e+04 3.87707990e-02 -8.07371692e-04 4.11347981e+00 -7.11246727e-04
1.14759100e+04 3.90249630e-02 -7.80123426e-04 4.11363352e+00 -6.87242335e-04
1.14764100e+04 3.92821840e-02 -7.52059383e-04 4.11378724e+00 -6.62519312e-04
1.14769100e+04 3.95425190e-02 -7.23164352e-04 4.11394096e+00 -6.37064258e-04
1.14774100e+04 3.98060220e-02 -6.93423923e-04 4.11409468e+00 -6.10864480e-04
1.14779100e+04 4.00727520e-02 -6.62822351e-04 4.11424840e+00 -5.83906110e-04
1.14784100e+04 4.03427680e-02 -6.31343891e-04 4.11440212e+00 -5.56175277e-04
1.14789100e+04 4.06161290e-02 -5.98972799e-04 4.11455584e+00 -5.27658114e-04
1.14794100e+04 4.08928980e-02 -5.65692264e-04 4.11470956e+00 -4.98339810e-04
1.14799100e+04 4.11731380e-02 -5.31485473e-04 4.11486328e+00 -4.68205557e-04
1.14804100e+04 4.14569140e-02 -4.96335081e-04 4.11501700e+00 -4.37240075e-04
1.14809100e+04 4.17442930e-02 -4.60223209e-04 4.11517072e+00 -4.05427615e-04
1.14814100e+04 4.20353430e-02 -4.23131710e-04 4.11532444e+00 -3.72752191e-04
1.14819100e+04 4.23301350e-02 -3.85041637e-04 4.11547816e+00 -3.39197115e-04
1.14824100e+04 4.26287390e-02 -3.45934311e-04 4.11563188e+00 -3.04745931e-04
1.14829100e+04 4.29312290e-02 -3.05789984e-04 4.11578560e+00 -2.69381245e-04
1.14834100e+04 4.32376820e-02 -2.64588108e-04 4.11593932e+00 -2.33084956e-04
1.14839100e+04 4.35481750e-02 -2.22308137e-04 4.11609304e+00 -1.95838964e-04
1.14844100e+04 4.38627870e-02 -1.78928987e-04 4.11624676e+00 -1.57624699e-04
1.14849100e+04 4.41816000e-02 -1.34428777e-04 4.11640048e+00 -1.18422885e-04
1.14854100e+04 4.45046970e-02 -8.87853577e-05 4.11655420e+00 -7.82140116e-05
1.14859100e+04 4.48321650e-02 -4.19755129e-05 4.11670792e+00 -3.69776278e-05
1.14864100e+04 4.51640930e-02 6.02450760e-06 4.11686163e+00 5.30718729e-06
1.14869100e+04 4.55005710e-02 5.52387209e-05 4.11701535e+00 4.86615898e-05
1.14874100e+04 4.58416910e-02 1.05691678e-04 4.11716907e+00 9.31072059e-05
1.14879100e+04 4.61875510e-02 1.57409530e-04 4.11732279e+00 1.38667072e-04
1.14884100e+04 4.65382480e-02 2.10418162e-04 4.11747651e+00 1.85363990e-04
1.14889100e+04 4.68938840e-02 2.64744794e-04 4.11763023e+00 2.33221937e-04
1.14894100e+04 4.72545630e-02 3.20417178e-04 4.11778395e+00 2.82265360e-04
1.14899100e+04 4.76203910e-02 3.77463602e-04 4.11793767e+00 3.32519176e-04
1.14904100e+04 4.79914790e-02 4.35913686e-04 4.11809139e+00 3.84009476e-04
1.14909100e+04 4.83679400e-02 4.95797585e-04 4.11824511e+00 4.36762825e-04
1.14914100e+04 4.87498900e-02 5.57146254e-04 4.11839883e+00 4.90806490e-04
1.14919100e+04 4.91374480e-02 6.19991449e-04 4.11855255e+00 5.46168444e-04
1.14924100e+04 4.95307390e-02 6.84366526e-04 4.11870627e+00 6.02878070e-04
1.14929100e+04 4.99298890e-02 7.50305111e-04 4.11885999e+00 6.60964987e-04
1.14934100e+04 5.03350290e-02 8.17842160e-04 4.11901371e+00 7.20459989e-04
1.14939100e+04 5.07462930e-02 8.87013432e-04 4.11916743e+00 7.81394574e-04
1.14944100e+04 5.11638200e-02 9.57856021e-04 4.11932115e+00 8.43801418e-04
1.14949100e+04 5.15877520e-02 1.03040782e-03 4.11947487e+00 9.07713900e-04
1.14954100e+04 5.20182380e-02 1.10470859e-03 4.11962859e+00 9.73167044e-04
1.14959100e+04 5.24554270e-02 1.18079809e-03 4.11978231e+00 1.04019588e-03
1.14964100e+04 5.28994780e-02 1.25871876e-03 4.11993603e+00 1.10883777e-03
1.14969100e+04 5.33505510e-02 1.33851328e-03 4.12008974e+00 1.17913034e-03
1.14974100e+04 5.38088130e-02 1.42022623e-03 4.12024346e+00 1.25111284e-03
1.14979100e+04 5.42744340e-02 1.50390297e-03 4.12039718e+00 1.32482524e-03
1.14984100e+04 5.47475930e-02 1.58959127e-03 4.12055090e+00 1.40030960e-03
1.14989100e+04 5.52284720e-02 1.67733969e-03 4.12070462e+00 1.47760871e-03
1.14994100e+04 5.57172600e-02 1.76719867e-03 4.12085834e+00 1.55676701e-03
1.14999100e+04 5.62141520e-02 1.85922025e-03 4.12101206e+00 1.63783032e-03
1.15004100e+04 5.67193490e-02 1.95345807e-03 4.12116578e+00 1.72084590e-03
1.15009100e+04 5.72330590e-02 2.04996762e-03 4.12131950e+00 1.80586263e-03
1.15014100e+04 5.77554970e-02 2.14880630e-03 4.12147322e+00 1.89293107e-03
1.15019100e+04 5.82868870e-02 2.25003386e-03 4.12162694e+00 1.98210386e-03
1.15024100e+04 5.88274560e-02 2.35371089e-03 4.12178066e+00 2.07343437e-03
1.15029100e+04 5.93774450e-02 2.45990170e-03 4.12193438e+00 2.16697925e-03
1.15034100e+04 5.99370970e-02 2.56867113e-03 4.12208810e+00 2.26279561e-03
1.15039100e+04 6.05066690e-02 2.68008777e-03 4.12224182e+00 2.36094387e-03
1.15044100e+04 6.10864240e-02 2.79422180e-03 4.12239554e+00 2.46148585e-03
1.15049100e+04 6.16766350e-02 2.91114608e-03 4.12254926e+00 2.56448574e-03
1.15054100e+04 6.22775850e-02 3.03093611e-03 4.12270298e+00 2.67001004e-03
1.15059100e+04 6.28895670e-02 3.15367009e-03 4.12285670e+00 2.77812764e-03
1.15064100e+04 6.35128860e-02 3.27942942e-03 4.12301042e+00 2.88891022e-03
1.15069100e+04 6.41478550e-02 3.40829761e-03 4.12316413e+00 3.00243138e-03
1.15074100e+04 6.47948020e-02 3.54036220e-03 4.12331785e+00 3.11876820e-03
1.15079100e+04 6.54540660e-02 3.67571365e-03 4.12347157e+00 3.23800039e-03
1.15084100e+04 6.61260000e-02 3.81444616e-03 4.12362529e+00 3.36021091e-03
1.15089100e+04 6.68109670e-02 3.95665660e-03 4.12377901e+00 3.48548509e-03
1.15094100e+04 6.75093490e-02 4.10244690e-03 4.12393273e+00 3.61391273e-03
1.15099100e+04 6.82215400e-02 4.25192222e-03 4.12408645e+00 3.74558646e-03
1.15104100e+04 6.89479490e-02 4.40519168e-03 4.12424017e+00 3.88060240e-03
1.15109100e+04 6.96890030e-02 4.56236925e-03 4.12439389e+00 4.01906094e-03
1.15114100e+04 7.04451440e-02 4.72357286e-03 4.12454761e+00 4.16106597e-03
1.15119100e+04 7.12168360e-02 4.88892635e-03 4.12470133e+00 4.30672657e-03
1.15124100e+04 7.20045570e-02 5.05855726e-03 4.12485505e+00 4.45615509e-03
1.15129100e+04 7.28088080e-02 5.23259929e-03 4.12500877e+00 4.60946931e-03
1.15134100e+04 7.36301100e-02 5.41119148e-03 4.12516249e+00 4.76679170e-03
1.15139100e+04 7.44690060e-02 5.59447873e-03 4.12531621e+00 4.92824990e-03
1.15144100e+04 7.53260620e-02 5.78261207e-03 4.12546993e+00 5.09397695e-03
1.15149100e+04 7.62018690e-02 5.97574922e-03 4.12562365e+00 5.26411179e-03
1.15154100e+04 7.70970440e-02 6.17405483e-03 4.12577737e+00 5.43879944e-03
1.15159100e+04 7.80122300e-02 6.37770049e-03 4.12593109e+00 5.61819106e-03
1.15164100e+04 7.89480990e-02 6.58686551e-03 4.12608481e+00 5.80244462e-03
1.15169100e+04 7.99053540e-02 6.80173752e-03 4.12623853e+00 5.99172535e-03
1.15174100e+04 8.08847290e-02 7.02251236e-03 4.12639224e+00 6.18620581e-03
1.15179100e+04 8.18869930e-02 7.24939527e-03 4.12654596e+00 6.38606677e-03
1.15184100e+04 8.29129500e-02 7.48260078e-03 4.12669968e+00 6.59149720e-03
1.15189100e+04 8.39634420e-02 7.72235359e-03 4.12685340e+00 6.80269505e-03
1.15194100e+04 8.50393500e-02 7.96888880e-03 4.12700712e+00 7.01986741e-03
1.15199100e+04 8.61416000e-02 8.22245352e-03 4.12716084e+00 7.24323194e-03
1.15204100e+04 8.72711610e-02 8.48330634e-03 4.12731456e+00 7.47301644e-03
1.15209100e+04 8.84290510e-02 8.75171890e-03 4.12746828e+00 7.70946019e-03
1.15214100e+04 8.96163370e-02 9.02797595e-03 4.12762200e+00 7.95281401e-03
1.15219100e+04 9.08341430e-02 9.31237744e-03 4.12777572e+00 8.20334213e-03
1.15224100e+04 9.20836470e-02 9.60523771e-03 4.12792944e+00 8.46132145e-03
1.15229100e+04 9.33660920e-02 9.90688846e-03 4.12808316e+00 8.72704416e-03
1.15234100e+04 9.46827820e-02 1.02176777e-02 4.12823688e+00 9.00081678e-03
1.15239100e+04 9.60350930e-02 1.05379726e-02 4.12839060e+00 9.28296278e-03
1.15244100e+04 9.74244750e-02 1.08681601e-02 4.12854432e+00 9.57382299e-03
1.15249100e+04 9.88524550e-02 1.12086477e-02 4.12869804e+00 9.87375637e-03
1.15254100e+04 1.00320650e-01 1.15598668e-02 4.12885176e+00 1.01831430e-02
1.15259100e+04 1.01830760e-01 1.19222713e-02 4.12900548e+00 1.05023826e-02
1.15264100e+04 1.03384580e-01 1.22963399e-02 4.12915920e+00 1.08318969e-02
1.15269100e+04 1.04984020e-01 1.26825826e-02 4.12931292e+00 1.11721351e-02
1.15274100e+04 1.06631090e-01 1.30815355e-02 4.12946664e+00 1.15235696e-02
1.15279100e+04 1.08327930e-01 1.34937699e-02 4.12962035e+00 1.18867034e-02
1.15284100e+04 1.10076800e-01 1.39198888e-02 4.12977407e+00 1.22620678e-02
1.15289100e+04 1.11880100e-01 1.43605326e-02 4.12992779e+00 1.26502269e-02
1.15294100e+04 1.13740380e-01 1.48163818e-02 4.13008151e+00 1.30517803e-02
1.15299100e+04 1.15660340e-01 1.52881570e-02 4.13023523e+00 1.34673624e-02
1.15304100e+04 1.17642860e-01 1.57766266e-02 4.13038895e+00 1.38976505e-02
1.15309100e+04 1.19691020e-01 1.62826127e-02 4.13054267e+00 1.43433684e-02
1.15314100e+04 1.21808080e-01 1.68069851e-02 4.13069639e+00 1.48052825e-02
1.15319100e+04 1.23997520e-01 1.73506725e-02 4.13085011e+00 1.52842107e-02
1.15324100e+04 1.26263070e-01 1.79146703e-02 4.13100383e+00 1.57810301e-02
1.15329100e+04 1.28608710e-01 1.85000405e-02 4.13115755e+00 1.62966759e-02
1.15334100e+04 1.31038690e-01 1.91079174e-02 4.13131127e+00 1.68321475e-02
1.15339100e+04 1.33557570e-01 1.97395177e-02 4.13146499e+00 1.73885165e-02
1.15344100e+04 1.36170260e-01 2.03961517e-02 4.13161871e+00 1.79669372e-02
1.15349100e+04 1.38881990e-01 2.10792151e-02 4.13177243e+00 1.85686391e-02
1.15354100e+04 1.41698410e-01 2.17902156e-02 4.13192615e+00 1.91949502e-02
1.15359100e+04 1.44625610e-01 2.25307784e-02 4.13207987e+00 1.98473021e-02
1.15364100e+04 1.47670120e-01 2.33026459e-02 4.13223359e+00 2.05272298e-02
1.15369100e+04 1.50839010e-01 2.41077050e-02 4.13238731e+00 2.12363952e-02
1.15374100e+04 1.54139930e-01 2.49479970e-02 4.13254103e+00 2.19765966e-02
1.15379100e+04 1.57581140e-01 2.58257262e-02 4.13269474e+00 2.27497756e-02
1.15384100e+04 1.61171590e-01 2.67432809e-02 4.13284846e+00 2.35580361e-02
1.15389100e+04 1.64921020e-01 2.77032603e-02 4.13300218e+00 2.44036677e-02
1.15394100e+04 1.68839980e-01 2.87084797e-02 4.13315590e+00 2.52891503e-02
1.15399100e+04 1.72940000e-01 2.97620160e-02 4.13330962e+00 2.62171942e-02
1.15404100e+04 1.77233630e-01 3.08672182e-02 4.13346334e+00 2.71907495e-02
1.15409100e+04 1.81734610e-01 3.20277529e-02 4.13361706e+00 2.82130461e-02
1.15414100e+04 1.86457950e-01 3.32476256e-02 4.13377078e+00 2.92876124e-02
1.15419100e+04 1.91420140e-01 3.45312367e-02 4.13392450e+00 3.04183244e-02
1.15424100e+04 1.96639300e-01 3.58834217e-02 4.13407822e+00 3.16094418e-02
1.15429100e+04 2.02135400e-01 3.73095097e-02 4.13423194e+00 3.28656588e-02
1.15434100e+04 2.07930460e-01 3.88153768e-02 4.13438566e+00 3.41921515e-02
1.15439100e+04 2.14048860e-01 4.04075290e-02 4.13453938e+00 3.55946510e-02
1.15444100e+04 2.20517640e-01 4.20931821e-02 4.13469310e+00 3.70795133e-02
1.15449100e+04 2.27366850e-01 4.38803550e-02 4.13484682e+00 3.86538024e-02
1.15454100e+04 2.34630000e-01 4.57779901e-02 4.13500054e+00 4.03253953e-02
1.15459100e+04 2.42344530e-01 4.77960784e-02 4.13515426e+00 4.21030929e-02
1.15464100e+04 2.50552410e-01 4.99458199e-02 4.13530798e+00 4.39967609e-02
1.15469100e+04 2.59300850e-01 5.22398129e-02 4.13546170e+00 4.60174970e-02
1.15474100e+04 2.68643050e-01 5.46922540e-02 4.13561542e+00 4.81778067e-02
1.15479100e+04 2.78639220e-01 5.73192107e-02 4.13576914e+00 5.04918434e-02
1.15484100e+04 2.89357740e-01 6.01389304e-02 4.13592285e+00 5.29756809e-02
1.15489100e+04 3.00876500e-01 6.31721987e-02 4.13607657e+00 5.56476287e-02
1.15494100e+04 3.13284610e-01 6.64427949e-02 4.13623029e+00 5.85286336e-02
1.15499100e+04 3.26684430e-01 6.99780344e-02 4.13638401e+00 6.16427570e-02
1.15504100e+04 3.41193980e-01 7.38094116e-02 4.13653773e+00 6.50177417e-02
1.15509100e+04 3.56950050e-01 7.79734295e-02 4.13669145e+00 6.86857423e-02
1.15514100e+04 3.74111820e-01 8.25125663e-02 4.13684517e+00 7.26841770e-02
1.15519100e+04 3.92865560e-01 8.74765291e-02 4.13699889e+00 7.70568316e-02
1.15524100e+04 4.13430350e-01 9.29237806e-02 4.13715261e+00 8.18552046e-02
1.15529100e+04 4.36065310e-01 9.89234686e-02 4.13730633e+00 8.71402067e-02
1.15534100e+04 4.61078740e-01 1.05557864e-01 4.13746005e+00 9.29843089e-02
1.15539100e+04 4.88839800e-01 1.12925481e-01 4.13761377e+00 9.94742887e-02
1.15544100e+04 5.19433480e-01 1.21048997e-01 4.13776749e+00 1.06630124e-01
1.15545100e+04 5.26041170e-01 1.22804180e-01 4.13779823e+00 1.08176228e-01
1.15546100e+04 5.32802140e-01 1.24600267e-01 4.13782898e+00 1.09758363e-01
1.15547100e+04 5.39721400e-01 1.26438595e-01 4.13785972e+00 1.11377707e-01
1.15548100e+04 5.46804190e-01 1.28320562e-01 4.13789046e+00 1.13035491e-01
1.15549100e+04 5.54055950e-01 1.30247619e-01 4.13792121e+00 1.14732995e-01
1.15550100e+04 5.61482340e-01 1.32221277e-01 4.13795195e+00 1.16471549e-01
1.15551100e+04 5.69089290e-01 1.34243118e-01 4.13798270e+00 1.18252546e-01
1.15552100e+04 5.76882970e-01 1.36314789e-01 4.13801344e+00 1.20077437e-01
1.15553100e+04 5.84869800e-01 1.38438004e-01 4.13804418e+00 1.21947732e-01
1.15554100e+04 5.93056500e-01 1.40614555e-01 4.13807493e+00 1.23865009e-01
1.15555100e+04 6.01450080e-01 1.42846313e-01 4.13810567e+00 1.25830917e-01
1.15556100e+04 6.10057850e-01 1.45135229e-01 4.13813642e+00 1.27847174e-01
1.15557100e+04 6.18887460e-01 1.47483344e-01 4.13816716e+00 1.29915579e-01
1.15558100e+04 6.27946890e-01 1.49892788e-01 4.13819790e+00 1.32038006e-01
1.15559100e+04 6.37244480e-01 1.52365786e-01 4.13822865e+00 1.34216417e-01
1.15560100e+04 6.46788970e-01 1.54904671e-01 4.13825939e+00 1.36452866e-01
1.15561100e+04 6.56589460e-01 1.57511871e-01 4.13829014e+00 1.38749492e-01
1.15562100e+04 6.66655510e-01 1.60189936e-01 4.13832088e+00 1.41108543e-01
1.15563100e+04 6.76997110e-01 1.62941534e-01 4.13835162e+00 1.43532366e-01
1.15564100e+04 6.87624710e-01 1.65769453e-01 4.13838237e+00 1.46023419e-01
1.15565100e+04 6.98549270e-01 1.68676617e-01 4.13841311e+00 1.48584277e-01
1.15566100e+04 7.09782250e-01 1.71666085e-01 4.13844385e+00 1.51217634e-01
1.15567100e+04 7.21335680e-01 1.74741067e-01 4.13847460e+00 1.53926319e-01
1.15568100e+04 7.33222150e-01 1.77904922e-01 4.13850534e+00 1.56713290e-01
1.15569100e+04 7.45454890e-01 1.81161181e-01 4.13853609e+00 1.59581658e-01
1.15570100e+04 7.58047740e-01 1.84513537e-01 4.13856683e+00 1.62534676e-01
1.15571100e+04 7.71015240e-01 1.87965871e-01 4.13859757e+00 1.65575762e-01
1.15572100e+04 7.84372670e-01 1.91522260e-01 4.13862832e+00 1.68708507e-01
1.15573100e+04 7.98136030e-01 1.95186974e-01 4.13865906e+00 1.71936673e-01
1.15574100e+04 8.12322160e-01 1.98964506e-01 4.13868981e+00 1.75264219e-01
1.15575100e+04 8.26948740e-01 2.02859575e-01 4.13872055e+00 1.78695299e-01
1.15576100e+04 8.42034330e-01 2.06877133e-01 4.13875129e+00 1.82234278e-01
1.15577100e+04 8.57598470e-01 2.11022395e-01 4.13878204e+00 1.85885748e-01
1.15578100e+04 8.73661670e-01 2.15300834e-01 4.13881278e+00 1.89654531e-01
1.15579100e+04 8.90245520e-01 2.19718211e-01 4.13884353e+00 1.93545701e-01
1.15580100e+04 9.07372730e-01 2.24280586e-01 4.13887427e+00 1.97564597e-01
1.15581100e+04 9.25067180e-01 2.28994333e-01 4.13890501e+00 2.01716832e-01
1.15582100e+04 9.43354010e-01 2.33866160e-01 4.13893576e+00 2.06008317e-01
1.15583100e+04 9.62259680e-01 2.38903128e-01 4.13896650e+00 2.10445270e-01
1.15584100e+04 9.81812040e-01 2.44112668e-01 4.13899725e+00 2.15034238e-01
1.15585100e+04 1.00204040e+00 2.49502603e-01 4.13902799e+00 2.19782112e-01
1.15586100e+04 1.02297570e+00 2.55081188e-01 4.13905873e+00 2.24696164e-01
1.15587100e+04 1.04465030e+00 2.60857060e-01 4.13908948e+00 2.29784001e-01
1.15588100e+04 1.06709850e+00 2.66839372e-01 4.13912022e+00 2.35053686e-01
1.15589100e+04 1.09035640e+00 2.73037756e-01 4.13915096e+00 2.40513704e-01
1.15590100e+04 1.11446190e+00 2.79462327e-01 4.13918171e+00 2.46172965e-01
1.15591100e+04 1.13945490e+00 2.86123733e-01 4.13921245e+00 2.52040847e-01
1.15592100e+04 1.16537740e+00 2.93033180e-01 4.13924320e+00 2.58127225e-01
1.15593100e+04 1.19227380e+00 3.00202519e-01 4.13927394e+00 2.64442534e-01
1.15594100e+04 1.22019060e+00 3.07644156e-01 4.13930468e+00 2.70997705e-01
1.15595100e+04 1.24917660e+00 3.15371116e-01 4.13933543e+00 2.77804209e-01
1.15596100e+04 1.27928330e+00 3.23397141e-01 4.13936617e+00 2.84874153e-01
1.15597100e+04 1.31056470e+00 3.31736640e-01 4.13939692e+00 2.92220230e-01
1.15598100e+04 1.34307750e+00 3.40404746e-01 4.13942766e+00 2.99855768e-01
1.15599100e+04 1.37688100e+00 3.49417282e-01 4.13945840e+00 3.07794707e-01
1.15600100e+04 1.41203750e+00 3.58790874e-01 4.13948915e+00 3.16051691e-01
1.15601100e+04 1.44861200e+00 3.68542867e-01 4.13951989e+00 3.24641999e-01
1.15602100e+04 1.48667250e+00 3.78691408e-01 4.13955064e+00 3.33581617e-01
1.15603100e+04 1.52628970e+00 3.89255362e-01 4.13958138e+00 3.42887163e-01
1.15604100e+04 1.56753740e+00 4.00254424e-01 4.13961212e+00 3.52575986e-01
1.15605100e+04 1.61049190e+00 4.11708956e-01 4.13964287e+00 3.62666020e-01
1.15606100e+04 1.65523240e+00 4.23640091e-01 4.13967361e+00 3.73175883e-01
1.15607100e+04 1.70184040e+00 4.36069579e-01 4.13970435e+00 3.84124734e-01
1.15608100e+04 1.75039960e+00 4.49019756e-01 4.13973510e+00 3.95532246e-01
1.15609100e+04 1.80099560e+00 4.62513464e-01 4.13976584e+00 4.07418542e-01
1.15610100e+04 1.85371550e+00 4.76573947e-01 4.13979659e+00 4.19804096e-01
1.15611100e+04 1.90864700e+00 4.91224607e-01 4.13982733e+00 4.32709523e-01
1.15612100e+04 1.96587820e+00 5.06488955e-01 4.13985807e+00 4.46155533e-01
1.15613100e+04 2.02549620e+00 5.22390234e-01 4.13988882e+00 4.60162599e-01
1.15614100e+04 2.08758660e+00 5.38951286e-01 4.13991956e+00 4.74750844e-01
1.15615100e+04 2.15223150e+00 5.56194022e-01 4.13995031e+00 4.89939566e-01
1.15616100e+04 2.21950880e+00 5.74139227e-01 4.13998105e+00 5.05747078e-01
1.15617100e+04 2.28948970e+00 5.92805903e-01 4.14001179e+00 5.22190115e-01
1.15618100e+04 2.36223730e+00 6.12210889e-01 4.14004254e+00 5.39283510e-01
1.15619100e+04 2.43780340e+00 6.32368007e-01 4.14007328e+00 5.57039439e-01
1.15620100e+04 2.51622670e+00 6.53287584e-01 4.14010403e+00 5.75467000e-01
1.15621100e+04 2.59752920e+00 6.74975492e-01 4.14013477e+00 5.94571364e-01
1.15622100e+04 2.68171280e+00 6.97432238e-01 4.14016551e+00 6.14352977e-01
1.15623100e+04 2.76875590e+00 7.20652057e-01 4.14019626e+00 6.34806761e-01
1.15624100e+04 2.85860950e+00 7.44621874e-01 4.14022700e+00 6.55921199e-01
1.15625100e+04 2.95119280e+00 7.69320126e-01 4.14025775e+00 6.77677296e-01
1.15626100e+04 3.04638910e+00 7.94715671e-01 4.14028849e+00 7.00047621e-01
1.15627100e+04 3.14404170e+00 8.20766695e-01 4.14031923e+00 7.22995337e-01
1.15628100e+04 3.24395000e+00 8.47419664e-01 4.14034998e+00 7.46473291e-01
1.15629100e+04 3.34586560e+00 8.74608292e-01 4.14038072e+00 7.70423090e-01
1.15630100e+04 3.44949010e+00 9.02252949e-01 4.14041146e+00 7.94774593e-01
1.15631100e+04 3.55447270e+00 9.30260024e-01 4.14044221e+00 8.19445336e-01
1.15632100e+04 3.66040970e+00 9.58521785e-01 4.14047295e+00 8.44340423e-01
1.15633100e+04 3.76684550e+00 9.86916653e-01 4.14050370e+00 8.69352757e-01
1.15634100e+04 3.87327560e+00 1.01531000e+00 4.14053444e+00 8.94363747e-01
1.15635100e+04 3.97915090e+00 1.04355530e+00 4.14056518e+00 9.19244318e-01
1.15636100e+04 4.08388480e+00 1.07149600e+00 4.14059593e+00 9.43856580e-01
1.15637100e+04 4.18686260e+00 1.09896809e+00 4.14062667e+00 9.68056036e-01
1.15638100e+04 4.28745220e+00 1.12580286e+00 4.14065742e+00 9.91694101e-01
1.15639100e+04 4.38501720e+00 1.15183051e+00 4.14068816e+00 1.01462118e+00
1.15640100e+04 4.47893120e+00 1.17688387e+00 4.14071890e+00 1.03669002e+00
1.15641100e+04 4.56858900e+00 1.20080143e+00 4.14074965e+00 1.05775837e+00
1.15642100e+04 4.65341510e+00 1.22342963e+00 4.14078039e+00 1.07769095e+00
1.15643100e+04 4.73287860e+00 1.24462679e+00 4.14081114e+00 1.09636295e+00
1.15644100e+04 4.80651430e+00 1.26426877e+00 4.14084188e+00 1.11366502e+00
1.15645100e+04 4.87394060e+00 1.28225374e+00 4.14087262e+00 1.12950747e+00
1.15646100e+04 4.93487080e+00 1.29850519e+00 4.14090337e+00 1.14382290e+00
1.15647100e+04 4.98911270e+00 1.31297183e+00 4.14093411e+00 1.15656613e+00
1.15648100e+04 5.03656820e+00 1.32562747e+00 4.14096485e+00 1.16771409e+00
1.15649100e+04 5.07723050e+00 1.33647032e+00 4.14099560e+00 1.17726521e+00
1.15650100e+04 5.11117950e+00 1.34552168e+00 4.14102634e+00 1.18523824e+00
1.15651100e+04 5.13857380e+00 1.35282389e+00 4.14105709e+00 1.19167048e+00
1.15652100e+04 5.15964100e+00 1.35843767e+00 4.14108783e+00 1.19661544e+00
1.15653100e+04 5.17466720e+00 1.36243938e+00 4.14111857e+00 1.20014035e+00
1.15654100e+04 5.18398470e+00 1.36491769e+00 4.14114932e+00 1.20232334e+00
1.15655100e+04 5.18796070e+00 1.36597060e+00 4.14118006e+00 1.20325071e+00
1.15656100e+04 5.18698590e+00 1.36570235e+00 4.14121081e+00 1.20301432e+00
1.15657100e+04 5.18146410e+00 1.36422071e+00 4.14124155e+00 1.20170909e+00
1.15658100e+04 5.17180330e+00 1.36163456e+00 4.14127229e+00 1.19943091e+00
1.15659100e+04 5.15840750e+00 1.35805170e+00 4.14130304e+00 1.19627476e+00
1.15660100e+04 5.14167060e+00 1.35357725e+00 4.14133378e+00 1.19233322e+00
1.15661100e+04 5.12197140e+00 1.34831229e+00 4.14136453e+00 1.18769536e+00
1.15662100e+04 5.09966970e+00 1.34235284e+00 4.14139527e+00 1.18244573e+00
1.15663100e+04 5.07510410e+00 1.33578926e+00 4.14142601e+00 1.17666393e+00
1.15664100e+04 5.04859010e+00 1.32870574e+00 4.14145676e+00 1.17042413e+00
1.15665100e+04 5.02042010e+00 1.32118030e+00 4.14148750e+00 1.16379507e+00
1.15666100e+04 4.99086290e+00 1.31328468e+00 4.14151825e+00 1.15683992e+00
1.15667100e+04 4.96016450e+00 1.30508453e+00 4.14154899e+00 1.14961651e+00
1.15668100e+04 4.92854910e+00 1.29663967e+00 4.14157973e+00 1.14217755e+00
1.15669100e+04 4.89622030e+00 1.28800443e+00 4.14161048e+00 1.13457090e+00
1.15670100e+04 4.86336250e+00 1.27922803e+00 4.14164122e+00 1.12683989e+00
1.15671100e+04 4.83014210e+00 1.27035487e+00 4.14167196e+00 1.11902365e+00
1.15672100e+04 4.79670910e+00 1.26142497e+00 4.14170271e+00 1.11115744e+00
1.15673100e+04 4.76319850e+00 1.25247437e+00 4.14173345e+00 1.10327299e+00
1.15674100e+04 4.72973180e+00 1.24353548e+00 4.14176420e+00 1.09539886e+00
1.15675100e+04 4.69641780e+00 1.23463734e+00 4.14179494e+00 1.08756062e+00
1.15676100e+04 4.66335390e+00 1.22580594e+00 4.14182568e+00 1.07978118e+00
1.15677100e+04 4.63062740e+00 1.21706457e+00 4.14185643e+00 1.07208104e+00
1.15678100e+04 4.59831580e+00 1.20843393e+00 4.14188717e+00 1.06447844e+00
1.15679100e+04 4.56648840e+00 1.19993249e+00 4.14191792e+00 1.05698966e+00
1.15680100e+04 4.53520610e+00 1.19157652e+00 4.14194866e+00 1.04962902e+00
1.15681100e+04 4.50452280e+00 1.18338040e+00 4.14197940e+00 1.04240918e+00
1.15682100e+04 4.47448540e+00 1.17535664e+00 4.14201015e+00 1.03534117e+00
1.15683100e+04 4.44513470e+00 1.16751612e+00 4.14204089e+00 1.02843458e+00
1.15684100e+04 4.41650560e+00 1.15986817e+00 4.14207164e+00 1.02169762e+00
1.15685100e+04 4.38862750e+00 1.15242063e+00 4.14210238e+00 1.01513719e+00
1.15686100e+04 4.36152480e+00 1.14518001e+00 4.14213312e+00 1.00875903e+00
1.15687100e+04 4.33521690e+00 1.13815149e+00 4.14216387e+00 1.00256771e+00
1.15688100e+04 4.30971890e+00 1.13133909e+00 4.14219461e+00 9.96566762e-01
1.15689100e+04 4.28504160e+00 1.12474570e+00 4.14222535e+00 9.90758738e-01
1.15690100e+04 4.26119210e+00 1.11837321e+00 4.14225610e+00 9.85145303e-01
1.15691100e+04 4.23817340e+00 1.11222243e+00 4.14228684e+00 9.79727161e-01
1.15692100e+04 4.21598540e+00 1.10629332e+00 4.14231759e+00 9.74504289e-01
1.15693100e+04 4.19462460e+00 1.10058496e+00 4.14234833e+00 9.69475865e-01
1.15694100e+04 4.17408470e+00 1.09509566e+00 4.14237907e+00 9.64640407e-01
1.15695100e+04 4.15435630e+00 1.08982291e+00 4.14240982e+00 9.59995706e-01
1.15696100e+04 4.13542790e+00 1.08476365e+00 4.14244056e+00 9.55539058e-01
1.15697100e+04 4.11728520e+00 1.07991405e+00 4.14247131e+00 9.51267102e-01
1.15698100e+04 4.09991220e+00 1.07526985e+00 4.14250205e+00 9.47176077e-01
1.15699100e+04 4.08329090e+00 1.07082625e+00 4.14253279e+00 9.43261752e-01
1.15700100e+04 4.06740140e+00 1.06657793e+00 4.14256354e+00 9.39519448e-01
1.15701100e+04 4.05222270e+00 1.06251930e+00 4.14259428e+00 9.35944230e-01
1.15702100e+04 4.03773220e+00 1.05864431e+00 4.14262503e+00 9.32530785e-01
1.15703100e+04 4.02390670e+00 1.05494679e+00 4.14265577e+00 9.29273659e-01
1.15704100e+04 4.01072180e+00 1.05142021e+00 4.14268651e+00 9.26167116e-01
1.15705100e+04 3.99815270e+00 1.04805796e+00 4.14271726e+00 9.23205328e-01
1.15706100e+04 3.98617440e+00 1.04485337e+00 4.14274800e+00 9.20382417e-01
1.15707100e+04 3.97476150e+00 1.04179966e+00 4.14277875e+00 9.17692412e-01
1.15708100e+04 3.96388890e+00 1.03889013e+00 4.14280949e+00 9.15129414e-01
1.15709100e+04 3.95353180e+00 1.03611816e+00 4.14284023e+00 9.12687593e-01
1.15710100e+04 3.94366580e+00 1.03347725e+00 4.14287098e+00 9.10361212e-01
1.15711100e+04 3.93426760e+00 1.03096117e+00 4.14290172e+00 9.08144796e-01
1.15712100e+04 3.92531450e+00 1.02856387e+00 4.14293246e+00 9.06033008e-01
1.15713100e+04 3.91678500e+00 1.02627961e+00 4.14296321e+00 9.04020793e-01
1.15714100e+04 3.90865920e+00 1.02410308e+00 4.14299395e+00 9.02103476e-01
1.15715100e+04 3.90091830e+00 1.02202926e+00 4.14302470e+00 9.00276635e-01
1.15716100e+04 3.89354530e+00 1.02005362e+00 4.14305544e+00 8.98536275e-01
1.15717100e+04 3.88652510e+00 1.01817213e+00 4.14308618e+00 8.96878846e-01
1.15718100e+04 3.87984400e+00 1.01638112e+00 4.14311693e+00 8.95301129e-01
1.15719100e+04 3.87349040e+00 1.01467752e+00 4.14314767e+00 8.93800395e-01
1.15720100e+04 3.86745450e+00 1.01305869e+00 4.14317842e+00 8.92374342e-01
1.15721100e+04 3.86172860e+00 1.01152258e+00 4.14320916e+00 8.91021160e-01
1.15722100e+04 3.85630640e+00 1.01006752e+00 4.14323990e+00 8.89739367e-01
1.15723100e+04 3.85118370e+00 1.00869239e+00 4.14327065e+00 8.88527977e-01
1.15724100e+04 3.84635790e+00 1.00739648e+00 4.14330139e+00 8.87386377e-01
1.15725100e+04 3.84182770e+00 1.00617946e+00 4.14333214e+00 8.86314263e-01
1.15726100e+04 3.83759350e+00 1.00504142e+00 4.14336288e+00 8.85311729e-01
1.15727100e+04 3.83365680e+00 1.00398278e+00 4.14339362e+00 8.84379126e-01
1.15728100e+04 3.83001990e+00 1.00300413e+00 4.14342437e+00 8.83516997e-01
1.15729100e+04 3.82668610e+00 1.00210638e+00 4.14345511e+00 8.82726115e-01
1.15730100e+04 3.82365920e+00 1.00129051e+00 4.14348586e+00 8.82007376e-01
1.15731100e+04 3.82094360e+00 1.00055773e+00 4.14351660e+00 8.81361812e-01
1.15732100e+04 3.81854330e+00 9.99909078e-01 4.14354734e+00 8.80790364e-01
1.15733100e+04 3.81646280e+00 9.99345769e-01 4.14357809e+00 8.80294091e-01
1.15734100e+04 3.81470590e+00 9.98868815e-01 4.14360883e+00 8.79873884e-01
1.15735100e+04 3.81327600e+00 9.98479123e-01 4.14363957e+00 8.79530544e-01
1.15736100e+04 3.81217580e+00 9.98177413e-01 4.14367032e+00 8.79264705e-01
1.15737100e+04 3.81140710e+00 9.97964166e-01 4.14370106e+00 8.79076790e-01
1.15738100e+04 3.81097060e+00 9.97839568e-01 4.14373181e+00 8.78966964e-01
1.15739100e+04 3.81086610e+00 9.97803567e-01 4.14376255e+00 8.78935179e-01
1.15740100e+04 3.81109170e+00 9.97855654e-01 4.14379329e+00 8.78980989e-01
1.15741100e+04 3.81164440e+00 9.97995030e-01 4.14382404e+00 8.79103689e-01
1.15742100e+04 3.81251970e+00 9.98220493e-01 4.14385478e+00 8.79302221e-01
1.15743100e+04 3.81371150e+00 9.98530416e-01 4.14388553e+00 8.79575151e-01
1.15744100e+04 3.81521230e+00 9.98922797e-01 4.14391627e+00 8.79920716e-01
1.15745100e+04 3.81701300e+00 9.99395209e-01 4.14394701e+00 8.80336777e-01
1.15746100e+04 3.81910330e+00 9.99944902e-01 4.14397776e+00 8.80820913e-01
1.15747100e+04 3.82147100e+00 1.00056862e+00 4.14400850e+00 8.81370255e-01
1.15748100e+04 3.82410310e+00 1.00126290e+00 4.14403925e+00 8.81981749e-01
1.15749100e+04 3.82698480e+00 1.00202378e+00 4.14406999e+00 8.82651915e-01
1.15750100e+04 3.83010040e+00 1.00284708e+00 4.14410073e+00 8.83377062e-01
1.15751100e+04 3.83343340e+00 1.00372839e+00 4.14413148e+00 8.84153312e-01
1.15752100e+04 3.83696580e+00 1.00466292e+00 4.14416222e+00 8.84976434e-01
1.15753100e+04 3.84067940e+00 1.00564580e+00 4.14419296e+00 8.85842150e-01
1.15754100e+04 3.84455510e+00 1.00667193e+00 4.14422371e+00 8.86745969e-01
1.15755100e+04 3.84857330e+00 1.00773610e+00 4.14425445e+00 8.87683285e-01
1.15756100e+04 3.85271430e+00 1.00883303e+00 4.14428520e+00 8.88649467e-01
1.15757100e+04 3.85695790e+00 1.00995734e+00 4.14431594e+00 8.89639767e-01
1.15758100e+04 3.86128440e+00 1.01110378e+00 4.14434668e+00 8.90649553e-01
1.15759100e+04 3.86567360e+00 1.01226694e+00 4.14437743e+00 8.91674077e-01
1.15760100e+04 3.87010620e+00 1.01344169e+00 4.14440817e+00 8.92708803e-01
1.15761100e+04 3.87456270e+00 1.01462282e+00 4.14443892e+00 8.93749147e-01
1.15762100e+04 3.87902450e+00 1.01580536e+00 4.14446966e+00 8.94790736e-01
1.15763100e+04 3.88347350e+00 1.01698449e+00 4.14450040e+00 8.95829317e-01
1.15764100e+04 3.88789220e+00 1.01815552e+00 4.14453115e+00 8.96860775e-01
1.15765100e+04 3.89226380e+00 1.01931400e+00 4.14456189e+00 8.97881161e-01
1.15766100e+04 3.89657250e+00 1.02045568e+00 4.14459264e+00 8.98886762e-01
1.15767100e+04 3.90080300e+00 1.02157650e+00 4.14462338e+00 8.99873980e-01
1.15768100e+04 3.90494120e+00 1.02267268e+00 4.14465412e+00 9.00839502e-01
1.15769100e+04 3.90897340e+00 1.02374058e+00 4.14468487e+00 9.01780107e-01
1.15770100e+04 3.91288730e+00 1.02477691e+00 4.14471561e+00 9.02692903e-01
1.15771100e+04 3.91667100e+00 1.02577850e+00 4.14474636e+00 9.03575094e-01
1.15772100e+04 3.92031340e+00 1.02674238e+00 4.14477710e+00 9.04424070e-01
1.15773100e+04 3.92380450e+00 1.02766588e+00 4.14480784e+00 9.05237481e-01
1.15774100e+04 3.92713480e+00 1.02854648e+00 4.14483859e+00 9.06013093e-01
1.15775100e+04 3.93029550e+00 1.02938181e+00 4.14486933e+00 9.06748838e-01
1.15776100e+04 3.93327850e+00 1.03016973e+00 4.14490007e+00 9.07442813e-01
1.15777100e+04 3.93607630e+00 1.03090822e+00 4.14493082e+00 9.08093253e-01
1.15778100e+04 3.93868220e+00 1.03159550e+00 4.14496156e+00 9.08698584e-01
1.15779100e+04 3.94108990e+00 1.03222990e+00 4.14499231e+00 9.09257325e-01
1.15780100e+04 3.94329360e+00 1.03280985e+00 4.14502305e+00 9.09768114e-01
1.15781100e+04 3.94528810e+00 1.03333398e+00 4.14505379e+00 9.10229726e-01
1.15782100e+04 3.94706890e+00 1.03380108e+00 4.14508454e+00 9.10641106e-01
1.15783100e+04 3.94863180e+00 1.03421003e+00 4.14511528e+00 9.11001265e-01
1.15784100e+04 3.94997330e+00 1.03455990e+00 4.14514603e+00 9.11309380e-01
1.15785100e+04 3.95109040e+00 1.03484989e+00 4.14517677e+00 9.11564747e-01
1.15786100e+04 3.95198070e+00 1.03507936e+00 4.14520751e+00 9.11766802e-01
1.15787100e+04 3.95264240e+00 1.03524782e+00 4.14523826e+00 9.11915121e-01
1.15788100e+04 3.95307430e+00 1.03535496e+00 4.14526900e+00 9.12009422e-01
1.15789100e+04 3.95327600e+00 1.03540067e+00 4.14529975e+00 9.12049611e-01
1.15790100e+04 3.95324750e+00 1.03538495e+00 4.14533049e+00 9.12035689e-01
1.15791100e+04 3.95298990e+00 1.03530809e+00 4.14536123e+00 9.11967913e-01
1.15792100e+04 3.95250480e+00 1.03517053e+00 4.14539198e+00 9.11846660e-01
1.15793100e+04 3.95179470e+00 1.03497292e+00 4.14542272e+00 9.11672518e-01
1.15794100e+04 3.95086290e+00 1.03471614e+00 4.14545346e+00 9.11446263e-01
1.15795100e+04 3.94971350e+00 1.03440131e+00 4.14548421e+00 9.11168857e-01
1.15796100e+04 3.94835140e+00 1.03402971e+00 4.14551495e+00 9.10841454e-01
1.15797100e+04 3.94678260e+00 1.03360295e+00 4.14554570e+00 9.10465462e-01
1.15798100e+04 3.94501370e+00 1.03312279e+00 4.14557644e+00 9.10042435e-01
1.15799100e+04 3.94305220e+00 1.03259124e+00 4.14560718e+00 9.09574134e-01
1.15800100e+04 3.94090660e+00 1.03201056e+00 4.14563793e+00 9.09062558e-01
1.15801100e+04 3.93858600e+00 1.03138318e+00 4.14566867e+00 9.08509846e-01
1.15802100e+04 3.93610050e+00 1.03071179e+00 4.14569942e+00 9.07918372e-01
1.15803100e+04 3.93346070e+00 1.02999923e+00 4.14573016e+00 9.07290628e-01
1.15804100e+04 3.93067820e+00 1.02924859e+00 4.14576090e+00 9.06629340e-01
1.15805100e+04 3.92776480e+00 1.02846302e+00 4.14579165e+00 9.05937283e-01
1.15806100e+04 3.92473340e+00 1.02764596e+00 4.14582239e+00 9.05217488e-01
1.15807100e+04 3.92159690e+00 1.02680085e+00 4.14585314e+00 9.04472988e-01
1.15808100e+04 3.91836910e+00 1.02593138e+00 4.14588388e+00 9.03707027e-01
1.15809100e+04 3.91506390e+00 1.02504125e+00 4.14591462e+00 9.02922872e-01
1.15810100e+04 3.91169550e+00 1.02413426e+00 4.14594537e+00 9.02123861e-01
1.15811100e+04 3.90827840e+00 1.02321427e+00 4.14597611e+00 9.01313403e-01
1.15812100e+04 3.90482700e+00 1.02228513e+00 4.14600686e+00 9.00494882e-01
1.15813100e+04 3.90135600e+00 1.02135076e+00 4.14603760e+00 8.99671754e-01
1.15814100e+04 3.89788000e+00 1.02041506e+00 4.14606834e+00 8.98847451e-01
1.15815100e+04 3.89441330e+00 1.01948183e+00 4.14609909e+00 8.98025334e-01
1.15816100e+04 3.89097000e+00 1.01855485e+00 4.14612983e+00 8.97208718e-01
1.15817100e+04 3.88756430e+00 1.01763791e+00 4.14616057e+00 8.96400940e-01
1.15818100e+04 3.88420960e+00 1.01673457e+00 4.14619132e+00 8.95605151e-01
1.15819100e+04 3.88091910e+00 1.01584837e+00 4.14622206e+00 8.94824453e-01
1.15820100e+04 3.87770550e+00 1.01498269e+00 4.14625281e+00 8.94061831e-01
1.15821100e+04 3.87458120e+00 1.01414084e+00 4.14628355e+00 8.93320201e-01
1.15822100e+04 3.87155760e+00 1.01332586e+00 4.14631429e+00 8.92602241e-01
1.15823100e+04 3.86864610e+00 1.01254079e+00 4.14634504e+00 8.91910633e-01
1.15824100e+04 3.86585690e+00 1.01178836e+00 4.14637578e+00 8.91247772e-01
1.15825100e+04 3.86320000e+00 1.01107124e+00 4.14640653e+00 8.90616011e-01
1.15826100e+04 3.86068460e+00 1.01039187e+00 4.14643727e+00 8.90017511e-01
1.15827100e+04 3.85831900e+00 1.00975248e+00 4.14646801e+00 8.89454224e-01
1.15828100e+04 3.85611130e+00 1.00915523e+00 4.14649876e+00 8.88928054e-01
1.15829100e+04 3.85406850e+00 1.00860198e+00 4.14652950e+00 8.88440645e-01
1.15830100e+04 3.85219720e+00 1.00809450e+00 4.14656025e+00 8.87993550e-01
1.15831100e+04 3.85050310e+00 1.00763431e+00 4.14659099e+00 8.87588108e-01
1.15832100e+04 3.84899140e+00 1.00722279e+00 4.14662173e+00 8.87225542e-01
1.15833100e+04 3.84766660e+00 1.00686114e+00 4.14665248e+00 8.86906909e-01
1.15834100e+04 3.84653250e+00 1.00655038e+00 4.14668322e+00 8.86633103e-01
1.15835100e+04 3.84559250e+00 1.00629142e+00 4.14671396e+00 8.86404923e-01
1.15836100e+04 3.84484930e+00 1.00608498e+00 4.14674471e+00 8.86223003e-01
1.15837100e+04 3.84430480e+00 1.00593156e+00 4.14677545e+00 8.86087790e-01
1.15838100e+04 3.84396070e+00 1.00583162e+00 4.14680620e+00 8.85999684e-01
1.15839100e+04 3.84381810e+00 1.00578545e+00 4.14683694e+00 8.85958943e-01
1.15840100e+04 3.84387750e+00 1.00579319e+00 4.14686768e+00 8.85965685e-01
1.15841100e+04 3.84413900e+00 1.00585486e+00 4.14689843e+00 8.86019933e-01
1.15842100e+04 3.84460240e+00 1.00597040e+00 4.14692917e+00 8.86121640e-01
1.15843100e+04 3.84526700e+00 1.00613964e+00 4.14695992e+00 8.86270642e-01
1.15844100e+04 3.84613180e+00 1.00636230e+00 4.14699066e+00 8.86466703e-01
1.15845100e+04 3.84719540e+00 1.00663801e+00 4.14702140e+00 8.86709495e-01
1.15846100e+04 3.84845610e+00 1.00696632e+00 4.14705215e+00 8.86998618e-01
1.15847100e+04 3.84991210e+00 1.00734675e+00 4.14708289e+00 8.87333649e-01
1.15848100e+04 3.85156140e+00 1.00777876e+00 4.14711364e+00 8.87714117e-01
1.15849100e+04 3.85340150e+00 1.00826168e+00 4.14714438e+00 8.88139436e-01
1.15850100e+04 3.85543000e+00 1.00879489e+00 4.14717512e+00 8.88609040e-01
1.15851100e+04 3.85764440e+00 1.00937770e+00 4.14720587e+00 8.89122342e-01
1.15852100e+04 3.86004200e+00 1.01000939e+00 4.14723661e+00 8.89678707e-01
1.15853100e+04 3.86262010e+00 1.01068926e+00 4.14726736e+00 8.90277501e-01
1.15854100e+04 3.86537570e+00 1.01141649e+00 4.14729810e+00 8.90918019e-01
1.15855100e+04 3.86830630e+00 1.01219042e+00 4.14732884e+00 8.91599673e-01
1.15856100e+04 3.87140880e+00 1.01301022e+00 4.14735959e+00 8.92321734e-01
1.15857100e+04 3.87468060e+00 1.01387521e+00 4.14739033e+00 8.93083591e-01
1.15858100e+04 3.87811890e+00 1.01478462e+00 4.14742107e+00 8.93884586e-01
1.15859100e+04 3.88172110e+00 1.01573777e+00 4.14745182e+00 8.94724107e-01
1.15860100e+04 3.88548450e+00 1.01673394e+00 4.14748256e+00 8.95601520e-01
1.15861100e+04 3.88940680e+00 1.01777251e+00 4.14751331e+00 8.96516285e-01
1.15862100e+04 3.89348540e+00 1.01885280e+00 4.14754405e+00 8.97467790e-01
1.15863100e+04 3.89771820e+00 1.01997423e+00 4.14757479e+00 8.98455541e-01
1.15864100e+04 3.90210300e+00 1.02113622e+00 4.14760554e+00 8.99479022e-01
1.15865100e+04 3.90663800e+00 1.02233829e+00 4.14763628e+00 9.00537809e-01
1.15866100e+04 3.91132110e+00 1.02357989e+00 4.14766703e+00 9.01631408e-01
1.15867100e+04 3.91615090e+00 1.02486063e+00 4.14769777e+00 9.02759491e-01
1.15868100e+04 3.92112560e+00 1.02618004e+00 4.14772851e+00 9.03921635e-01
1.15869100e+04 3.92624400e+00 1.02753780e+00 4.14775926e+00 9.05117557e-01
1.15870100e+04 3.93150470e+00 1.02893353e+00 4.14779000e+00 9.06346927e-01
1.15871100e+04 3.93690670e+00 1.03036697e+00 4.14782075e+00 9.07609512e-01
1.15872100e+04 3.94244890e+00 1.03183782e+00 4.14785149e+00 9.08905053e-01
1.15873100e+04 3.94813030e+00 1.03334582e+00 4.14788223e+00 9.10233314e-01
1.15874100e+04 3.95395000e+00 1.03489073e+00 4.14791298e+00 9.11594084e-01
1.15875100e+04 3.95990720e+00 1.03647232e+00 4.14794372e+00 9.12987175e-01
1.15876100e+04 3.96600100e+00 1.03809037e+00 4.14797446e+00 9.14412375e-01
1.15877100e+04 3.97223060e+00 1.03974466e+00 4.14800521e+00 9.15869497e-01
1.15878100e+04 3.97859480e+00 1.04143487e+00 4.14803595e+00 9.17358257e-01
1.15879100e+04 3.98509260e+00 1.04316072e+00 4.14806670e+00 9.18878422e-01
1.15880100e+04 3.99172280e+00 1.04492191e+00 4.14809744e+00 9.20429708e-01
1.15881100e+04 3.99848380e+00 1.04671801e+00 4.14812818e+00 9.22011741e-01
1.15882100e+04 4.00537380e+00 1.04854853e+00 4.14815893e+00 9.23624096e-01
1.15883100e+04 4.01239090e+00 1.05041297e+00 4.14818967e+00 9.25266328e-01
1.15884100e+04 4.01953260e+00 1.05231065e+00 4.14822042e+00 9.26937848e-01
1.15885100e+04 4.02679600e+00 1.05424082e+00 4.14825116e+00 9.28637974e-01
1.15886100e+04 4.03417780e+00 1.05620258e+00 4.14828190e+00 9.30365932e-01
1.15887100e+04 4.04167420e+00 1.05819492e+00 4.14831265e+00 9.32120828e-01
1.15888100e+04 4.04928080e+00 1.06021666e+00 4.14834339e+00 9.33901627e-01
1.15889100e+04 4.05699280e+00 1.06226654e+00 4.14837414e+00 9.35707202e-01
1.15890100e+04 4.06480450e+00 1.06434302e+00 4.14840488e+00 9.37536212e-01
1.15891100e+04 4.07270970e+00 1.06644445e+00 4.14843562e+00 9.39387200e-01
1.15892100e+04 4.08070160e+00 1.06856902e+00 4.14846637e+00 9.41258567e-01
1.15893100e+04 4.08877250e+00 1.07071467e+00 4.14849711e+00 9.43148504e-01
1.15894100e+04 4.09691420e+00 1.07287921e+00 4.14852786e+00 9.45055083e-01
1.15895100e+04 4.10511770e+00 1.07506024e+00 4.14855860e+00 9.46976189e-01
1.15896100e+04 4.11337340e+00 1.07725521e+00 4.14858934e+00 9.48909565e-01
1.15897100e+04 4.12167070e+00 1.07946127e+00 4.14862009e+00 9.50852718e-01
1.15898100e+04 4.12999860e+00 1.08167550e+00 4.14865083e+00 9.52803065e-01
1.15899100e+04 4.13834560e+00 1.08389483e+00 4.14868157e+00 9.54757901e-01
1.15900100e+04 4.14669910e+00 1.08611589e+00 4.14871232e+00 9.56714264e-01
1.15901100e+04 4.15504630e+00 1.08833527e+00 4.14874306e+00 9.58669146e-01
1.15902100e+04 4.16337380e+00 1.09054940e+00 4.14877381e+00 9.60619398e-01
1.15903100e+04 4.17166760e+00 1.09275453e+00 4.14880455e+00 9.62561727e-01
1.15904100e+04 4.17991350e+00 1.09494688e+00 4.14883529e+00 9.64492796e-01
1.15905100e+04 4.18809680e+00 1.09712252e+00 4.14886604e+00 9.66409151e-01
1.15906100e+04 4.19620270e+00 1.09927751e+00 4.14889678e+00 9.68307311e-01
1.15907100e+04 4.20421600e+00 1.10140779e+00 4.14892753e+00 9.70183704e-01
1.15908100e+04 4.21212160e+00 1.10350933e+00 4.14895827e+00 9.72034781e-01
1.15909100e+04 4.21990430e+00 1.10557807e+00 4.14898901e+00 9.73856968e-01
1.15910100e+04 4.22754920e+00 1.10761004e+00 4.14901976e+00 9.75646763e-01
1.15911100e+04 4.23504140e+00 1.10960126e+00 4.14905050e+00 9.77400665e-01
1.15912100e+04 4.24236630e+00 1.11154783e+00 4.14908125e+00 9.79115240e-01
1.15913100e+04 4.24950970e+00 1.11344597e+00 4.14911199e+00 9.80787151e-01
1.15914100e+04 4.25645810e+00 1.11529208e+00 4.14914273e+00 9.82413225e-01
1.15915100e+04 4.26319840e+00 1.11708265e+00 4.14917348e+00 9.83990382e-01
1.15916100e+04 4.26971820e+00 1.11881438e+00 4.14920422e+00 9.85515708e-01
1.15917100e+04 4.27600590e+00 1.12048417e+00 4.14923496e+00 9.86986476e-01
1.15918100e+04 4.28205060e+00 1.12208912e+00 4.14926571e+00 9.88400124e-01
1.15919100e+04 4.28784260e+00 1.12362663e+00 4.14929645e+00 9.89754371e-01
1.15920100e+04 4.29337290e+00 1.12509430e+00 4.14932720e+00 9.91047103e-01
1.15921100e+04 4.29863380e+00 1.12649009e+00 4.14935794e+00 9.92276509e-01
1.15922100e+04 4.30361830e+00 1.12781212e+00 4.14938868e+00 9.93440943e-01
1.15923100e+04 4.30832090e+00 1.12905891e+00 4.14941943e+00 9.94539114e-01
1.15924100e+04 4.31273700e+00 1.13022926e+00 4.14945017e+00 9.95569939e-01
1.15925100e+04 4.31686320e+00 1.13132224e+00 4.14948092e+00 9.96532620e-01
1.15926100e+04 4.32069730e+00 1.13233728e+00 4.14951166e+00 9.97426639e-01
1.15927100e+04 4.32423810e+00 1.13327405e+00 4.14954240e+00 9.98251714e-01
1.15928100e+04 4.32748580e+00 1.13413260e+00 4.14957315e+00 9.99007893e-01
1.15929100e+04 4.33044130e+00 1.13491317e+00 4.14960389e+00 9.99695387e-01
1.15930100e+04 4.33310690e+00 1.13561639e+00 4.14963464e+00 1.00031474e+00
1.15931100e+04 4.33548580e+00 1.13624310e+00 4.14966538e+00 1.00086669e+00
1.15932100e+04 4.33758190e+00 1.13679434e+00 4.14969612e+00 1.00135218e+00
1.15933100e+04 4.33940040e+00 1.13727150e+00 4.14972687e+00 1.00177240e+00
1.15934100e+04 4.34094710e+00 1.13767613e+00 4.14975761e+00 1.00212874e+00
1.15935100e+04 4.34222860e+00 1.13800999e+00 4.14978836e+00 1.00242274e+00
1.15936100e+04 4.34325210e+00 1.13827500e+00 4.14981910e+00 1.00265610e+00
1.15937100e+04 4.34402560e+00 1.13847330e+00 4.14984984e+00 1.00283069e+00
1.15938100e+04 4.34455750e+00 1.13860712e+00 4.14988059e+00 1.00294849e+00
1.15939100e+04 4.34485660e+00 1.13867882e+00 4.14991133e+00 1.00301156e+00
1.15940100e+04 4.34493130e+00 1.13869064e+00 4.14994207e+00 1.00302189e+00
1.15941100e+04 4.34475170e+00 1.13863460e+00 4.14997282e+00 1.00297244e+00
1.15942100e+04 4.34429800e+00 1.13850541e+00 4.15000356e+00 1.00285857e+00
1.15943100e+04 4.34362620e+00 1.13831802e+00 4.15003431e+00 1.00269342e+00
1.15944100e+04 4.34279540e+00 1.13808820e+00 4.15006505e+00 1.00249090e+00
1.15949100e+04 4.33691100e+00 1.13647734e+00 4.15021877e+00 1.00107156e+00
1.15954100e+04 4.32790160e+00 1.13403256e+00 4.15037249e+00 9.98917649e-01
1.15959100e+04 4.31688660e+00 1.13105257e+00 4.15052621e+00 9.96292303e-01
1.15964100e+04 4.30482210e+00 1.12779251e+00 4.15067993e+00 9.93420264e-01
1.15969100e+04 4.29248630e+00 1.12446006e+00 4.15083365e+00 9.90484455e-01
1.15974100e+04 4.28048400e+00 1.12121660e+00 4.15098737e+00 9.87627041e-01
1.15979100e+04 4.26925140e+00 1.11817854e+00 4.15114109e+00 9.84950556e-01
1.15984100e+04 4.25905540e+00 1.11541711e+00 4.15129481e+00 9.82517736e-01
1.15989100e+04 4.24999500e+00 1.11295871e+00 4.15144853e+00 9.80351852e-01
1.15994100e+04 4.24201100e+00 1.11078756e+00 4.15160225e+00 9.78438989e-01
1.15999100e+04 4.23491250e+00 1.10885271e+00 4.15175596e+00 9.76734274e-01
1.16004100e+04 4.22842060e+00 1.10707973e+00 4.15190968e+00 9.75172147e-01
1.16009100e+04 4.22222180e+00 1.10538497e+00 4.15206340e+00 9.73678917e-01
1.16014100e+04 4.21602470e+00 1.10369066e+00 4.15221712e+00 9.72186088e-01
1.16019100e+04 4.20961280e+00 1.10193904e+00 4.15237084e+00 9.70642770e-01
1.16024100e+04 4.20288560e+00 1.10010327e+00 4.15252456e+00 9.69025339e-01
1.16029100e+04 4.19588540e+00 1.09819465e+00 4.15267828e+00 9.67343737e-01
1.16034100e+04 4.18880320e+00 1.09626415e+00 4.15283200e+00 9.65642862e-01
1.16039100e+04 4.18196100e+00 1.09439769e+00 4.15298572e+00 9.63998403e-01
1.16044100e+04 4.17577350e+00 1.09270595e+00 4.15313944e+00 9.62507839e-01
1.16049100e+04 4.17069590e+00 1.09131038e+00 4.15329316e+00 9.61278167e-01
1.16054100e+04 4.16716930e+00 1.09032871e+00 4.15344688e+00 9.60413073e-01
1.16059100e+04 4.16557680e+00 1.08986317e+00 4.15360060e+00 9.60002608e-01
1.16064100e+04 4.16621780e+00 1.08999365e+00 4.15375432e+00 9.60117146e-01
1.16069100e+04 4.16930160e+00 1.09077600e+00 4.15390804e+00 9.60805886e-01
1.16074100e+04 4.17495590e+00 1.09224430e+00 4.15406176e+00 9.62098843e-01
1.16079100e+04 4.18324060e+00 1.09441455e+00 4.15421548e+00 9.64010097e-01
1.16084100e+04 4.19415990e+00 1.09728784e+00 4.15436920e+00 9.66540635e-01
1.16089100e+04 4.20766720e+00 1.10085177e+00 4.15452292e+00 9.69679501e-01
1.16094100e+04 4.22366430e+00 1.10508010e+00 4.15467664e+00 9.73403613e-01
1.16099100e+04 4.24199890e+00 1.10993222e+00 4.15483036e+00 9.77677169e-01
1.16104100e+04 4.26246540e+00 1.11535324e+00 4.15498407e+00 9.82451843e-01
1.16109100e+04 4.28480920e+00 1.12127523e+00 4.15513779e+00 9.87667787e-01
1.16114100e+04 4.30873450e+00 1.12761925e+00 4.15529151e+00 9.93255471e-01
1.16119100e+04 4.33390880e+00 1.13429658e+00 4.15544523e+00 9.99136737e-01
1.16124100e+04 4.35996380e+00 1.14120892e+00 4.15559895e+00 1.00522501e+00
1.16129100e+04 4.38649110e+00 1.14824730e+00 4.15575267e+00 1.01142430e+00
1.16134100e+04 4.41303890e+00 1.15529115e+00 4.15590639e+00 1.01762841e+00
1.16139100e+04 4.43911430e+00 1.16220894e+00 4.15606011e+00 1.02372146e+00
1.16144100e+04 4.46419670e+00 1.16886174e+00 4.15621383e+00 1.02958110e+00
1.16149100e+04 4.48776130e+00 1.17510951e+00 4.15636755e+00 1.03508397e+00
1.16154100e+04 4.50931050e+00 1.18081946e+00 4.15652127e+00 1.04011310e+00
1.16159100e+04 4.52840510e+00 1.18587438e+00 4.15667499e+00 1.04456525e+00
1.16164100e+04 4.54469290e+00 1.19018029e+00 4.15682871e+00 1.04835764e+00
1.16169100e+04 4.55792870e+00 1.19367176e+00 4.15698243e+00 1.05143263e+00
1.16174100e+04 4.56798560e+00 1.19631493e+00 4.15713615e+00 1.05376040e+00
1.16179100e+04 4.57485620e+00 1.19810781e+00 4.15728987e+00 1.05533921e+00
1.16184100e+04 4.57864320e+00 1.19907781e+00 4.15744359e+00 1.05619320e+00
1.16189100e+04 4.57954240e+00 1.19927719e+00 4.15759731e+00 1.05636839e+00
1.16194100e+04 4.57781810e+00 1.19877648e+00 4.15775103e+00 1.05592691e+00
1.16199100e+04 4.57377570e+00 1.19765716e+00 4.15790475e+00 1.05494054e+00
1.16204100e+04 4.56773570e+00 1.19600478e+00 4.15805847e+00 1.05348463e+00
1.16209100e+04 4.56001120e+00 1.19390287e+00 4.15821218e+00 1.05163277e+00
1.16214100e+04 4.55089290e+00 1.19142903e+00 4.15836590e+00 1.04945329e+00
1.16219100e+04 4.54064080e+00 1.18865262e+00 4.15851962e+00 1.04700730e+00
1.16224100e+04 4.52948220e+00 1.18563431e+00 4.15867334e+00 1.04434824e+00
1.16229100e+04 4.51761370e+00 1.18242656e+00 4.15882706e+00 1.04152231e+00
1.16234100e+04 4.50520640e+00 1.17907503e+00 4.15898078e+00 1.03856974e+00
1.16239100e+04 4.49241130e+00 1.17562001e+00 4.15913450e+00 1.03552602e+00
1.16244100e+04 4.47934630e+00 1.17209296e+00 4.15928822e+00 1.03241885e+00
1.16254100e+04 4.45302820e+00 1.16498868e+00 4.15959566e+00 1.02616032e+00
1.16264100e+04 4.42706020e+00 1.15797782e+00 4.15990310e+00 1.01998409e+00
1.16274100e+04 4.40213300e+00 1.15124470e+00 4.16021054e+00 1.01405252e+00
1.16284100e+04 4.37869720e+00 1.14490958e+00 4.16051798e+00 1.00847152e+00
1.16294100e+04 4.35693840e+00 1.13902197e+00 4.16082542e+00 1.00328471e+00
1.16304100e+04 4.33681920e+00 1.13357189e+00 4.16113286e+00 9.98483305e-01
1.16314100e+04 4.31818220e+00 1.12851735e+00 4.16144029e+00 9.94030305e-01
1.16324100e+04 4.30085530e+00 1.12381242e+00 4.16174773e+00 9.89885257e-01
1.16334100e+04 4.28469310e+00 1.11941829e+00 4.16205517e+00 9.86013982e-01
1.16344100e+04 4.26954530e+00 1.11529486e+00 4.16236261e+00 9.82381152e-01
1.16354100e+04 4.25520440e+00 1.11138676e+00 4.16267005e+00 9.78937992e-01
1.16364100e+04 4.24140010e+00 1.10762185e+00 4.16297749e+00 9.75620967e-01
1.16374100e+04 4.22786210e+00 1.10392801e+00 4.16328493e+00 9.72366543e-01
1.16384100e+04 4.21442800e+00 1.10026189e+00 4.16359237e+00 9.69136545e-01
1.16394100e+04 4.20114200e+00 1.09663529e+00 4.16389981e+00 9.65941364e-01
1.16404100e+04 4.18829150e+00 1.09312491e+00 4.16420725e+00 9.62848554e-01
1.16414100e+04 4.17636350e+00 1.08986071e+00 4.16451468e+00 9.59972584e-01
1.16424100e+04 4.16594880e+00 1.08700033e+00 4.16482212e+00 9.57452323e-01
1.16434100e+04 4.15763870e+00 1.08470158e+00 4.16512956e+00 9.55426755e-01
1.16444100e+04 4.15194680e+00 1.08310151e+00 4.16543700e+00 9.54016603e-01
1.16454100e+04 4.14926100e+00 1.08230364e+00 4.16574444e+00 9.53313041e-01
1.16464100e+04 4.14981920e+00 1.08237145e+00 4.16605188e+00 9.53371986e-01
1.16474100e+04 4.15369940e+00 1.08332574e+00 4.16635932e+00 9.54211770e-01
1.16484100e+04 4.16082330e+00 1.08514564e+00 4.16666676e+00 9.55813986e-01
1.16494100e+04 4.17096690e+00 1.08777137e+00 4.16697420e+00 9.58125982e-01
1.16504100e+04 4.18377760e+00 1.09110882e+00 4.16728164e+00 9.61064877e-01
1.16514100e+04 4.19879790e+00 1.09503592e+00 4.16758908e+00 9.64523134e-01
1.16524100e+04 4.21549510e+00 1.09941050e+00 4.16789651e+00 9.68375541e-01
1.16534100e+04 4.23329240e+00 1.10407866e+00 4.16820395e+00 9.72486519e-01
1.16544100e+04 4.25159480e+00 1.10888160e+00 4.16851139e+00 9.76716215e-01
1.16554100e+04 4.26980620e+00 1.11366026e+00 4.16881883e+00 9.80924513e-01
1.16564100e+04 4.28734060e+00 1.11825826e+00 4.16912627e+00 9.84973677e-01
1.16574100e+04 4.30363500e+00 1.12252536e+00 4.16943371e+00 9.88731374e-01
1.16584100e+04 4.31817190e+00 1.12632345e+00 4.16974115e+00 9.92075966e-01
1.16594100e+04 4.33051310e+00 1.12953562e+00 4.17004859e+00 9.94904456e-01
1.16604100e+04 4.34034160e+00 1.13207725e+00 4.17035603e+00 9.97142335e-01
1.16614100e+04 4.34750310e+00 1.13390719e+00 4.17066347e+00 9.98753338e-01
1.16624100e+04 4.35203250e+00 1.13503473e+00 4.17097090e+00 9.99745667e-01
1.16634100e+04 4.35415450e+00 1.13551984e+00 4.17127834e+00 1.00017214e+00
1.16644100e+04 4.35424870e+00 1.13546383e+00 4.17158578e+00 1.00012198e+00
1.16654100e+04 4.35278690e+00 1.13499258e+00 4.17189322e+00 9.99706094e-01
1.16664100e+04 4.35025870e+00 1.13423677e+00 4.17220066e+00 9.99039550e-01
1.16674100e+04 4.34710560e+00 1.13331419e+00 4.17250810e+00 9.98226127e-01
1.16684100e+04 4.34367980e+00 1.13231884e+00 4.17281554e+00 9.97348607e-01
1.16694100e+04 4.34022940e+00 1.13131693e+00 4.17312298e+00 9.96465306e-01
1.16704100e+04 4.33690560e+00 1.13034880e+00 4.17343042e+00 9.95611764e-01
1.16714100e+04 4.33378050e+00 1.12943370e+00 4.17373786e+00 9.94804927e-01
1.16724100e+04 4.33087000e+00 1.12857586e+00 4.17404529e+00 9.94048533e-01
1.16734100e+04 4.32815540e+00 1.12777030e+00 4.17435273e+00 9.93338184e-01
1.16744100e+04 4.32560400e+00 1.12700829e+00 4.17466017e+00 9.92666197e-01
1.16754100e+04 4.32318830e+00 1.12628250e+00 4.17496761e+00 9.92026106e-01
1.16764100e+04 4.32090220e+00 1.12559129e+00 4.17527505e+00 9.91416479e-01
1.16774100e+04 4.31877280e+00 1.12494189e+00 4.17558249e+00 9.90843683e-01
1.16784100e+04 4.31686130e+00 1.12435064e+00 4.17588993e+00 9.90322105e-01
1.16794100e+04 4.31525290e+00 1.12384028e+00 4.17619737e+00 9.89871770e-01
1.16804100e+04 4.31403550e+00 1.12343425e+00 4.17650481e+00 9.89513339e-01
1.16814100e+04 4.31327290e+00 1.12314960e+00 4.17681225e+00 9.89261806e-01
1.16824100e+04 4.31297940e+00 1.12299012e+00 4.17711969e+00 9.89120532e-01
1.16834100e+04 4.31310130e+00 1.12294150e+00 4.17742712e+00 9.89076896e-01
1.16844100e+04 4.31350830e+00 1.12296895e+00 4.17773456e+00 9.89100271e-01
1.16854100e+04 4.31399630e+00 1.12301802e+00 4.17804200e+00 9.89142685e-01
1.16864100e+04 4.31430010e+00 1.12301794e+00 4.17834944e+00 9.89141803e-01
1.16874100e+04 4.31411320e+00 1.12288691e+00 4.17865688e+00 9.89025586e-01
1.16884100e+04 4.31311350e+00 1.12253898e+00 4.17896432e+00 9.88718326e-01
1.16894100e+04 4.31099140e+00 1.12189154e+00 4.17927176e+00 9.88147255e-01
1.16904100e+04 4.30747710e+00 1.12087257e+00 4.17957920e+00 9.87248958e-01
1.16914100e+04 4.30236510e+00 1.11942725e+00 4.17988664e+00 9.85975135e-01
1.16924100e+04 4.29553070e+00 1.11752230e+00 4.18019408e+00 9.84296477e-01
1.16934100e+04 4.28693810e+00 1.11514817e+00 4.18050151e+00 9.82204572e-01
1.16944100e+04 4.27664040e+00 1.11231901e+00 4.18080895e+00 9.79711899e-01
1.16954100e+04 4.26477200e+00 1.10907071e+00 4.18111639e+00 9.76850051e-01
1.16964100e+04 4.25153860e+00 1.10545815e+00 4.18142383e+00 9.73667376e-01
1.16974100e+04 4.23720510e+00 1.10155202e+00 4.18173127e+00 9.70226137e-01
1.16984100e+04 4.22208270e+00 1.09743537e+00 4.18203871e+00 9.66599480e-01
1.16994100e+04 4.20651660e+00 1.09320032e+00 4.18234615e+00 9.62868541e-01
1.17004100e+04 4.19087230e+00 1.08894440e+00 4.18265359e+00 9.59119227e-01
1.17014100e+04 4.17552180e+00 1.08476688e+00 4.18296103e+00 9.55438975e-01
1.17024100e+04 4.16083080e+00 1.08076535e+00 4.18326847e+00 9.51913738e-01
1.17034100e+04 4.14714600e+00 1.07703233e+00 4.18357590e+00 9.48625005e-01
1.17044100e+04 4.13478380e+00 1.07365226e+00 4.18388334e+00 9.45647140e-01
1.17054100e+04 4.12401870e+00 1.07069838e+00 4.18419078e+00 9.43044663e-01
1.17064100e+04 4.11507330e+00 1.06823009e+00 4.18449822e+00 9.40869891e-01
1.17074100e+04 4.10810950e+00 1.06629061e+00 4.18480566e+00 9.39160877e-01
1.17084100e+04 4.10322190e+00 1.06490517e+00 4.18511310e+00 9.37939853e-01
1.17094100e+04 4.10043490e+00 1.06408029e+00 4.18542054e+00 9.37212555e-01
1.17104100e+04 4.09970450e+00 1.06380423e+00 4.18572798e+00 9.36968639e-01
1.17114100e+04 4.10092400e+00 1.06404850e+00 4.18603542e+00 9.37183025e-01
1.17124100e+04 4.10393310e+00 1.06477035e+00 4.18634286e+00 9.37818036e-01
1.17134100e+04 4.10853000e+00 1.06591590e+00 4.18665030e+00 9.38826239e-01
1.17144100e+04 4.11448300e+00 1.06742334e+00 4.18695773e+00 9.40153176e-01
1.17154100e+04 4.12154190e+00 1.06922589e+00 4.18726517e+00 9.41740038e-01
1.17164100e+04 4.12944770e+00 1.07125444e+00 4.18757261e+00 9.43525952e-01
1.17174100e+04 4.13794140e+00 1.07343988e+00 4.18788005e+00 9.45450041e-01
1.17184100e+04 4.14677360e+00 1.07571565e+00 4.18818749e+00 9.47453687e-01
1.17194100e+04 4.15571550e+00 1.07802069e+00 4.18849493e+00 9.49483114e-01
1.17204100e+04 4.16457060e+00 1.08030257e+00 4.18880237e+00 9.51492136e-01
1.17214100e+04 4.17318560e+00 1.08252038e+00 4.18910981e+00 9.53444722e-01
1.17224100e+04 4.18145590e+00 1.08464620e+00 4.18941725e+00 9.55316288e-01
1.17234100e+04 4.18932570e+00 1.08666515e+00 4.18972469e+00 9.57093719e-01
1.17244100e+04 4.19677950e+00 1.08857308e+00 4.19003212e+00 9.58773372e-01
1.17254100e+04 4.20382860e+00 1.09037302e+00 4.19033956e+00 9.60357904e-01
1.17264100e+04 4.21049500e+00 1.09207083e+00 4.19064700e+00 9.61852484e-01
1.17274100e+04 4.21679570e+00 1.09367105e+00 4.19095444e+00 9.63261110e-01
1.17284100e+04 4.22273100e+00 1.09517377e+00 4.19126188e+00 9.64583851e-01
1.17294100e+04 4.22827610e+00 1.09657235e+00 4.19156932e+00 9.65814879e-01
1.17304100e+04 4.23337780e+00 1.09785262e+00 4.19187676e+00 9.66941691e-01
1.17314100e+04 4.23795420e+00 1.09899270e+00 4.19218420e+00 9.67945038e-01
1.17324100e+04 4.24189920e+00 1.09996429e+00 4.19249164e+00 9.68799981e-01
1.17334100e+04 4.24509100e+00 1.10073489e+00 4.19279908e+00 9.69477896e-01
1.17344100e+04 4.24740530e+00 1.10127132e+00 4.19310651e+00 9.69949567e-01
1.17354100e+04 4.24873290e+00 1.10154444e+00 4.19341395e+00 9.70189329e-01
1.17364100e+04 4.24900090e+00 1.10153481e+00 4.19372139e+00 9.70180049e-01
1.17374100e+04 4.24819270e+00 1.10123798e+00 4.19402883e+00 9.69917826e-01
1.17384100e+04 4.24636470e+00 1.10066902e+00 4.19433627e+00 9.69415916e-01
1.17394100e+04 4.24365400e+00 1.09986450e+00 4.19464371e+00 9.68706543e-01
1.17404100e+04 4.24027500e+00 1.09888164e+00 4.19495115e+00 9.67840098e-01
1.17414100e+04 4.23650410e+00 1.09779420e+00 4.19525859e+00 9.66881546e-01
1.17424100e+04 4.23265440e+00 1.09668573e+00 4.19556603e+00 9.65904474e-01
1.17434100e+04 4.22904390e+00 1.09564110e+00 4.19587347e+00 9.64983624e-01
1.17444100e+04 4.22596320e+00 1.09473784e+00 4.19618091e+00 9.64187296e-01
1.17454100e+04 4.22364650e+00 1.09403846e+00 4.19648834e+00 9.63570533e-01
1.17464100e+04 4.22225010e+00 1.09358467e+00 4.19679578e+00 9.63170072e-01
1.17474100e+04 4.22183930e+00 1.09339389e+00 4.19710322e+00 9.63001258e-01
1.17484100e+04 4.22238430e+00 1.09345818e+00 4.19741066e+00 9.63057087e-01
1.17494100e+04 4.22376310e+00 1.09374496e+00 4.19771810e+00 9.63308886e-01
1.17504100e+04 4.22577080e+00 1.09419958e+00 4.19802554e+00 9.63708495e-01
1.17514100e+04 4.22813380e+00 1.09474900e+00 4.19833298e+00 9.64191610e-01
1.17524100e+04 4.23052860e+00 1.09530691e+00 4.19864042e+00 9.64682199e-01
1.17534100e+04 4.23260440e+00 1.09577970e+00 4.19894786e+00 9.65097811e-01
1.17544100e+04 4.23400780e+00 1.09607305e+00 4.19925530e+00 9.65355389e-01
1.17554100e+04 4.23440890e+00 1.09609893e+00 4.19956273e+00 9.65377395e-01
1.17564100e+04 4.23352340e+00 1.09578148e+00 4.19987017e+00 9.65097012e-01
1.17574100e+04 4.23113030e+00 1.09506171e+00 4.20017761e+00 9.64462299e-01
1.17584100e+04 4.22708340e+00 1.09390062e+00 4.20048505e+00 9.63438894e-01
1.17594100e+04 4.22131470e+00 1.09228006e+00 4.20079249e+00 9.62010818e-01
1.17604100e+04 4.21383330e+00 1.09020245e+00 4.20109993e+00 9.60180209e-01
1.17614100e+04 4.20471890e+00 1.08768907e+00 4.20140737e+00 9.57965801e-01
1.17624100e+04 4.19411320e+00 1.08477773e+00 4.20171481e+00 9.55400898e-01
1.17634100e+04 4.18220970e+00 1.08152006e+00 4.20202225e+00 9.52530980e-01
1.17644100e+04 4.16924190e+00 1.07797837e+00 4.20232969e+00 9.49410925e-01
1.17654100e+04 4.15547400e+00 1.07422318e+00 4.20263712e+00 9.46102829e-01
1.17664100e+04 4.14118990e+00 1.07033023e+00 4.20294456e+00 9.42673417e-01
1.17674100e+04 4.12668530e+00 1.06637845e+00 4.20325200e+00 9.39192187e-01
1.17684100e+04 4.11225910e+00 1.06244758e+00 4.20355944e+00 9.35729389e-01
1.17694100e+04 4.09820540e+00 1.05861612e+00 4.20386688e+00 9.32354144e-01
1.17704100e+04 4.08480550e+00 1.05495913e+00 4.20417432e+00 9.29132565e-01
1.17714100e+04 4.07231900e+00 1.05154588e+00 4.20448176e+00 9.26125666e-01
1.17724100e+04 4.06097630e+00 1.04843787e+00 4.20478920e+00 9.23387595e-01
1.17734100e+04 4.05097140e+00 1.04568685e+00 4.20509664e+00 9.20963948e-01
1.17744100e+04 4.04245560e+00 1.04333321e+00 4.20540408e+00 9.18890282e-01
1.17754100e+04 4.03553400e+00 1.04140499e+00 4.20571152e+00 9.17191299e-01
1.17764100e+04 4.03026260e+00 1.03991713e+00 4.20601895e+00 9.15880159e-01
1.17774100e+04 4.02664880e+00 1.03887162e+00 4.20632639e+00 9.14958600e-01
1.17784100e+04 4.02465360e+00 1.03825803e+00 4.20663383e+00 9.14417455e-01
1.17794100e+04 4.02419570e+00 1.03805469e+00 4.20694127e+00 9.14237615e-01
1.17804100e+04 4.02515890e+00 1.03823057e+00 4.20724871e+00 9.14391771e-01
1.17814100e+04 4.02739910e+00 1.03874722e+00 4.20755615e+00 9.14846053e-01
1.17824100e+04 4.03075380e+00 1.03956129e+00 4.20786359e+00 9.15562270e-01
1.17834100e+04 4.03504880e+00 1.04062628e+00 4.20817103e+00 9.16499480e-01
1.17844100e+04 4.04010590e+00 1.04189464e+00 4.20847847e+00 9.17615800e-01
1.17854100e+04 4.04574800e+00 1.04331912e+00 4.20878591e+00 9.18869608e-01
1.17864100e+04 4.05180420e+00 1.04485409e+00 4.20909334e+00 9.20220738e-01
1.17874100e+04 4.05811460e+00 1.04645690e+00 4.20940078e+00 9.21631608e-01
1.17884100e+04 4.06453560e+00 1.04808923e+00 4.20970822e+00 9.23068470e-01
1.17894100e+04 4.07094530e+00 1.04971854e+00 4.21001566e+00 9.24502673e-01
1.17904100e+04 4.07724770e+00 1.05131922e+00 4.21032310e+00 9.25911656e-01
1.17914100e+04 4.08337610e+00 1.05287346e+00 4.21063054e+00 9.27279743e-01
1.17924100e+04 4.08929310e+00 1.05437129e+00 4.21093798e+00 9.28598143e-01
1.17934100e+04 4.09498810e+00 1.05580988e+00 4.21124542e+00 9.29864367e-01
1.17944100e+04 4.10047200e+00 1.05719214e+00 4.21155286e+00 9.31080975e-01
1.17954100e+04 4.10576970e+00 1.05852470e+00 4.21186030e+00 9.32253820e-01
1.17964100e+04 4.11091290e+00 1.05981604e+00 4.21216773e+00 9.33390352e-01
1.17974100e+04 4.11593260e+00 1.06107442e+00 4.21247517e+00 9.34497857e-01
1.17984100e+04 4.12085300e+00 1.06230630e+00 4.21278261e+00 9.35582022e-01
1.17994100e+04 4.12568820e+00 1.06351545e+00 4.21309005e+00 9.36646162e-01
1.18004100e+04 4.13044020e+00 1.06470239e+00 4.21339749e+00 9.37690746e-01
1.18014100e+04 4.13509890e+00 1.06586444e+00 4.21370493e+00 9.38713401e-01
1.18024100e+04 4.13964500e+00 1.06699644e+00 4.21401237e+00 9.39709591e-01
1.18034100e+04 4.14405330e+00 1.06809167e+00 4.21431981e+00 9.40673394e-01
1.18044100e+04 4.14829750e+00 1.06914310e+00 4.21462725e+00 9.41598628e-01
1.18054100e+04 4.15235450e+00 1.07014458e+00 4.21493469e+00 9.42479865e-01
1.18064100e+04 4.15620890e+00 1.07109199e+00 4.21524213e+00 9.43313485e-01
1.18074100e+04 4.15985450e+00 1.07198369e+00 4.21554956e+00 9.44098031e-01
1.18084100e+04 4.16329450e+00 1.07282052e+00 4.21585700e+00 9.44834256e-01
1.18094100e+04 4.16653750e+00 1.07360478e+00 4.21616444e+00 9.45524181e-01
1.18104100e+04 4.16959180e+00 1.07433868e+00 4.21647188e+00 9.46169757e-01
1.18114100e+04 4.17245860e+00 1.07502255e+00 4.21677932e+00 9.46771266e-01
1.18124100e+04 4.17512640e+00 1.07565331e+00 4.21708676e+00 9.47326004e-01
1.18134100e+04 4.17757240e+00 1.07622489e+00 4.21739420e+00 9.47828615e-01
