# # source: .\convoluted\55_04.txt
# # site: 04
# # columns: Energy(eV) Abs_raw Preedge_normalized PredictedPost_raw Final_normalized
# 
1.13640000e+04 6.91961930e-03 2.64263660e-03 1.92156477e+00 2.21204702e-03
1.13640400e+04 6.92031670e-03 2.63934578e-03 1.92157107e+00 2.20929235e-03
1.13640400e+04 6.92040990e-03 2.63940091e-03 1.92157107e+00 2.20933850e-03
1.13640600e+04 6.92079310e-03 2.63777591e-03 1.92157422e+00 2.20797825e-03
1.13641100e+04 6.92177080e-03 2.63372505e-03 1.92158210e+00 2.20458738e-03
1.13641200e+04 6.92198010e-03 2.63292302e-03 1.92158367e+00 2.20391602e-03
1.13641200e+04 6.92212910e-03 2.63301115e-03 1.92158367e+00 2.20398979e-03
1.13641300e+04 6.92223470e-03 2.63214778e-03 1.92158525e+00 2.20326709e-03
1.13641400e+04 6.92256090e-03 2.63141490e-03 1.92158682e+00 2.20265361e-03
1.13641600e+04 6.92304950e-03 2.62985224e-03 1.92158997e+00 2.20134554e-03
1.13641700e+04 6.92341310e-03 2.62914148e-03 1.92159155e+00 2.20075058e-03
1.13641900e+04 6.92408670e-03 2.62768825e-03 1.92159470e+00 2.19953412e-03
1.13641900e+04 6.92412010e-03 2.62770801e-03 1.92159470e+00 2.19955065e-03
1.13642200e+04 6.92504430e-03 2.62547717e-03 1.92159942e+00 2.19768328e-03
1.13642200e+04 6.92518430e-03 2.62555999e-03 1.92159942e+00 2.19775260e-03
1.13642200e+04 6.92522090e-03 2.62558164e-03 1.92159942e+00 2.19777072e-03
1.13642400e+04 6.92571640e-03 2.62402306e-03 1.92160258e+00 2.19646607e-03
1.13642400e+04 6.92607350e-03 2.62423429e-03 1.92160258e+00 2.19664288e-03
1.13642500e+04 6.92632120e-03 2.62345497e-03 1.92160415e+00 2.19599054e-03
1.13642600e+04 6.92657830e-03 2.62268121e-03 1.92160573e+00 2.19534284e-03
1.13642600e+04 6.92674970e-03 2.62278260e-03 1.92160573e+00 2.19542771e-03
1.13642600e+04 6.92692120e-03 2.62288404e-03 1.92160573e+00 2.19551262e-03
1.13642700e+04 6.92726420e-03 2.62216109e-03 1.92160730e+00 2.19490746e-03
1.13642800e+04 6.92765010e-03 2.62146352e-03 1.92160888e+00 2.19432354e-03
1.13642900e+04 6.92790740e-03 2.62068988e-03 1.92161045e+00 2.19367594e-03
1.13642900e+04 6.92799320e-03 2.62074063e-03 1.92161045e+00 2.19371843e-03
1.13643200e+04 6.92932310e-03 2.61874978e-03 1.92161518e+00 2.19205193e-03
1.13643200e+04 6.92940890e-03 2.61880053e-03 1.92161518e+00 2.19209441e-03
1.13643300e+04 6.92966640e-03 2.61802701e-03 1.92161675e+00 2.19144691e-03
1.13643600e+04 6.93082530e-03 2.61593501e-03 1.92162148e+00 2.18969574e-03
1.13643600e+04 6.93103990e-03 2.61606195e-03 1.92162148e+00 2.18980200e-03
1.13648600e+04 6.95254210e-03 2.58248897e-03 1.92170025e+00 2.16169882e-03
1.13653600e+04 6.97415880e-03 2.54898373e-03 1.92177902e+00 2.13365235e-03
1.13656800e+04 6.98822530e-03 2.52767749e-03 1.92182943e+00 2.11581739e-03
1.13661800e+04 7.01003250e-03 2.49428493e-03 1.92190820e+00 2.08786526e-03
1.13666800e+04 7.03195660e-03 2.46096152e-03 1.92198697e+00 2.05997103e-03
1.13671800e+04 7.05399850e-03 2.42770778e-03 1.92206574e+00 2.03213514e-03
1.13676800e+04 7.07615900e-03 2.39452420e-03 1.92214451e+00 2.00435799e-03
1.13681800e+04 7.09843920e-03 2.36141143e-03 1.92222327e+00 1.97664012e-03
1.13686800e+04 7.12083990e-03 2.32836993e-03 1.92230204e+00 1.94898192e-03
1.13691800e+04 7.14336220e-03 2.29540035e-03 1.92238081e+00 1.92138395e-03
1.13696800e+04 7.16600690e-03 2.26250318e-03 1.92245958e+00 1.89384660e-03
1.13701800e+04 7.18877510e-03 2.22967906e-03 1.92253835e+00 1.86637041e-03
1.13706800e+04 7.21166770e-03 2.19692853e-03 1.92261712e+00 1.83895583e-03
1.13711800e+04 7.23468570e-03 2.16425217e-03 1.92269589e+00 1.81160335e-03
1.13716800e+04 7.25783020e-03 2.13165064e-03 1.92277466e+00 1.78431352e-03
1.13721800e+04 7.28110210e-03 2.09912446e-03 1.92285342e+00 1.75708679e-03
1.13726800e+04 7.30450250e-03 2.06667429e-03 1.92293219e+00 1.72992369e-03
1.13731800e+04 7.32803240e-03 2.03430073e-03 1.92301096e+00 1.70282473e-03
1.13736800e+04 7.35169280e-03 2.00200436e-03 1.92308973e+00 1.67579040e-03
1.13741800e+04 7.37548490e-03 1.96978588e-03 1.92316850e+00 1.64882128e-03
1.13746800e+04 7.39940960e-03 1.93764585e-03 1.92324727e+00 1.62191784e-03
1.13751800e+04 7.42346810e-03 1.90558495e-03 1.92332604e+00 1.59508066e-03
1.13756800e+04 7.44766150e-03 1.87360386e-03 1.92340481e+00 1.56831028e-03
1.13761800e+04 7.47199080e-03 1.84170315e-03 1.92348358e+00 1.54160721e-03
1.13766800e+04 7.49645720e-03 1.80988353e-03 1.92356234e+00 1.51497204e-03
1.13771800e+04 7.52106180e-03 1.77814566e-03 1.92364111e+00 1.48840530e-03
1.13776800e+04 7.54580580e-03 1.74649025e-03 1.92371988e+00 1.46190760e-03
1.13781800e+04 7.57069030e-03 1.71491794e-03 1.92379865e+00 1.43547948e-03
1.13786800e+04 7.59571640e-03 1.68342940e-03 1.92387742e+00 1.40912148e-03
1.13791800e+04 7.62088540e-03 1.65202538e-03 1.92395619e+00 1.38283425e-03
1.13796800e+04 7.64619850e-03 1.62070660e-03 1.92403496e+00 1.35661838e-03
1.13801800e+04 7.67165680e-03 1.58947370e-03 1.92411373e+00 1.33047442e-03
1.13806800e+04 7.69726160e-03 1.55832746e-03 1.92419250e+00 1.30440301e-03
1.13811800e+04 7.72301410e-03 1.52726859e-03 1.92427126e+00 1.27840474e-03
1.13816800e+04 7.74891550e-03 1.49629779e-03 1.92435003e+00 1.25248021e-03
1.13821800e+04 7.77496710e-03 1.46541584e-03 1.92442880e+00 1.22663006e-03
1.13826800e+04 7.80117030e-03 1.43462356e-03 1.92450757e+00 1.20085499e-03
1.13831800e+04 7.82752620e-03 1.40392160e-03 1.92458634e+00 1.17515553e-03
1.13836800e+04 7.85403620e-03 1.37331080e-03 1.92466511e+00 1.14953239e-03
1.13841800e+04 7.88070160e-03 1.34279192e-03 1.92474388e+00 1.12398620e-03
1.13846800e+04 7.90752370e-03 1.31236572e-03 1.92482265e+00 1.09851762e-03
1.13851800e+04 7.93450400e-03 1.28203311e-03 1.92490141e+00 1.07312737e-03
1.13856800e+04 7.96164360e-03 1.25179472e-03 1.92498018e+00 1.04781601e-03
1.13861800e+04 7.98894410e-03 1.22165151e-03 1.92505895e+00 1.02258434e-03
1.13866800e+04 8.01640690e-03 1.19160429e-03 1.92513772e+00 9.97433030e-04
1.13871800e+04 8.04403320e-03 1.16165379e-03 1.92521649e+00 9.72362690e-04
1.13876800e+04 8.07182460e-03 1.13180095e-03 1.92529526e+00 9.47374108e-04
1.13881800e+04 8.09978260e-03 1.10204666e-03 1.92537403e+00 9.22468028e-04
1.13886800e+04 8.12790850e-03 1.07239168e-03 1.92545280e+00 8.97645091e-04
1.13891800e+04 8.15620390e-03 1.04283696e-03 1.92553157e+00 8.72906092e-04
1.13896800e+04 8.18467020e-03 1.01338333e-03 1.92561033e+00 8.48251722e-04
1.13901800e+04 8.21330900e-03 9.84031731e-04 1.92568910e+00 8.23682774e-04
1.13906800e+04 8.24212180e-03 9.54783059e-04 1.92576787e+00 7.99199990e-04
1.13911800e+04 8.27111010e-03 9.25638197e-04 1.92584664e+00 7.74804114e-04
1.13916800e+04 8.30027550e-03 8.96598092e-04 1.92592541e+00 7.50495937e-04
1.13921800e+04 8.32961970e-03 8.67663749e-04 1.92600418e+00 7.26276301e-04
1.13926800e+04 8.35914410e-03 8.38835996e-04 1.92608295e+00 7.02145899e-04
1.13931800e+04 8.38885050e-03 8.10115898e-04 1.92616172e+00 6.78105622e-04
1.13936800e+04 8.41874040e-03 7.81504342e-04 1.92624048e+00 6.54156212e-04
1.13941800e+04 8.44881560e-03 7.53002394e-04 1.92631925e+00 6.30298562e-04
1.13946800e+04 8.47907770e-03 7.24610998e-04 1.92639802e+00 6.06533463e-04
1.13951800e+04 8.50952850e-03 6.96331221e-04 1.92647679e+00 5.82861806e-04
1.13956800e+04 8.54016950e-03 6.68163950e-04 1.92655556e+00 5.59284333e-04
1.13961800e+04 8.57100270e-03 6.40110366e-04 1.92663433e+00 5.35802036e-04
1.13966800e+04 8.60202980e-03 6.12171477e-04 1.92671310e+00 5.12415755e-04
1.13971800e+04 8.63325250e-03 5.84348287e-04 1.92679187e+00 4.89126333e-04
1.13976800e+04 8.66467270e-03 5.56641921e-04 1.92687064e+00 4.65934709e-04
1.13981800e+04 8.69629220e-03 5.29053443e-04 1.92694940e+00 4.42841776e-04
1.13986800e+04 8.72811280e-03 5.01583917e-04 1.92702817e+00 4.19848423e-04
1.13991800e+04 8.76013650e-03 4.74234528e-04 1.92710694e+00 3.96955642e-04
1.13996800e+04 8.79236510e-03 4.47006339e-04 1.92718571e+00 3.74164323e-04
1.14001800e+04 8.82480050e-03 4.19900474e-04 1.92726448e+00 3.51475408e-04
1.14006800e+04 8.85744480e-03 3.92918177e-04 1.92734325e+00 3.28889935e-04
1.14011800e+04 8.89029990e-03 3.66060569e-04 1.92742202e+00 3.06408846e-04
1.14016800e+04 8.92336780e-03 3.39328836e-04 1.92750079e+00 2.84033130e-04
1.14021800e+04 8.95665050e-03 3.12724158e-04 1.92757956e+00 2.61763778e-04
1.14026800e+04 8.99015000e-03 2.86247721e-04 1.92765832e+00 2.39601780e-04
1.14031800e+04 9.02386850e-03 2.59900824e-04 1.92773709e+00 2.17548225e-04
1.14036800e+04 9.05780800e-03 2.33684651e-04 1.92781586e+00 1.95604103e-04
1.14041800e+04 9.09197070e-03 2.07600504e-04 1.92789463e+00 1.73770504e-04
1.14046800e+04 9.12635870e-03 1.81649624e-04 1.92797340e+00 1.52048467e-04
1.14051800e+04 9.16097430e-03 1.55833371e-04 1.92805217e+00 1.30439130e-04
1.14056800e+04 9.19581950e-03 1.30152930e-04 1.92813094e+00 1.08943485e-04
1.14061800e+04 9.23089680e-03 1.04609779e-04 1.92820971e+00 8.75627676e-05
1.14066800e+04 9.26620820e-03 7.92050997e-05 1.92828847e+00 6.62979694e-05
1.14071800e+04 9.30175620e-03 5.39403723e-05 1.92836724e+00 4.51503277e-05
1.14076800e+04 9.33754310e-03 2.88169569e-05 1.92844601e+00 2.41209811e-05
1.14081800e+04 9.37357120e-03 3.83621390e-06 1.92852478e+00 3.21106836e-06
1.14086800e+04 9.40984300e-03 -2.10003778e-05 1.92860355e+00 -1.75781728e-05
1.14091800e+04 9.44636070e-03 -4.56915170e-05 1.92868232e+00 -3.82456533e-05
1.14096800e+04 9.48312700e-03 -7.02356066e-05 1.92876109e+00 -5.87900364e-05
1.14101800e+04 9.52014430e-03 -9.46312269e-05 1.92883986e+00 -7.92101338e-05
1.14106800e+04 9.55741510e-03 -1.18876899e-04 1.92891863e+00 -9.95047080e-05
1.14111800e+04 9.59494190e-03 -1.42971145e-04 1.92899739e+00 -1.19672521e-04
1.14116800e+04 9.63272740e-03 -1.66912366e-04 1.92907616e+00 -1.39712237e-04
1.14121800e+04 9.67077420e-03 -1.90699026e-04 1.92915493e+00 -1.59622567e-04
1.14126800e+04 9.70908490e-03 -2.14329586e-04 1.92923370e+00 -1.79402225e-04
1.14131800e+04 9.74766230e-03 -2.37802390e-04 1.92931247e+00 -1.99049825e-04
1.14136800e+04 9.78650900e-03 -2.61115900e-04 1.92939124e+00 -2.18564080e-04
1.14141800e+04 9.82562790e-03 -2.84268401e-04 1.92947001e+00 -2.37943553e-04
1.14146800e+04 9.86502170e-03 -3.07258296e-04 1.92954878e+00 -2.57186908e-04
1.14151800e+04 9.90469330e-03 -3.30083868e-04 1.92962754e+00 -2.76292710e-04
1.14156800e+04 9.94464560e-03 -3.52743404e-04 1.92970631e+00 -2.95259522e-04
1.14161800e+04 9.98488140e-03 -3.75235246e-04 1.92978508e+00 -3.14085958e-04
1.14166800e+04 1.00254040e-02 -3.97557443e-04 1.92986385e+00 -3.32770385e-04
1.14171800e+04 1.00662160e-02 -4.19708457e-04 1.92994262e+00 -3.51311515e-04
1.14176800e+04 1.01073210e-02 -4.41686158e-04 1.93002139e+00 -3.69707566e-04
1.14181800e+04 1.01487210e-02 -4.63489363e-04 1.93010016e+00 -3.87957548e-04
1.14186800e+04 1.01904200e-02 -4.85115706e-04 1.93017893e+00 -4.06059481e-04
1.14191800e+04 1.02324210e-02 -5.06563413e-04 1.93025770e+00 -4.24011879e-04
1.14196800e+04 1.02747280e-02 -5.27830118e-04 1.93033646e+00 -4.41812762e-04
1.14201800e+04 1.03173430e-02 -5.48914637e-04 1.93041523e+00 -4.59461140e-04
1.14206800e+04 1.03602700e-02 -5.69814605e-04 1.93049400e+00 -4.76955033e-04
1.14211800e+04 1.04035120e-02 -5.90528247e-04 1.93057277e+00 -4.94292955e-04
1.14216800e+04 1.04470730e-02 -6.11053197e-04 1.93065154e+00 -5.11472926e-04
1.14221800e+04 1.04909550e-02 -6.31388272e-04 1.93073031e+00 -5.28493956e-04
1.14226800e+04 1.05351640e-02 -6.51529923e-04 1.93080908e+00 -5.45353074e-04
1.14231800e+04 1.05797010e-02 -6.71477558e-04 1.93088785e+00 -5.62049785e-04
1.14236800e+04 1.06245720e-02 -6.91227629e-04 1.93096662e+00 -5.78581119e-04
1.14241800e+04 1.06697780e-02 -7.10779543e-04 1.93104538e+00 -5.94946581e-04
1.14246800e+04 1.07153250e-02 -7.30129753e-04 1.93112415e+00 -6.11143201e-04
1.14251800e+04 1.07612160e-02 -7.49276482e-04 1.93120292e+00 -6.27169492e-04
1.14256800e+04 1.08074550e-02 -7.68217366e-04 1.93128169e+00 -6.43023475e-04
1.14261800e+04 1.08540450e-02 -7.86950629e-04 1.93136046e+00 -6.58703665e-04
1.14266800e+04 1.09009910e-02 -8.05473314e-04 1.93143923e+00 -6.74207585e-04
1.14271800e+04 1.09482970e-02 -8.23783055e-04 1.93151800e+00 -6.89533257e-04
1.14276800e+04 1.09959660e-02 -8.41878078e-04 1.93159677e+00 -7.04679194e-04
1.14281800e+04 1.10440030e-02 -8.59755425e-04 1.93167553e+00 -7.19642921e-04
1.14286800e+04 1.10924120e-02 -8.77412730e-04 1.93175430e+00 -7.34422458e-04
1.14291800e+04 1.11411980e-02 -8.94847035e-04 1.93183307e+00 -7.49015329e-04
1.14296800e+04 1.11903630e-02 -9.12057158e-04 1.93191184e+00 -7.63420545e-04
1.14301800e+04 1.12399140e-02 -9.29038957e-04 1.93199061e+00 -7.77634639e-04
1.14306800e+04 1.12898550e-02 -9.45790067e-04 1.93206938e+00 -7.91655632e-04
1.14311800e+04 1.13401890e-02 -9.62308713e-04 1.93214815e+00 -8.05482038e-04
1.14316800e+04 1.13909220e-02 -9.78591346e-04 1.93222692e+00 -8.19110886e-04
1.14321800e+04 1.14420580e-02 -9.94635601e-04 1.93230569e+00 -8.32540197e-04
1.14326800e+04 1.14936020e-02 -1.01043852e-03 1.93238445e+00 -8.45767495e-04
1.14331800e+04 1.15455590e-02 -1.02599714e-03 1.93246322e+00 -8.58790304e-04
1.14336800e+04 1.15979330e-02 -1.04130911e-03 1.93254199e+00 -8.71606645e-04
1.14341800e+04 1.16507300e-02 -1.05637086e-03 1.93262076e+00 -8.84213547e-04
1.14346800e+04 1.17039550e-02 -1.07117945e-03 1.93269953e+00 -8.96608534e-04
1.14351800e+04 1.17576120e-02 -1.08573250e-03 1.93277830e+00 -9.08789626e-04
1.14356800e+04 1.18117070e-02 -1.10002648e-03 1.93285707e+00 -9.20753853e-04
1.14361800e+04 1.18662460e-02 -1.11405782e-03 1.93293584e+00 -9.32498243e-04
1.14366800e+04 1.19212330e-02 -1.12782417e-03 1.93301460e+00 -9.44020818e-04
1.14371800e+04 1.19766740e-02 -1.14132197e-03 1.93309337e+00 -9.55318606e-04
1.14376800e+04 1.20325750e-02 -1.15454767e-03 1.93317214e+00 -9.66388637e-04
1.14381800e+04 1.20889410e-02 -1.16749832e-03 1.93325091e+00 -9.77228435e-04
1.14386800e+04 1.21457790e-02 -1.18016978e-03 1.93332968e+00 -9.87834535e-04
1.14391800e+04 1.22030930e-02 -1.19255968e-03 1.93340845e+00 -9.98204957e-04
1.14396800e+04 1.22608890e-02 -1.20466447e-03 1.93348722e+00 -1.00833673e-03
1.14401800e+04 1.23191750e-02 -1.21647942e-03 1.93356599e+00 -1.01822589e-03
1.14406800e+04 1.23779550e-02 -1.22800217e-03 1.93364476e+00 -1.02787047e-03
1.14411800e+04 1.24372370e-02 -1.23922797e-03 1.93372352e+00 -1.03726649e-03
1.14416800e+04 1.24970260e-02 -1.25015388e-03 1.93380229e+00 -1.04641149e-03
1.14421800e+04 1.25573280e-02 -1.26077635e-03 1.93388106e+00 -1.05530249e-03
1.14426800e+04 1.26181520e-02 -1.27109004e-03 1.93395983e+00 -1.06393504e-03
1.14431800e+04 1.26795020e-02 -1.28109261e-03 1.93403860e+00 -1.07230715e-03
1.14436800e+04 1.27413860e-02 -1.29077930e-03 1.93411737e+00 -1.08041488e-03
1.14441800e+04 1.28038110e-02 -1.30014599e-03 1.93419614e+00 -1.08825474e-03
1.14446800e+04 1.28667830e-02 -1.30918912e-03 1.93427491e+00 -1.09582378e-03
1.14451800e+04 1.29303100e-02 -1.31790396e-03 1.93435368e+00 -1.10311803e-03
1.14456800e+04 1.29943990e-02 -1.32628637e-03 1.93443244e+00 -1.11013402e-03
1.14461800e+04 1.30590580e-02 -1.33433162e-03 1.93451121e+00 -1.11686779e-03
1.14466800e+04 1.31242940e-02 -1.34203557e-03 1.93458998e+00 -1.12331589e-03
1.14471800e+04 1.31901140e-02 -1.34939408e-03 1.93466875e+00 -1.12947484e-03
1.14476800e+04 1.32565270e-02 -1.35640182e-03 1.93474752e+00 -1.13534018e-03
1.14481800e+04 1.33235390e-02 -1.36305525e-03 1.93482629e+00 -1.14090895e-03
1.14486800e+04 1.33911600e-02 -1.36934844e-03 1.93490506e+00 -1.14617620e-03
1.14491800e+04 1.34593980e-02 -1.37527668e-03 1.93498383e+00 -1.15113796e-03
1.14496800e+04 1.35282600e-02 -1.38083581e-03 1.93506259e+00 -1.15579078e-03
1.14501800e+04 1.35977550e-02 -1.38602051e-03 1.93514136e+00 -1.16013018e-03
1.14506800e+04 1.36678930e-02 -1.39082488e-03 1.93522013e+00 -1.16415123e-03
1.14511800e+04 1.37386810e-02 -1.39524476e-03 1.93529890e+00 -1.16785046e-03
1.14516800e+04 1.38101290e-02 -1.39927424e-03 1.93537767e+00 -1.17122292e-03
1.14521800e+04 1.38822450e-02 -1.40290859e-03 1.93545644e+00 -1.17426464e-03
1.14526800e+04 1.39550400e-02 -1.40614131e-03 1.93553521e+00 -1.17697018e-03
1.14531800e+04 1.40285220e-02 -1.40896766e-03 1.93561398e+00 -1.17933558e-03
1.14536800e+04 1.41027010e-02 -1.41138173e-03 1.93569275e+00 -1.18135590e-03
1.14541800e+04 1.41775880e-02 -1.41337701e-03 1.93577151e+00 -1.18302567e-03
1.14546800e+04 1.42531910e-02 -1.41494876e-03 1.93585028e+00 -1.18434095e-03
1.14551800e+04 1.43295220e-02 -1.41608990e-03 1.93592905e+00 -1.18529579e-03
1.14556800e+04 1.44065900e-02 -1.41679509e-03 1.93600782e+00 -1.18588573e-03
1.14561800e+04 1.44844060e-02 -1.41705783e-03 1.93608659e+00 -1.18610534e-03
1.14566800e+04 1.45629810e-02 -1.41687162e-03 1.93616536e+00 -1.18594916e-03
1.14571800e+04 1.46423260e-02 -1.41622994e-03 1.93624413e+00 -1.18541175e-03
1.14576800e+04 1.47224530e-02 -1.41512570e-03 1.93632290e+00 -1.18448716e-03
1.14581800e+04 1.48033720e-02 -1.41355298e-03 1.93640166e+00 -1.18317046e-03
1.14586800e+04 1.48850950e-02 -1.41150469e-03 1.93648043e+00 -1.18145568e-03
1.14591800e+04 1.49676340e-02 -1.40897372e-03 1.93655920e+00 -1.17933691e-03
1.14596800e+04 1.50510010e-02 -1.40595299e-03 1.93663797e+00 -1.17680818e-03
1.14601800e+04 1.51352090e-02 -1.40243479e-03 1.93671674e+00 -1.17386308e-03
1.14606800e+04 1.52202710e-02 -1.39841144e-03 1.93679551e+00 -1.17049516e-03
1.14611800e+04 1.53061980e-02 -1.39387644e-03 1.93687428e+00 -1.16669897e-03
1.14616800e+04 1.53930040e-02 -1.38882150e-03 1.93695305e+00 -1.16246758e-03
1.14621800e+04 1.54807030e-02 -1.38323834e-03 1.93703182e+00 -1.15779408e-03
1.14626800e+04 1.55693080e-02 -1.37711927e-03 1.93711058e+00 -1.15267200e-03
1.14631800e+04 1.56588330e-02 -1.37045601e-03 1.93718935e+00 -1.14709444e-03
1.14636800e+04 1.57492920e-02 -1.36324028e-03 1.93726812e+00 -1.14105445e-03
1.14641800e+04 1.58407000e-02 -1.35546320e-03 1.93734689e+00 -1.13454461e-03
1.14646800e+04 1.59330720e-02 -1.34711591e-03 1.93742566e+00 -1.12755749e-03
1.14651800e+04 1.60264220e-02 -1.33819012e-03 1.93750443e+00 -1.12008617e-03
1.14656800e+04 1.61207660e-02 -1.32867637e-03 1.93758320e+00 -1.11212271e-03
1.14661800e+04 1.62161210e-02 -1.31856460e-03 1.93766197e+00 -1.10365871e-03
1.14666800e+04 1.63125010e-02 -1.30784653e-03 1.93774074e+00 -1.09468724e-03
1.14671800e+04 1.64099240e-02 -1.29651152e-03 1.93781950e+00 -1.08519937e-03
1.14676800e+04 1.65084060e-02 -1.28455009e-03 1.93789827e+00 -1.07518720e-03
1.14681800e+04 1.66079640e-02 -1.27195220e-03 1.93797704e+00 -1.06464230e-03
1.14686800e+04 1.67086160e-02 -1.25870720e-03 1.93805581e+00 -1.05355576e-03
1.14691800e+04 1.68103800e-02 -1.24480444e-03 1.93813458e+00 -1.04191867e-03
1.14696800e+04 1.69132740e-02 -1.23023327e-03 1.93821335e+00 -1.02972213e-03
1.14701800e+04 1.70173160e-02 -1.21498304e-03 1.93829212e+00 -1.01695721e-03
1.14706800e+04 1.71225260e-02 -1.19904193e-03 1.93837089e+00 -1.00361402e-03
1.14711800e+04 1.72289240e-02 -1.18239811e-03 1.93844965e+00 -9.89682655e-04
1.14716800e+04 1.73365290e-02 -1.16504033e-03 1.93852842e+00 -9.75153709e-04
1.14721800e+04 1.74453620e-02 -1.14695617e-03 1.93860719e+00 -9.60016785e-04
1.14726800e+04 1.75554430e-02 -1.12813381e-03 1.93868596e+00 -9.44261983e-04
1.14731800e+04 1.76667950e-02 -1.10855964e-03 1.93876473e+00 -9.27877914e-04
1.14736800e+04 1.77794380e-02 -1.08822183e-03 1.93884350e+00 -9.10854677e-04
1.14741800e+04 1.78933950e-02 -1.06710678e-03 1.93892227e+00 -8.93180886e-04
1.14746800e+04 1.80086890e-02 -1.04520087e-03 1.93900104e+00 -8.74845153e-04
1.14751800e+04 1.81253440e-02 -1.02248992e-03 1.93907981e+00 -8.55835597e-04
1.14756800e+04 1.82433830e-02 -9.98960312e-04 1.93915857e+00 -8.36140832e-04
1.14761800e+04 1.83628310e-02 -9.74597268e-04 1.93923734e+00 -8.15748479e-04
1.14766800e+04 1.84837130e-02 -9.49385999e-04 1.93931611e+00 -7.94646162e-04
1.14771800e+04 1.86060540e-02 -9.23311714e-04 1.93939488e+00 -7.72821504e-04
1.14776800e+04 1.87298810e-02 -8.96358445e-04 1.93947365e+00 -7.50261139e-04
1.14781800e+04 1.88552210e-02 -8.68510219e-04 1.93955242e+00 -7.26951698e-04
1.14786800e+04 1.89821010e-02 -8.39751066e-04 1.93963119e+00 -7.02879814e-04
1.14791800e+04 1.91105500e-02 -8.10063833e-04 1.93970996e+00 -6.78031131e-04
1.14796800e+04 1.92405970e-02 -7.79431365e-04 1.93978873e+00 -6.52391292e-04
1.14801800e+04 1.93722700e-02 -7.47837100e-04 1.93986749e+00 -6.25946433e-04
1.14806800e+04 1.95056020e-02 -7.15261519e-04 1.93994626e+00 -5.98680217e-04
1.14811800e+04 1.96406220e-02 -6.81687467e-04 1.94002503e+00 -5.70578288e-04
1.14816800e+04 1.97773620e-02 -6.47096016e-04 1.94010380e+00 -5.41624801e-04
1.14821800e+04 1.99158570e-02 -6.11466464e-04 1.94018257e+00 -5.11802431e-04
1.14826800e+04 2.00561380e-02 -5.74780473e-04 1.94026134e+00 -4.81095829e-04
1.14831800e+04 2.01982410e-02 -5.37016748e-04 1.94034011e+00 -4.49487172e-04
1.14836800e+04 2.03422000e-02 -4.98155180e-04 1.94041888e+00 -4.16959628e-04
1.14841800e+04 2.04880530e-02 -4.58173290e-04 1.94049764e+00 -3.83494384e-04
1.14846800e+04 2.06358360e-02 -4.17049783e-04 1.94057641e+00 -3.49073617e-04
1.14851800e+04 2.07855870e-02 -3.74762183e-04 1.94065518e+00 -3.13678513e-04
1.14856800e+04 2.09373460e-02 -3.31286829e-04 1.94073395e+00 -2.77289271e-04
1.14861800e+04 2.10911530e-02 -2.86600060e-04 1.94081272e+00 -2.39886086e-04
1.14866800e+04 2.12470490e-02 -2.40677626e-04 1.94089149e+00 -2.01448660e-04
1.14871800e+04 2.14050760e-02 -1.93494681e-04 1.94097026e+00 -1.61956201e-04
1.14876800e+04 2.15652790e-02 -1.45024608e-04 1.94104903e+00 -1.21386429e-04
1.14881800e+04 2.17277010e-02 -9.52419724e-05 1.94112780e+00 -7.97180563e-05
1.14886800e+04 2.18923900e-02 -4.41183815e-05 1.94120656e+00 -3.69273189e-05
1.14891800e+04 2.20593910e-02 8.37278285e-06 1.94128533e+00 7.00806172e-06
1.14896800e+04 2.22287550e-02 6.22616876e-05 1.94136410e+00 5.21133345e-05
1.14901800e+04 2.24005300e-02 1.17576725e-04 1.94144287e+00 9.84122633e-05
1.14906800e+04 2.25747680e-02 1.74348654e-04 1.94152164e+00 1.45930592e-04
1.14911800e+04 2.27515220e-02 2.32608825e-04 1.94160041e+00 1.94694560e-04
1.14916800e+04 2.29308470e-02 2.92389771e-04 1.94167918e+00 2.44731397e-04
1.14921800e+04 2.31127980e-02 3.53724024e-04 1.94175795e+00 2.96068332e-04
1.14926800e+04 2.32974320e-02 4.16645301e-04 1.94183671e+00 3.48733584e-04
1.14931800e+04 2.34848100e-02 4.81189685e-04 1.94191548e+00 4.02757353e-04
1.14936800e+04 2.36749920e-02 5.47392665e-04 1.94199425e+00 4.58169344e-04
1.14941800e+04 2.38680410e-02 6.15291507e-04 1.94207302e+00 5.15000748e-04
1.14946800e+04 2.40640220e-02 6.84924659e-04 1.94215179e+00 5.73283743e-04
1.14951800e+04 2.42630010e-02 7.56331161e-04 1.94223056e+00 6.33051005e-04
1.14956800e+04 2.44650460e-02 8.29551236e-04 1.94230933e+00 6.94336201e-04
1.14961800e+04 2.46702300e-02 9.04628064e-04 1.94238810e+00 7.57175469e-04
1.14966800e+04 2.48786250e-02 9.81604233e-04 1.94246687e+00 8.21604456e-04
1.14971800e+04 2.50903060e-02 1.06052411e-03 1.94254563e+00 8.87660294e-04
1.14976800e+04 2.53053500e-02 1.14143323e-03 1.94262440e+00 9.55381102e-04
1.14981800e+04 2.55238390e-02 1.22438011e-03 1.94270317e+00 1.02480748e-03
1.14986800e+04 2.57458540e-02 1.30941266e-03 1.94278194e+00 1.09597952e-03
1.14991800e+04 2.59714810e-02 1.39658175e-03 1.94286071e+00 1.16893981e-03
1.14996800e+04 2.62008080e-02 1.48593943e-03 1.94293948e+00 1.24373192e-03
1.15001800e+04 2.64339250e-02 1.57753893e-03 1.94301825e+00 1.32040039e-03
1.15006800e+04 2.66709280e-02 1.67143705e-03 1.94309702e+00 1.39899276e-03
1.15011800e+04 2.69119120e-02 1.76768997e-03 1.94317579e+00 1.47955606e-03
1.15016800e+04 2.71569790e-02 1.86635803e-03 1.94325455e+00 1.56214079e-03
1.15021800e+04 2.74062320e-02 1.96750215e-03 1.94333332e+00 1.64679793e-03
1.15026800e+04 2.76597780e-02 2.07118563e-03 1.94341209e+00 1.73358048e-03
1.15031800e+04 2.79177280e-02 2.17747413e-03 1.94349086e+00 1.82254337e-03
1.15036800e+04 2.81801970e-02 2.28643566e-03 1.94356963e+00 1.91374354e-03
1.15041800e+04 2.84473040e-02 2.39814062e-03 1.94364840e+00 2.00723991e-03
1.15046800e+04 2.87191720e-02 2.51266177e-03 1.94372717e+00 2.10309337e-03
1.15051800e+04 2.89959280e-02 2.63007422e-03 1.94380594e+00 2.20136679e-03
1.15056800e+04 2.92777030e-02 2.75045546e-03 1.94388470e+00 2.30212504e-03
1.15061800e+04 2.95646350e-02 2.87388713e-03 1.94396347e+00 2.40543643e-03
1.15066800e+04 2.98568660e-02 3.00045321e-03 1.94404224e+00 2.51137127e-03
1.15071800e+04 3.01545420e-02 3.13024007e-03 1.94412101e+00 2.62000182e-03
1.15076800e+04 3.04578150e-02 3.26333762e-03 1.94419978e+00 2.73140336e-03
1.15081800e+04 3.07668440e-02 3.39983991e-03 1.94427855e+00 2.84565459e-03
1.15086800e+04 3.10817930e-02 3.53984394e-03 1.94435732e+00 2.96283671e-03
1.15091800e+04 3.14028320e-02 3.68345027e-03 1.94443609e+00 3.08303388e-03
1.15096800e+04 3.17301370e-02 3.83076301e-03 1.94451486e+00 3.20633323e-03
1.15101800e+04 3.20638930e-02 3.98189158e-03 1.94459362e+00 3.33282636e-03
1.15106800e+04 3.24042910e-02 4.13694897e-03 1.94467239e+00 3.46260782e-03
1.15111800e+04 3.27515300e-02 4.29605289e-03 1.94475116e+00 3.59577613e-03
1.15116800e+04 3.31058150e-02 4.45932460e-03 1.94482993e+00 3.73243280e-03
1.15121800e+04 3.34673620e-02 4.62689186e-03 1.94490870e+00 3.87268474e-03
1.15126800e+04 3.38363940e-02 4.79888657e-03 1.94498747e+00 4.01664237e-03
1.15131800e+04 3.42131450e-02 4.97544716e-03 1.94506624e+00 4.16442154e-03
1.15136800e+04 3.45978570e-02 5.15671677e-03 1.94514501e+00 4.31614205e-03
1.15141800e+04 3.49907840e-02 5.34284564e-03 1.94522377e+00 4.47192965e-03
1.15146800e+04 3.53921880e-02 5.53398876e-03 1.94530254e+00 4.63191405e-03
1.15151800e+04 3.58023450e-02 5.73030936e-03 1.94538131e+00 4.79623191e-03
1.15156800e+04 3.62215410e-02 5.93197663e-03 1.94546008e+00 4.96502479e-03
1.15161800e+04 3.66500780e-02 6.13916921e-03 1.94553885e+00 5.13844224e-03
1.15166800e+04 3.70882670e-02 6.35207105e-03 1.94561762e+00 5.31663820e-03
1.15171800e+04 3.75364360e-02 6.57087617e-03 1.94569639e+00 5.49977507e-03
1.15176800e+04 3.79949260e-02 6.79578628e-03 1.94577516e+00 5.68802166e-03
1.15181800e+04 3.84640950e-02 7.02701313e-03 1.94585393e+00 5.88155523e-03
1.15186800e+04 3.89443190e-02 7.26477914e-03 1.94593269e+00 6.08056191e-03
1.15191800e+04 3.94359870e-02 7.50931439e-03 1.94601146e+00 6.28523430e-03
1.15196800e+04 3.99395110e-02 7.76086260e-03 1.94609023e+00 6.49577635e-03
1.15201800e+04 4.04553220e-02 8.01967871e-03 1.94616900e+00 6.71240147e-03
1.15206800e+04 4.09838700e-02 8.28602889e-03 1.94624777e+00 6.93533242e-03
1.15211800e+04 4.15256290e-02 8.56019353e-03 1.94632654e+00 7.16480388e-03
1.15216800e+04 4.20810960e-02 8.84246659e-03 1.94640531e+00 7.40106190e-03
1.15221800e+04 4.26507930e-02 9.13315686e-03 1.94648408e+00 7.64436491e-03
1.15226800e+04 4.32352690e-02 9.43258906e-03 1.94656285e+00 7.89498471e-03
1.15231800e+04 4.38351010e-02 9.74110451e-03 1.94664161e+00 8.15320696e-03
1.15236800e+04 4.44508970e-02 1.00590628e-02 1.94672038e+00 8.41933266e-03
1.15241800e+04 4.50832970e-02 1.03868426e-02 1.94679915e+00 8.69367868e-03
1.15246800e+04 4.57329740e-02 1.07248419e-02 1.94687792e+00 8.97657819e-03
1.15251800e+04 4.64006400e-02 1.10734819e-02 1.94695669e+00 9.26838370e-03
1.15256800e+04 4.70870450e-02 1.14332063e-02 1.94703546e+00 9.56946651e-03
1.15261800e+04 4.77929820e-02 1.18044840e-02 1.94711423e+00 9.88021921e-03
1.15266800e+04 4.85192860e-02 1.21878090e-02 1.94719300e+00 1.02010552e-02
1.15271800e+04 4.92668440e-02 1.25837060e-02 1.94727176e+00 1.05324136e-02
1.15276800e+04 5.00365920e-02 1.29927286e-02 1.94735053e+00 1.08747579e-02
1.15281800e+04 5.08295230e-02 1.34154643e-02 1.94742930e+00 1.12285795e-02
1.15286800e+04 5.16466880e-02 1.38525346e-02 1.94750807e+00 1.15943990e-02
1.15291800e+04 5.24892030e-02 1.43045997e-02 1.94758684e+00 1.19727686e-02
1.15296800e+04 5.33582540e-02 1.47723611e-02 1.94766561e+00 1.23642758e-02
1.15301800e+04 5.42550990e-02 1.52565630e-02 1.94774438e+00 1.27695431e-02
1.15306800e+04 5.51810770e-02 1.57579974e-02 1.94782315e+00 1.31892336e-02
1.15311800e+04 5.61376150e-02 1.62775084e-02 1.94790192e+00 1.36240538e-02
1.15316800e+04 5.71262320e-02 1.68159944e-02 1.94798068e+00 1.40747556e-02
1.15321800e+04 5.81485480e-02 1.73744138e-02 1.94805945e+00 1.45421410e-02
1.15326800e+04 5.92062960e-02 1.79537916e-02 1.94813822e+00 1.50270681e-02
1.15331800e+04 6.03013240e-02 1.85552209e-02 1.94821699e+00 1.55304518e-02
1.15336800e+04 6.14356130e-02 1.91798735e-02 1.94829576e+00 1.60532728e-02
1.15341800e+04 6.26112830e-02 1.98290035e-02 1.94837453e+00 1.65965806e-02
1.15346800e+04 6.38306080e-02 2.05039558e-02 1.94845330e+00 1.71615011e-02
1.15351800e+04 6.50960310e-02 2.12061756e-02 1.94853207e+00 1.77492438e-02
1.15356800e+04 6.64101770e-02 2.19372157e-02 1.94861083e+00 1.83611082e-02
1.15361800e+04 6.77758720e-02 2.26987475e-02 1.94868960e+00 1.89984935e-02
1.15366800e+04 6.91961620e-02 2.34925728e-02 1.94876837e+00 1.96629076e-02
1.15371800e+04 7.06743330e-02 2.43206354e-02 1.94884714e+00 2.03559773e-02
1.15376800e+04 7.22139390e-02 2.51850375e-02 1.94892591e+00 2.10794623e-02
1.15381800e+04 7.38188240e-02 2.60880528e-02 1.94900468e+00 2.18352654e-02
1.15386800e+04 7.54931560e-02 2.70321468e-02 1.94908345e+00 2.26254504e-02
1.15391800e+04 7.72414600e-02 2.80199961e-02 1.94916222e+00 2.34522573e-02
1.15396800e+04 7.90686540e-02 2.90545096e-02 1.94924099e+00 2.43181210e-02
1.15401800e+04 8.09800980e-02 3.01388579e-02 1.94931975e+00 2.52256951e-02
1.15406800e+04 8.29816380e-02 3.12764991e-02 1.94939852e+00 2.61778738e-02
1.15411800e+04 8.50796630e-02 3.24712121e-02 1.94947729e+00 2.71778201e-02
1.15416800e+04 8.72811710e-02 3.37271365e-02 1.94955606e+00 2.82289988e-02
1.15421800e+04 8.95938410e-02 3.50488144e-02 1.94963483e+00 2.93352113e-02
1.15426800e+04 9.20261130e-02 3.64412382e-02 1.94971360e+00 3.05006363e-02
1.15431800e+04 9.45872860e-02 3.79099084e-02 1.94979237e+00 3.17298774e-02
1.15436800e+04 9.72876300e-02 3.94608997e-02 1.94987114e+00 3.30280191e-02
1.15441800e+04 1.00138510e-01 4.11009348e-02 1.94994991e+00 3.44006880e-02
1.15446800e+04 1.03152530e-01 4.28374689e-02 1.95002867e+00 3.58541240e-02
1.15451800e+04 1.06343710e-01 4.46787951e-02 1.95010744e+00 3.73952682e-02
1.15456800e+04 1.09727700e-01 4.66341706e-02 1.95018621e+00 3.90318684e-02
1.15461800e+04 1.13321960e-01 4.87139230e-02 1.95026498e+00 4.07725688e-02
1.15466800e+04 1.17146110e-01 5.09296579e-02 1.95034375e+00 4.26270829e-02
1.15471800e+04 1.21222180e-01 5.32944063e-02 1.95042252e+00 4.46063171e-02
1.15476800e+04 1.25575070e-01 5.58228967e-02 1.95050129e+00 4.67225990e-02
1.15481800e+04 1.30232940e-01 5.85317862e-02 1.95058006e+00 4.89898699e-02
1.15486800e+04 1.35227770e-01 6.14399912e-02 1.95065882e+00 5.14239625e-02
1.15491800e+04 1.40596060e-01 6.45691018e-02 1.95073759e+00 5.40429471e-02
1.15496800e+04 1.46379550e-01 6.79438079e-02 1.95081636e+00 5.68674882e-02
1.15501800e+04 1.52626250e-01 7.15925077e-02 1.95089513e+00 5.99213547e-02
1.15506800e+04 1.59391560e-01 7.55479710e-02 1.95097390e+00 6.32319737e-02
1.15511800e+04 1.66739710e-01 7.98481906e-02 1.95105267e+00 6.68311443e-02
1.15516800e+04 1.74745570e-01 8.45374529e-02 1.95113144e+00 7.07559329e-02
1.15521800e+04 1.83496790e-01 8.96676038e-02 1.95121021e+00 7.50497330e-02
1.15526800e+04 1.93096590e-01 9.52996990e-02 1.95128898e+00 7.97636468e-02
1.15531800e+04 2.03667210e-01 1.01506045e-01 1.95136774e+00 8.49581925e-02
1.15536800e+04 2.15354240e-01 1.08372760e-01 1.95144651e+00 9.07054485e-02
1.15541800e+04 2.28301950e-01 1.15985180e-01 1.95152528e+00 9.70768397e-02
1.15546800e+04 2.42707270e-01 1.24459793e-01 1.95160405e+00 1.04169862e-01
1.15551800e+04 2.58926340e-01 1.34007260e-01 1.95168282e+00 1.12160832e-01
1.15556800e+04 2.77212680e-01 1.44777539e-01 1.95176159e+00 1.21175263e-01
1.15557800e+04 2.81150490e-01 1.47097538e-01 1.95177734e+00 1.23117039e-01
1.15558800e+04 2.85189620e-01 1.49477469e-01 1.95179310e+00 1.25108977e-01
1.15559800e+04 2.89333730e-01 1.51919498e-01 1.95180885e+00 1.27152888e-01
1.15560800e+04 2.93586620e-01 1.54425870e-01 1.95182460e+00 1.29250653e-01
1.15561800e+04 2.97952290e-01 1.56998954e-01 1.95184036e+00 1.31404254e-01
1.15562800e+04 3.02434910e-01 1.59641214e-01 1.95185611e+00 1.33615754e-01
1.15563800e+04 3.07038850e-01 1.62355237e-01 1.95187186e+00 1.35887317e-01
1.15564800e+04 3.11768660e-01 1.65143713e-01 1.95188762e+00 1.38221195e-01
1.15565800e+04 3.16629140e-01 1.68009482e-01 1.95190337e+00 1.40619765e-01
1.15566800e+04 3.21625290e-01 1.70955501e-01 1.95191913e+00 1.43085502e-01
1.15567800e+04 3.26762350e-01 1.73984870e-01 1.95193488e+00 1.45621001e-01
1.15568800e+04 3.32045830e-01 1.77100848e-01 1.95195063e+00 1.48228989e-01
1.15569800e+04 3.37481490e-01 1.80306842e-01 1.95196639e+00 1.50912318e-01
1.15570800e+04 3.43075380e-01 1.83606431e-01 1.95198214e+00 1.53673984e-01
1.15571800e+04 3.48833820e-01 1.87003353e-01 1.95199789e+00 1.56517114e-01
1.15572800e+04 3.54763480e-01 1.90501554e-01 1.95201365e+00 1.59445012e-01
1.15573800e+04 3.60871340e-01 1.94105162e-01 1.95202940e+00 1.62461132e-01
1.15574800e+04 3.67164730e-01 1.97818513e-01 1.95204516e+00 1.65569105e-01
1.15575800e+04 3.73651350e-01 2.01646161e-01 1.95206091e+00 1.68772741e-01
1.15576800e+04 3.80339280e-01 2.05592887e-01 1.95207666e+00 1.72076041e-01
1.15577800e+04 3.87237040e-01 2.09663729e-01 1.95209242e+00 1.75483224e-01
1.15578800e+04 3.94353540e-01 2.13863959e-01 1.95210817e+00 1.78998700e-01
1.15579800e+04 4.01698190e-01 2.18199141e-01 1.95212393e+00 1.82627128e-01
1.15580800e+04 4.09280870e-01 2.22675121e-01 1.95213968e+00 1.86373400e-01
1.15581800e+04 4.17111970e-01 2.27298045e-01 1.95215543e+00 1.90242659e-01
1.15582800e+04 4.25202410e-01 2.32074370e-01 1.95217119e+00 1.94240311e-01
1.15583800e+04 4.33563720e-01 2.37010919e-01 1.95218694e+00 1.98372065e-01
1.15584800e+04 4.42207990e-01 2.42114841e-01 1.95220269e+00 2.02643906e-01
1.15585800e+04 4.51147970e-01 2.47393679e-01 1.95221845e+00 2.07062147e-01
1.15586800e+04 4.60397080e-01 2.52855370e-01 1.95223420e+00 2.11633431e-01
1.15587800e+04 4.69969450e-01 2.58508274e-01 1.95224996e+00 2.16364754e-01
1.15588800e+04 4.79879960e-01 2.64361191e-01 1.95226571e+00 2.21263483e-01
1.15589800e+04 4.90144250e-01 2.70423373e-01 1.95228146e+00 2.26337361e-01
1.15590800e+04 5.00778830e-01 2.76704585e-01 1.95229722e+00 2.31594561e-01
1.15591800e+04 5.11801050e-01 2.83215091e-01 1.95231297e+00 2.37043672e-01
1.15592800e+04 5.23229170e-01 2.89965691e-01 1.95232872e+00 2.42693736e-01
1.15593800e+04 5.35082430e-01 2.96967766e-01 1.95234448e+00 2.48554278e-01
1.15594800e+04 5.47381030e-01 3.04233264e-01 1.95236023e+00 2.54635297e-01
1.15595800e+04 5.60146260e-01 3.11774779e-01 1.95237599e+00 2.60947335e-01
1.15596800e+04 5.73400460e-01 3.19605526e-01 1.95239174e+00 2.67501450e-01
1.15597800e+04 5.87167120e-01 3.27739398e-01 1.95240749e+00 2.74309273e-01
1.15598800e+04 6.01470870e-01 3.36190965e-01 1.95242325e+00 2.81382998e-01
1.15599800e+04 6.16337560e-01 3.44975516e-01 1.95243900e+00 2.88735422e-01
1.15600800e+04 6.31794280e-01 3.54109078e-01 1.95245475e+00 2.96379956e-01
1.15601800e+04 6.47869370e-01 3.63608411e-01 1.95247051e+00 3.04330632e-01
1.15602800e+04 6.64592430e-01 3.73491026e-01 1.95248626e+00 3.12602103e-01
1.15603800e+04 6.81994360e-01 3.83775201e-01 1.95250202e+00 3.21209667e-01
1.15604800e+04 7.00107310e-01 3.94479951e-01 1.95251777e+00 3.30169242e-01
1.15605800e+04 7.18964710e-01 4.05625052e-01 1.95253352e+00 3.39497377e-01
1.15606800e+04 7.38601160e-01 4.17230969e-01 1.95254928e+00 3.49211203e-01
1.15607800e+04 7.59052420e-01 4.29318855e-01 1.95256503e+00 3.59328422e-01
1.15608800e+04 7.80355270e-01 4.41910466e-01 1.95258078e+00 3.69867245e-01
1.15609800e+04 8.02547390e-01 4.55028090e-01 1.95259654e+00 3.80846326e-01
1.15610800e+04 8.25667200e-01 4.68694453e-01 1.95261229e+00 3.92284685e-01
1.15611800e+04 8.49753620e-01 4.82932577e-01 1.95262805e+00 4.04201591e-01
1.15612800e+04 8.74845770e-01 4.97765600e-01 1.95264380e+00 4.16616411e-01
1.15613800e+04 9.00982660e-01 5.13216599e-01 1.95265955e+00 4.29548458e-01
1.15614800e+04 9.28202710e-01 5.29308299e-01 1.95267531e+00 4.43016754e-01
1.15615800e+04 9.56543280e-01 5.46062799e-01 1.95269106e+00 4.57039793e-01
1.15616800e+04 9.86040020e-01 5.63501186e-01 1.95270681e+00 4.71635226e-01
1.15617800e+04 1.01672620e+00 5.81643139e-01 1.95272257e+00 4.86819525e-01
1.15618800e+04 1.04863170e+00 6.00506334e-01 1.95273832e+00 5.02607480e-01
1.15619800e+04 1.08178240e+00 6.20106079e-01 1.95275408e+00 5.19011906e-01
1.15620800e+04 1.11619850e+00 6.40454321e-01 1.95276983e+00 5.36042802e-01
1.15621800e+04 1.15189390e+00 6.61559283e-01 1.95278558e+00 5.53707051e-01
1.15622800e+04 1.18887410e+00 6.83424219e-01 1.95280134e+00 5.72007375e-01
1.15623800e+04 1.22713550e+00 7.06046999e-01 1.95281709e+00 5.90941991e-01
1.15624800e+04 1.26666290e+00 7.29418631e-01 1.95283284e+00 6.10503375e-01
1.15625800e+04 1.30742820e+00 7.53522495e-01 1.95284860e+00 6.30677614e-01
1.15626800e+04 1.34938880e+00 7.78333392e-01 1.95286435e+00 6.51443618e-01
1.15627800e+04 1.39248520e+00 8.03816127e-01 1.95288011e+00 6.72771930e-01
1.15628800e+04 1.43663960e+00 8.29924681e-01 1.95289586e+00 6.94624032e-01
1.15629800e+04 1.48175430e+00 8.56601262e-01 1.95291161e+00 7.16951556e-01
1.15630800e+04 1.52771040e+00 8.83775541e-01 1.95292737e+00 7.39695637e-01
1.15631800e+04 1.57436660e+00 9.11363937e-01 1.95294312e+00 7.62786319e-01
1.15632800e+04 1.62155860e+00 9.39269264e-01 1.95295887e+00 7.86142262e-01
1.15633800e+04 1.66909960e+00 9.67381029e-01 1.95297463e+00 8.09670984e-01
1.15634800e+04 1.71678070e+00 9.95575665e-01 1.95299038e+00 8.33269065e-01
1.15635800e+04 1.76437270e+00 1.02371760e+00 1.95300614e+00 8.56823032e-01
1.15636800e+04 1.81162860e+00 1.05166072e+00 1.95302189e+00 8.80210600e-01
1.15637800e+04 1.85828690e+00 1.07925036e+00 1.95303764e+00 9.03302307e-01
1.15638800e+04 1.90407600e+00 1.10632586e+00 1.95305340e+00 9.25963690e-01
1.15639800e+04 1.94871930e+00 1.13272360e+00 1.95306915e+00 9.48057810e-01
1.15640800e+04 1.99194040e+00 1.15828010e+00 1.95308490e+00 9.69447828e-01
1.15641800e+04 2.03346710e+00 1.18283434e+00 1.95310066e+00 9.89998983e-01
1.15642800e+04 2.07303610e+00 1.20623058e+00 1.95311641e+00 1.00958092e+00
1.15643800e+04 2.11039900e+00 1.22832188e+00 1.95313217e+00 1.02807067e+00
1.15644800e+04 2.14533440e+00 1.24897730e+00 1.95314792e+00 1.04535861e+00
1.15645800e+04 2.17765700e+00 1.26808721e+00 1.95316367e+00 1.06135301e+00
1.15646800e+04 2.20721790e+00 1.28556355e+00 1.95317943e+00 1.07598015e+00
1.15647800e+04 2.23390690e+00 1.30134113e+00 1.95319518e+00 1.08918548e+00
1.15648800e+04 2.25765340e+00 1.31537818e+00 1.95321094e+00 1.10093404e+00
1.15649800e+04 2.27842690e+00 1.32765668e+00 1.95322669e+00 1.11121073e+00
1.15650800e+04 2.29623560e+00 1.33818146e+00 1.95324244e+00 1.12001961e+00
1.15651800e+04 2.31112390e+00 1.34697880e+00 1.95325820e+00 1.12738267e+00
1.15652800e+04 2.32316880e+00 1.35409423e+00 1.95327395e+00 1.13333802e+00
1.15653800e+04 2.33247600e+00 1.35959028e+00 1.95328970e+00 1.13793800e+00
1.15654800e+04 2.33917490e+00 1.36354350e+00 1.95330546e+00 1.14124667e+00
1.15655800e+04 2.34341360e+00 1.36604147e+00 1.95332121e+00 1.14333734e+00
1.15656800e+04 2.34535420e+00 1.36718010e+00 1.95333697e+00 1.14429028e+00
1.15657800e+04 2.34516790e+00 1.36706065e+00 1.95335272e+00 1.14419024e+00
1.15658800e+04 2.34303060e+00 1.36578715e+00 1.95336847e+00 1.14312430e+00
1.15659800e+04 2.33911990e+00 1.36346467e+00 1.95338423e+00 1.14118039e+00
1.15660800e+04 2.33361100e+00 1.36019684e+00 1.95339998e+00 1.13844525e+00
1.15661800e+04 2.32667490e+00 1.35608480e+00 1.95341573e+00 1.13500353e+00
1.15662800e+04 2.31847540e+00 1.35122545e+00 1.95343149e+00 1.13093634e+00
1.15663800e+04 2.30916850e+00 1.34571106e+00 1.95344724e+00 1.12632089e+00
1.15664800e+04 2.29890060e+00 1.33962822e+00 1.95346300e+00 1.12122968e+00
1.15665800e+04 2.28780830e+00 1.33305775e+00 1.95347875e+00 1.11573032e+00
1.15666800e+04 2.27601790e+00 1.32607434e+00 1.95349450e+00 1.10988535e+00
1.15667800e+04 2.26364580e+00 1.31874685e+00 1.95351026e+00 1.10375240e+00
1.15668800e+04 2.25079800e+00 1.31113797e+00 1.95352601e+00 1.09738394e+00
1.15669800e+04 2.23757120e+00 1.30330492e+00 1.95354176e+00 1.09082784e+00
1.15670800e+04 2.22405270e+00 1.29529932e+00 1.95355752e+00 1.08412733e+00
1.15671800e+04 2.21032150e+00 1.28716790e+00 1.95357327e+00 1.07732152e+00
1.15672800e+04 2.19644860e+00 1.27895267e+00 1.95358903e+00 1.07044556e+00
1.15673800e+04 2.18249740e+00 1.27069113e+00 1.95360478e+00 1.06353084e+00
1.15674800e+04 2.16852480e+00 1.26241692e+00 1.95362053e+00 1.05660551e+00
1.15675800e+04 2.15458140e+00 1.25415999e+00 1.95363629e+00 1.04969465e+00
1.15676800e+04 2.14071240e+00 1.24594707e+00 1.95365204e+00 1.04282062e+00
1.15677800e+04 2.12695760e+00 1.23780169e+00 1.95366779e+00 1.03600313e+00
1.15678800e+04 2.11335230e+00 1.22974475e+00 1.95368355e+00 1.02925966e+00
1.15679800e+04 2.09992770e+00 1.22179469e+00 1.95369930e+00 1.02260564e+00
1.15680800e+04 2.08671090e+00 1.21396755e+00 1.95371506e+00 1.01605451e+00
1.15681800e+04 2.07372590e+00 1.20627752e+00 1.95373081e+00 1.00961813e+00
1.15682800e+04 2.06099330e+00 1.19873679e+00 1.95374656e+00 1.00330671e+00
1.15683800e+04 2.04853080e+00 1.19135583e+00 1.95376232e+00 9.97129013e-01
1.15684800e+04 2.03635380e+00 1.18414374e+00 1.95377807e+00 9.91092660e-01
1.15685800e+04 2.02447490e+00 1.17710798e+00 1.95379382e+00 9.85203890e-01
1.15686800e+04 2.01290490e+00 1.17025494e+00 1.95380958e+00 9.79468050e-01
1.15687800e+04 2.00165230e+00 1.16358965e+00 1.95382533e+00 9.73889348e-01
1.15688800e+04 1.99072410e+00 1.15711624e+00 1.95384109e+00 9.68471249e-01
1.15689800e+04 1.98012530e+00 1.15083768e+00 1.95385684e+00 9.63216230e-01
1.15690800e+04 1.96985980e+00 1.14475626e+00 1.95387259e+00 9.58126220e-01
1.15691800e+04 1.95992970e+00 1.13887324e+00 1.95388835e+00 9.53202259e-01
1.15692800e+04 1.95033610e+00 1.13318926e+00 1.95390410e+00 9.48444892e-01
1.15693800e+04 1.94107890e+00 1.12770427e+00 1.95391985e+00 9.43854069e-01
1.15694800e+04 1.93215700e+00 1.12241761e+00 1.95393561e+00 9.39429246e-01
1.15695800e+04 1.92356820e+00 1.11732798e+00 1.95395136e+00 9.35169334e-01
1.15696800e+04 1.91530970e+00 1.11243373e+00 1.95396712e+00 9.31072945e-01
1.15697800e+04 1.90737770e+00 1.10773260e+00 1.95398287e+00 9.27138200e-01
1.15698800e+04 1.89976790e+00 1.10322207e+00 1.95399862e+00 9.23362969e-01
1.15699800e+04 1.89247510e+00 1.09889904e+00 1.95401438e+00 9.19744677e-01
1.15700800e+04 1.88549390e+00 1.09476032e+00 1.95403013e+00 9.16280652e-01
1.15701800e+04 1.87881810e+00 1.09080225e+00 1.95404588e+00 9.12967823e-01
1.15702800e+04 1.87244120e+00 1.08702099e+00 1.95406164e+00 9.09802973e-01
1.15703800e+04 1.86635630e+00 1.08341245e+00 1.95407739e+00 9.06782686e-01
1.15704800e+04 1.86055610e+00 1.07997231e+00 1.95409315e+00 9.03903347e-01
1.15705800e+04 1.85503300e+00 1.07669607e+00 1.95410890e+00 9.01161194e-01
1.15706800e+04 1.84977920e+00 1.07357914e+00 1.95412465e+00 8.98552365e-01
1.15707800e+04 1.84478670e+00 1.07061676e+00 1.95414041e+00 8.96072900e-01
1.15708800e+04 1.84004720e+00 1.06780403e+00 1.95415616e+00 8.93718690e-01
1.15709800e+04 1.83555240e+00 1.06513605e+00 1.95417191e+00 8.91485625e-01
1.15710800e+04 1.83129390e+00 1.06260784e+00 1.95418767e+00 8.89369547e-01
1.15711800e+04 1.82726320e+00 1.06021438e+00 1.95420342e+00 8.87366247e-01
1.15712800e+04 1.82345190e+00 1.05795070e+00 1.95421918e+00 8.85471568e-01
1.15713800e+04 1.81985160e+00 1.05581182e+00 1.95423493e+00 8.83681349e-01
1.15714800e+04 1.81645390e+00 1.05379279e+00 1.95425068e+00 8.81991434e-01
1.15715800e+04 1.81325070e+00 1.05188880e+00 1.95426644e+00 8.80397810e-01
1.15716800e+04 1.81023410e+00 1.05009519e+00 1.95428219e+00 8.78896568e-01
1.15717800e+04 1.80739630e+00 1.04840734e+00 1.95429795e+00 8.77483846e-01
1.15718800e+04 1.80473000e+00 1.04682094e+00 1.95431370e+00 8.76156029e-01
1.15719800e+04 1.80222790e+00 1.04533166e+00 1.95432945e+00 8.74909504e-01
1.15720800e+04 1.79988350e+00 1.04393566e+00 1.95434521e+00 8.73741053e-01
1.15721800e+04 1.79769050e+00 1.04262922e+00 1.95436096e+00 8.72647556e-01
1.15722800e+04 1.79564290e+00 1.04140879e+00 1.95437671e+00 8.71626044e-01
1.15723800e+04 1.79373550e+00 1.04027128e+00 1.95439247e+00 8.70673941e-01
1.15724800e+04 1.79196330e+00 1.03921375e+00 1.95440822e+00 8.69788773e-01
1.15725800e+04 1.79032210e+00 1.03823370e+00 1.95442398e+00 8.68968459e-01
1.15726800e+04 1.78880790e+00 1.03732878e+00 1.95443973e+00 8.68211020e-01
1.15727800e+04 1.78741760e+00 1.03649714e+00 1.95445548e+00 8.67514922e-01
1.15728800e+04 1.78614840e+00 1.03573714e+00 1.95447124e+00 8.66878777e-01
1.15729800e+04 1.78499800e+00 1.03504740e+00 1.95448699e+00 8.66301447e-01
1.15730800e+04 1.78396460e+00 1.03442688e+00 1.95450274e+00 8.65782041e-01
1.15731800e+04 1.78304680e+00 1.03387473e+00 1.95451850e+00 8.65319865e-01
1.15732800e+04 1.78224380e+00 1.03339049e+00 1.95453425e+00 8.64914525e-01
1.15733800e+04 1.78155490e+00 1.03297374e+00 1.95455001e+00 8.64565672e-01
1.15734800e+04 1.78097990e+00 1.03262436e+00 1.95456576e+00 8.64273209e-01
1.15735800e+04 1.78051880e+00 1.03234236e+00 1.95458151e+00 8.64037135e-01
1.15736800e+04 1.78017160e+00 1.03212773e+00 1.95459727e+00 8.63857450e-01
1.15737800e+04 1.77993880e+00 1.03198076e+00 1.95461302e+00 8.63734402e-01
1.15738800e+04 1.77982060e+00 1.03190159e+00 1.95462877e+00 8.63668089e-01
1.15739800e+04 1.77981750e+00 1.03189050e+00 1.95464453e+00 8.63658760e-01
1.15740800e+04 1.77992960e+00 1.03194755e+00 1.95466028e+00 8.63706463e-01
1.15741800e+04 1.78015730e+00 1.03207298e+00 1.95467604e+00 8.63811397e-01
1.15742800e+04 1.78050040e+00 1.03226666e+00 1.95469179e+00 8.63973463e-01
1.15743800e+04 1.78095870e+00 1.03252850e+00 1.95470754e+00 8.64192561e-01
1.15744800e+04 1.78153180e+00 1.03285823e+00 1.95472330e+00 8.64468494e-01
1.15745800e+04 1.78221870e+00 1.03325528e+00 1.95473905e+00 8.64800766e-01
1.15746800e+04 1.78301830e+00 1.03371900e+00 1.95475480e+00 8.65188834e-01
1.15747800e+04 1.78392910e+00 1.03424849e+00 1.95477056e+00 8.65631953e-01
1.15748800e+04 1.78494890e+00 1.03484245e+00 1.95478631e+00 8.66129036e-01
1.15749800e+04 1.78607550e+00 1.03549959e+00 1.95480207e+00 8.66678993e-01
1.15750800e+04 1.78730600e+00 1.03621818e+00 1.95481782e+00 8.67280388e-01
1.15751800e+04 1.78863700e+00 1.03699623e+00 1.95483357e+00 8.67931538e-01
1.15752800e+04 1.79006500e+00 1.03783165e+00 1.95484933e+00 8.68630711e-01
1.15753800e+04 1.79158560e+00 1.03872184e+00 1.95486508e+00 8.69375727e-01
1.15754800e+04 1.79319450e+00 1.03966426e+00 1.95488083e+00 8.70164458e-01
1.15755800e+04 1.79488650e+00 1.04065584e+00 1.95489659e+00 8.70994330e-01
1.15756800e+04 1.79665640e+00 1.04169350e+00 1.95491234e+00 8.71862768e-01
1.15757800e+04 1.79849840e+00 1.04277380e+00 1.95492810e+00 8.72766901e-01
1.15758800e+04 1.80040670e+00 1.04389333e+00 1.95494385e+00 8.73703857e-01
1.15759800e+04 1.80237490e+00 1.04504828e+00 1.95495960e+00 8.74670468e-01
1.15760800e+04 1.80439650e+00 1.04623482e+00 1.95497536e+00 8.75663516e-01
1.15761800e+04 1.80646480e+00 1.04744898e+00 1.95499111e+00 8.76679684e-01
1.15762800e+04 1.80857290e+00 1.04868669e+00 1.95500686e+00 8.77715556e-01
1.15763800e+04 1.81071380e+00 1.04994380e+00 1.95502262e+00 8.78767666e-01
1.15764800e+04 1.81288030e+00 1.05121605e+00 1.95503837e+00 8.79832450e-01
1.15765800e+04 1.81506550e+00 1.05249936e+00 1.95505413e+00 8.80906492e-01
1.15766800e+04 1.81726220e+00 1.05378947e+00 1.95506988e+00 8.81986227e-01
1.15767800e+04 1.81946330e+00 1.05508219e+00 1.95508563e+00 8.83068140e-01
1.15768800e+04 1.82166190e+00 1.05637343e+00 1.95510139e+00 8.84148816e-01
1.15769800e+04 1.82385110e+00 1.05765910e+00 1.95511714e+00 8.85224838e-01
1.15770800e+04 1.82602430e+00 1.05893532e+00 1.95513289e+00 8.86292938e-01
1.15771800e+04 1.82817500e+00 1.06019822e+00 1.95514865e+00 8.87349899e-01
1.15772800e+04 1.83029700e+00 1.06144415e+00 1.95516440e+00 8.88392651e-01
1.15773800e+04 1.83238450e+00 1.06266967e+00 1.95518016e+00 8.89418323e-01
1.15774800e+04 1.83443160e+00 1.06387129e+00 1.95519591e+00 8.90423994e-01
1.15775800e+04 1.83643320e+00 1.06504600e+00 1.95521166e+00 8.91407139e-01
1.15776800e+04 1.83838410e+00 1.06619072e+00 1.95522742e+00 8.92365184e-01
1.15777800e+04 1.84027980e+00 1.06730279e+00 1.95524317e+00 8.93295900e-01
1.15778800e+04 1.84211600e+00 1.06837967e+00 1.95525892e+00 8.94197159e-01
1.15779800e+04 1.84388870e+00 1.06941898e+00 1.95527468e+00 8.95066982e-01
1.15780800e+04 1.84559440e+00 1.07041866e+00 1.95529043e+00 8.95903633e-01
1.15781800e+04 1.84722980e+00 1.07137676e+00 1.95530619e+00 8.96705482e-01
1.15782800e+04 1.84879220e+00 1.07229168e+00 1.95532194e+00 8.97471189e-01
1.15783800e+04 1.85027910e+00 1.07316194e+00 1.95533769e+00 8.98199519e-01
1.15784800e+04 1.85168820e+00 1.07398618e+00 1.95535345e+00 8.98889331e-01
1.15785800e+04 1.85301790e+00 1.07476345e+00 1.95536920e+00 8.99539835e-01
1.15786800e+04 1.85426650e+00 1.07549275e+00 1.95538495e+00 9.00150188e-01
1.15787800e+04 1.85543280e+00 1.07617338e+00 1.95540071e+00 9.00719796e-01
1.15788800e+04 1.85651580e+00 1.07680472e+00 1.95541646e+00 9.01248165e-01
1.15789800e+04 1.85751490e+00 1.07738644e+00 1.95543222e+00 9.01734997e-01
1.15790800e+04 1.85842950e+00 1.07791818e+00 1.95544797e+00 9.02179995e-01
1.15791800e+04 1.85925940e+00 1.07839982e+00 1.95546372e+00 9.02583060e-01
1.15792800e+04 1.86000440e+00 1.07883123e+00 1.95547948e+00 9.02944094e-01
1.15793800e+04 1.86066480e+00 1.07921261e+00 1.95549523e+00 9.03263244e-01
1.15794800e+04 1.86124070e+00 1.07954400e+00 1.95551099e+00 9.03540560e-01
1.15795800e+04 1.86173260e+00 1.07982571e+00 1.95552674e+00 9.03776290e-01
1.15796800e+04 1.86214100e+00 1.08005802e+00 1.95554249e+00 9.03970681e-01
1.15797800e+04 1.86246680e+00 1.08024148e+00 1.95555825e+00 9.04124180e-01
1.15798800e+04 1.86271080e+00 1.08037655e+00 1.95557400e+00 9.04237181e-01
1.15799800e+04 1.86287400e+00 1.08046383e+00 1.95558975e+00 9.04310180e-01
1.15800800e+04 1.86295750e+00 1.08050396e+00 1.95560551e+00 9.04343722e-01
1.15801800e+04 1.86296280e+00 1.08049784e+00 1.95562126e+00 9.04338549e-01
1.15802800e+04 1.86289120e+00 1.08044623e+00 1.95563702e+00 9.04295305e-01
1.15803800e+04 1.86274440e+00 1.08035013e+00 1.95565277e+00 9.04214831e-01
1.15804800e+04 1.86252430e+00 1.08021068e+00 1.95566852e+00 9.04098069e-01
1.15805800e+04 1.86223270e+00 1.08002894e+00 1.95568428e+00 9.03945908e-01
1.15806800e+04 1.86187190e+00 1.07980626e+00 1.95570003e+00 9.03759489e-01
1.15807800e+04 1.86144410e+00 1.07954396e+00 1.95571578e+00 9.03539900e-01
1.15808800e+04 1.86095200e+00 1.07924362e+00 1.95573154e+00 9.03288477e-01
1.15809800e+04 1.86039830e+00 1.07890684e+00 1.95574729e+00 9.03006558e-01
1.15810800e+04 1.85978580e+00 1.07853528e+00 1.95576305e+00 9.02695529e-01
1.15811800e+04 1.85911780e+00 1.07813089e+00 1.95577880e+00 9.02357023e-01
1.15812800e+04 1.85839750e+00 1.07769557e+00 1.95579455e+00 9.01992625e-01
1.15813800e+04 1.85762860e+00 1.07723150e+00 1.95581031e+00 9.01604166e-01
1.15814800e+04 1.85681470e+00 1.07674081e+00 1.95582606e+00 9.01193429e-01
1.15815800e+04 1.85595980e+00 1.07622587e+00 1.95584181e+00 9.00762394e-01
1.15816800e+04 1.85506800e+00 1.07568910e+00 1.95585757e+00 9.00313091e-01
1.15817800e+04 1.85414350e+00 1.07513299e+00 1.95587332e+00 8.99847599e-01
1.15818800e+04 1.85319090e+00 1.07456026e+00 1.95588908e+00 8.99368195e-01
1.15819800e+04 1.85221460e+00 1.07397351e+00 1.95590483e+00 8.98877059e-01
1.15820800e+04 1.85121950e+00 1.07337564e+00 1.95592058e+00 8.98376615e-01
1.15821800e+04 1.85021030e+00 1.07276943e+00 1.95593634e+00 8.97869190e-01
1.15822800e+04 1.84919210e+00 1.07215789e+00 1.95595209e+00 8.97357310e-01
1.15823800e+04 1.84816980e+00 1.07154393e+00 1.95596784e+00 8.96843400e-01
1.15824800e+04 1.84714850e+00 1.07093056e+00 1.95598360e+00 8.96329986e-01
1.15825800e+04 1.84613330e+00 1.07032080e+00 1.95599935e+00 8.95819591e-01
1.15826800e+04 1.84512950e+00 1.06971778e+00 1.95601511e+00 8.95314840e-01
1.15827800e+04 1.84414220e+00 1.06912453e+00 1.95603086e+00 8.94818258e-01
1.15828800e+04 1.84317640e+00 1.06854399e+00 1.95604661e+00 8.94332320e-01
1.15829800e+04 1.84223740e+00 1.06797930e+00 1.95606237e+00 8.93859650e-01
1.15830800e+04 1.84133010e+00 1.06743336e+00 1.95607812e+00 8.93402674e-01
1.15831800e+04 1.84045940e+00 1.06690908e+00 1.95609387e+00 8.92963818e-01
1.15832800e+04 1.83963020e+00 1.06640934e+00 1.95610963e+00 8.92545507e-01
1.15833800e+04 1.83884730e+00 1.06593699e+00 1.95612538e+00 8.92150118e-01
1.15834800e+04 1.83811510e+00 1.06549462e+00 1.95614114e+00 8.91779830e-01
1.15835800e+04 1.83743800e+00 1.06508485e+00 1.95615689e+00 8.91436820e-01
1.15836800e+04 1.83682040e+00 1.06471028e+00 1.95617264e+00 8.91123266e-01
1.15837800e+04 1.83626620e+00 1.06437320e+00 1.95618840e+00 8.90841101e-01
1.15838800e+04 1.83577920e+00 1.06407588e+00 1.95620415e+00 8.90592204e-01
1.15839800e+04 1.83536300e+00 1.06382043e+00 1.95621990e+00 8.90378359e-01
1.15840800e+04 1.83502100e+00 1.06360888e+00 1.95623566e+00 8.90201248e-01
1.15841800e+04 1.83475620e+00 1.06344299e+00 1.95625141e+00 8.90062357e-01
1.15842800e+04 1.83457150e+00 1.06332448e+00 1.95626717e+00 8.89963121e-01
1.15843800e+04 1.83446940e+00 1.06325483e+00 1.95628292e+00 8.89904778e-01
1.15844800e+04 1.83445230e+00 1.06323545e+00 1.95629867e+00 8.89888516e-01
1.15845800e+04 1.83452230e+00 1.06326760e+00 1.95631443e+00 8.89915375e-01
1.15846800e+04 1.83468100e+00 1.06335221e+00 1.95633018e+00 8.89986147e-01
1.15847800e+04 1.83492990e+00 1.06349018e+00 1.95634593e+00 8.90101574e-01
1.15848800e+04 1.83527030e+00 1.06368228e+00 1.95636169e+00 8.90262301e-01
1.15849800e+04 1.83570310e+00 1.06392902e+00 1.95637744e+00 8.90468772e-01
1.15850800e+04 1.83622890e+00 1.06423078e+00 1.95639320e+00 8.90721285e-01
1.15851800e+04 1.83684830e+00 1.06458790e+00 1.95640895e+00 8.91020137e-01
1.15852800e+04 1.83756130e+00 1.06500039e+00 1.95642470e+00 8.91365328e-01
1.15853800e+04 1.83836800e+00 1.06546831e+00 1.95644046e+00 8.91756906e-01
1.15854800e+04 1.83926790e+00 1.06599135e+00 1.95645621e+00 8.92194626e-01
1.15855800e+04 1.84026070e+00 1.06656934e+00 1.95647196e+00 8.92678338e-01
1.15856800e+04 1.84134560e+00 1.06720182e+00 1.95648772e+00 8.93207645e-01
1.15857800e+04 1.84252170e+00 1.06788823e+00 1.95650347e+00 8.93782104e-01
1.15858800e+04 1.84378790e+00 1.06862795e+00 1.95651923e+00 8.94401168e-01
1.15859800e+04 1.84514300e+00 1.06942024e+00 1.95653498e+00 8.95064244e-01
1.15860800e+04 1.84658570e+00 1.07026436e+00 1.95655073e+00 8.95770689e-01
1.15861800e+04 1.84811450e+00 1.07115940e+00 1.95656649e+00 8.96519759e-01
1.15862800e+04 1.84972770e+00 1.07210437e+00 1.95658224e+00 8.97310613e-01
1.15863800e+04 1.85142370e+00 1.07309831e+00 1.95659800e+00 8.98142459e-01
1.15864800e+04 1.85320090e+00 1.07414029e+00 1.95661375e+00 8.99014504e-01
1.15865800e+04 1.85505720e+00 1.07522905e+00 1.95662950e+00 8.99925710e-01
1.15866800e+04 1.85699110e+00 1.07636372e+00 1.95664526e+00 9.00875334e-01
1.15867800e+04 1.85900050e+00 1.07754304e+00 1.95666101e+00 9.01862335e-01
1.15868800e+04 1.86108370e+00 1.07876602e+00 1.95667676e+00 9.02885872e-01
1.15869800e+04 1.86323890e+00 1.08003158e+00 1.95669252e+00 9.03945055e-01
1.15870800e+04 1.86546410e+00 1.08133856e+00 1.95670827e+00 9.05038892e-01
1.15871800e+04 1.86775760e+00 1.08268593e+00 1.95672403e+00 9.06166543e-01
1.15872800e+04 1.87011770e+00 1.08407269e+00 1.95673978e+00 9.07327165e-01
1.15873800e+04 1.87254260e+00 1.08549779e+00 1.95675553e+00 9.08519868e-01
1.15874800e+04 1.87503080e+00 1.08696033e+00 1.95677129e+00 9.09743909e-01
1.15875800e+04 1.87758070e+00 1.08845937e+00 1.95678704e+00 9.10998496e-01
1.15876800e+04 1.88019080e+00 1.08999401e+00 1.95680279e+00 9.12282885e-01
1.15877800e+04 1.88285950e+00 1.09156332e+00 1.95681855e+00 9.13596286e-01
1.15878800e+04 1.88558560e+00 1.09316658e+00 1.95683430e+00 9.14938104e-01
1.15879800e+04 1.88836770e+00 1.09480296e+00 1.95685006e+00 9.16307646e-01
1.15880800e+04 1.89120450e+00 1.09647170e+00 1.95686581e+00 9.17704268e-01
1.15881800e+04 1.89409470e+00 1.09817203e+00 1.95688156e+00 9.19127327e-01
1.15882800e+04 1.89703720e+00 1.09990329e+00 1.95689732e+00 9.20576278e-01
1.15883800e+04 1.90003070e+00 1.10166472e+00 1.95691307e+00 9.22050477e-01
1.15884800e+04 1.90307410e+00 1.10345567e+00 1.95692882e+00 9.23549380e-01
1.15885800e+04 1.90616610e+00 1.10527536e+00 1.95694458e+00 9.25072344e-01
1.15886800e+04 1.90930560e+00 1.10712315e+00 1.95696033e+00 9.26618823e-01
1.15887800e+04 1.91249120e+00 1.10899821e+00 1.95697609e+00 9.28188125e-01
1.15888800e+04 1.91572160e+00 1.11089977e+00 1.95699184e+00 9.29779606e-01
1.15889800e+04 1.91899550e+00 1.11282706e+00 1.95700759e+00 9.31392622e-01
1.15890800e+04 1.92231120e+00 1.11477907e+00 1.95702335e+00 9.33026332e-01
1.15891800e+04 1.92566730e+00 1.11675498e+00 1.95703910e+00 9.34680043e-01
1.15892800e+04 1.92906200e+00 1.11875373e+00 1.95705485e+00 9.36352864e-01
1.15893800e+04 1.93249340e+00 1.12077418e+00 1.95707061e+00 9.38043853e-01
1.15894800e+04 1.93595940e+00 1.12281510e+00 1.95708636e+00 9.39751972e-01
1.15895800e+04 1.93945800e+00 1.12487530e+00 1.95710212e+00 9.41476230e-01
1.15896800e+04 1.94298670e+00 1.12695331e+00 1.95711787e+00 9.43215389e-01
1.15897800e+04 1.94654310e+00 1.12904770e+00 1.95713362e+00 9.44968262e-01
1.15898800e+04 1.95012420e+00 1.13115670e+00 1.95714938e+00 9.46733363e-01
1.15899800e+04 1.95372730e+00 1.13327871e+00 1.95716513e+00 9.48509355e-01
1.15900800e+04 1.95734910e+00 1.13541179e+00 1.95718088e+00 9.50294605e-01
1.15901800e+04 1.96098630e+00 1.13755398e+00 1.95719664e+00 9.52087478e-01
1.15902800e+04 1.96463530e+00 1.13970314e+00 1.95721239e+00 9.53886194e-01
1.15903800e+04 1.96829230e+00 1.14185704e+00 1.95722815e+00 9.55688869e-01
1.15904800e+04 1.97195340e+00 1.14401336e+00 1.95724390e+00 9.57493574e-01
1.15905800e+04 1.97561440e+00 1.14616962e+00 1.95725965e+00 9.59298230e-01
1.15906800e+04 1.97927080e+00 1.14832317e+00 1.95727541e+00 9.61100608e-01
1.15907800e+04 1.98291820e+00 1.15047139e+00 1.95729116e+00 9.62898530e-01
1.15908800e+04 1.98655190e+00 1.15261150e+00 1.95730691e+00 9.64689670e-01
1.15909800e+04 1.99016690e+00 1.15474055e+00 1.95732267e+00 9.66471552e-01
1.15910800e+04 1.99375840e+00 1.15685571e+00 1.95733842e+00 9.68241799e-01
1.15911800e+04 1.99732110e+00 1.15895383e+00 1.95735418e+00 9.69997788e-01
1.15912800e+04 2.00085000e+00 1.16103195e+00 1.95736993e+00 9.71737043e-01
1.15913800e+04 2.00433960e+00 1.16308683e+00 1.95738568e+00 9.73456842e-01
1.15914800e+04 2.00778480e+00 1.16511544e+00 1.95740144e+00 9.75154660e-01
1.15915800e+04 2.01118010e+00 1.16711454e+00 1.95741719e+00 9.76827773e-01
1.15916800e+04 2.01452030e+00 1.16908105e+00 1.95743294e+00 9.78473608e-01
1.15917800e+04 2.01780000e+00 1.17101177e+00 1.95744870e+00 9.80089491e-01
1.15918800e+04 2.02101390e+00 1.17290357e+00 1.95746445e+00 9.81672798e-01
1.15919800e+04 2.02415700e+00 1.17475349e+00 1.95748021e+00 9.83221053e-01
1.15920800e+04 2.02722410e+00 1.17655845e+00 1.95749596e+00 9.84731684e-01
1.15921800e+04 2.03021040e+00 1.17831562e+00 1.95751171e+00 9.86202312e-01
1.15922800e+04 2.03311120e+00 1.18002222e+00 1.95752747e+00 9.87630612e-01
1.15923800e+04 2.03592200e+00 1.18167558e+00 1.95754322e+00 9.89014355e-01
1.15924800e+04 2.03863840e+00 1.18327310e+00 1.95755897e+00 9.90351364e-01
1.15925800e+04 2.04125650e+00 1.18481248e+00 1.95757473e+00 9.91639706e-01
1.15926800e+04 2.04377240e+00 1.18629140e+00 1.95759048e+00 9.92877453e-01
1.15927800e+04 2.04618290e+00 1.18770798e+00 1.95760624e+00 9.94063019e-01
1.15928800e+04 2.04848480e+00 1.18906032e+00 1.95762199e+00 9.95194820e-01
1.15929800e+04 2.05067530e+00 1.19034677e+00 1.95763774e+00 9.96271470e-01
1.15930800e+04 2.05275200e+00 1.19156590e+00 1.95765350e+00 9.97291781e-01
1.15931800e+04 2.05471280e+00 1.19271648e+00 1.95766925e+00 9.98254714e-01
1.15932800e+04 2.05655620e+00 1.19379761e+00 1.95768501e+00 9.99159525e-01
1.15933800e+04 2.05828090e+00 1.19480853e+00 1.95770076e+00 1.00000557e+00
1.15934800e+04 2.05988600e+00 1.19574871e+00 1.95771651e+00 1.00079241e+00
1.15935800e+04 2.06137100e+00 1.19661784e+00 1.95773227e+00 1.00151978e+00
1.15936800e+04 2.06273580e+00 1.19741588e+00 1.95774802e+00 1.00218765e+00
1.15937800e+04 2.06398070e+00 1.19814299e+00 1.95776377e+00 1.00279616e+00
1.15938800e+04 2.06510640e+00 1.19879960e+00 1.95777953e+00 1.00334566e+00
1.15939800e+04 2.06611390e+00 1.19938629e+00 1.95779528e+00 1.00383664e+00
1.15940800e+04 2.06699530e+00 1.19989839e+00 1.95781104e+00 1.00426520e+00
1.15941800e+04 2.06773020e+00 1.20032383e+00 1.95782679e+00 1.00462122e+00
1.15942800e+04 2.06831440e+00 1.20066013e+00 1.95784254e+00 1.00490264e+00
1.15943800e+04 2.06875900e+00 1.20091386e+00 1.95785830e+00 1.00511495e+00
1.15944800e+04 2.06917150e+00 1.20114860e+00 1.95787405e+00 1.00531136e+00
1.15945800e+04 2.06955880e+00 1.20136843e+00 1.95788980e+00 1.00549530e+00
1.15946800e+04 2.06986060e+00 1.20153769e+00 1.95790556e+00 1.00563691e+00
1.15947800e+04 2.07002080e+00 1.20162319e+00 1.95792131e+00 1.00570842e+00
1.15948800e+04 2.06999030e+00 1.20159590e+00 1.95793707e+00 1.00568551e+00
1.15949800e+04 2.06991430e+00 1.20154168e+00 1.95795282e+00 1.00564009e+00
1.15950800e+04 2.06981740e+00 1.20147511e+00 1.95796857e+00 1.00558431e+00
1.15951800e+04 2.06965100e+00 1.20136742e+00 1.95798433e+00 1.00549413e+00
1.15952800e+04 2.06936910e+00 1.20119142e+00 1.95800008e+00 1.00534677e+00
1.15953800e+04 2.06893290e+00 1.20092414e+00 1.95801583e+00 1.00512302e+00
1.15954800e+04 2.06846060e+00 1.20063551e+00 1.95803159e+00 1.00488139e+00
1.15955800e+04 2.06797280e+00 1.20033771e+00 1.95804734e+00 1.00463210e+00
1.15956800e+04 2.06743350e+00 1.20000945e+00 1.95806310e+00 1.00435730e+00
1.15961800e+04 2.06370750e+00 1.19775919e+00 1.95814186e+00 1.00247366e+00
1.15966800e+04 2.05896630e+00 1.19490843e+00 1.95822063e+00 1.00008743e+00
1.15971800e+04 2.05366130e+00 1.19172417e+00 1.95829940e+00 9.97422078e-01
1.15976800e+04 2.04818020e+00 1.18843575e+00 1.95837817e+00 9.94669546e-01
1.15981800e+04 2.04283470e+00 1.18522753e+00 1.95845694e+00 9.91984146e-01
1.15986800e+04 2.03785120e+00 1.18223345e+00 1.95853571e+00 9.89477963e-01
1.15991800e+04 2.03336680e+00 1.17953458e+00 1.95861448e+00 9.87218870e-01
1.15996800e+04 2.02942920e+00 1.17715916e+00 1.95869325e+00 9.85230482e-01
1.16001800e+04 2.02600300e+00 1.17508623e+00 1.95877202e+00 9.83495273e-01
1.16006800e+04 2.02298510e+00 1.17325482e+00 1.95885078e+00 9.81962201e-01
1.16011800e+04 2.02022810e+00 1.17157773e+00 1.95892955e+00 9.80558293e-01
1.16016800e+04 2.01757010e+00 1.16995920e+00 1.95900832e+00 9.79203398e-01
1.16021800e+04 2.01486620e+00 1.16831353e+00 1.95908709e+00 9.77825780e-01
1.16026800e+04 2.01201730e+00 1.16658208e+00 1.95916586e+00 9.76376378e-01
1.16031800e+04 2.00898820e+00 1.16474404e+00 1.95924463e+00 9.74837765e-01
1.16036800e+04 2.00581430e+00 1.16282035e+00 1.95932340e+00 9.73227467e-01
1.16041800e+04 2.00259530e+00 1.16086999e+00 1.95940217e+00 9.71594843e-01
1.16046800e+04 1.99948100e+00 1.15898155e+00 1.95948093e+00 9.70014053e-01
1.16051800e+04 1.99665120e+00 1.15726140e+00 1.95955970e+00 9.68574111e-01
1.16056800e+04 1.99429780e+00 1.15582305e+00 1.95963847e+00 9.67370019e-01
1.16061800e+04 1.99260770e+00 1.15477704e+00 1.95971724e+00 9.66494306e-01
1.16066800e+04 1.99175030e+00 1.15422359e+00 1.95979601e+00 9.66030836e-01
1.16071800e+04 1.99186790e+00 1.15424686e+00 1.95987478e+00 9.66050055e-01
1.16076800e+04 1.99306920e+00 1.15491115e+00 1.95995355e+00 9.66605779e-01
1.16081800e+04 1.99542420e+00 1.15625787e+00 1.96003232e+00 9.67732660e-01
1.16086800e+04 1.99896290e+00 1.15830476e+00 1.96011109e+00 9.69445551e-01
1.16091800e+04 2.00367520e+00 1.16104584e+00 1.96018985e+00 9.71739451e-01
1.16096800e+04 2.00951330e+00 1.16445285e+00 1.96026862e+00 9.74590694e-01
1.16101800e+04 2.01639590e+00 1.16847769e+00 1.96034739e+00 9.77959033e-01
1.16106800e+04 2.02421410e+00 1.17305595e+00 1.96042616e+00 9.81790553e-01
1.16111800e+04 2.03283750e+00 1.17811050e+00 1.96050493e+00 9.86020698e-01
1.16116800e+04 2.04212110e+00 1.18355555e+00 1.96058370e+00 9.90577684e-01
1.16121800e+04 2.05191140e+00 1.18930033e+00 1.96066247e+00 9.95385516e-01
1.16126800e+04 2.06205020e+00 1.19525125e+00 1.96074124e+00 1.00036588e+00
1.16131800e+04 2.07237710e+00 1.20131344e+00 1.96082000e+00 1.00543936e+00
1.16136800e+04 2.08273060e+00 1.20739135e+00 1.96089877e+00 1.01052600e+00
1.16141800e+04 2.09294820e+00 1.21338888e+00 1.96097754e+00 1.01554536e+00
1.16146800e+04 2.10286790e+00 1.21921020e+00 1.96105631e+00 1.02041724e+00
1.16151800e+04 2.11233120e+00 1.22476156e+00 1.96113508e+00 1.02506318e+00
1.16156800e+04 2.12118810e+00 1.22995422e+00 1.96121385e+00 1.02940890e+00
1.16161800e+04 2.12930240e+00 1.23470762e+00 1.96129262e+00 1.03338698e+00
1.16166800e+04 2.13655640e+00 1.23895215e+00 1.96137139e+00 1.03693916e+00
1.16171800e+04 2.14285380e+00 1.24263084e+00 1.96145016e+00 1.04001776e+00
1.16176800e+04 2.14811960e+00 1.24569933e+00 1.96152892e+00 1.04258565e+00
1.16181800e+04 2.15229920e+00 1.24812532e+00 1.96160769e+00 1.04461579e+00
1.16186800e+04 2.15535740e+00 1.24988798e+00 1.96168646e+00 1.04609078e+00
1.16191800e+04 2.15727790e+00 1.25097769e+00 1.96176523e+00 1.04700253e+00
1.16196800e+04 2.15806400e+00 1.25139638e+00 1.96184400e+00 1.04735267e+00
1.16201800e+04 2.15774030e+00 1.25115862e+00 1.96192277e+00 1.04715340e+00
1.16206800e+04 2.15635270e+00 1.25029155e+00 1.96200154e+00 1.04642743e+00
1.16211800e+04 2.15396830e+00 1.24883486e+00 1.96208031e+00 1.04520798e+00
1.16216800e+04 2.15067240e+00 1.24683900e+00 1.96215908e+00 1.04353728e+00
1.16221800e+04 2.14656520e+00 1.24436326e+00 1.96223784e+00 1.04146494e+00
1.16226800e+04 2.14175680e+00 1.24147275e+00 1.96231661e+00 1.03904546e+00
1.16231800e+04 2.13636280e+00 1.23823584e+00 1.96239538e+00 1.03633607e+00
1.16236800e+04 2.13050070e+00 1.23472206e+00 1.96247415e+00 1.03339495e+00
1.16241800e+04 2.12428200e+00 1.23099733e+00 1.96255292e+00 1.03027729e+00
1.16246800e+04 2.11780350e+00 1.22711894e+00 1.96263169e+00 1.02703101e+00
1.16251800e+04 2.11123480e+00 1.22318719e+00 1.96271046e+00 1.02374008e+00
1.16256800e+04 2.10465530e+00 1.21924905e+00 1.96278923e+00 1.02044381e+00
1.16266800e+04 2.09168710e+00 1.21148563e+00 1.96294676e+00 1.01394572e+00
1.16276800e+04 2.07947510e+00 1.20416952e+00 1.96310430e+00 1.00782201e+00
1.16286800e+04 2.06838670e+00 1.19751803e+00 1.96326184e+00 1.00225455e+00
1.16296800e+04 2.05856430e+00 1.19161538e+00 1.96341938e+00 9.97313849e-01
1.16306800e+04 2.04994890e+00 1.18642670e+00 1.96357691e+00 9.92970689e-01
1.16316800e+04 2.04233570e+00 1.18183082e+00 1.96373445e+00 9.89123683e-01
1.16326800e+04 2.03545020e+00 1.17766539e+00 1.96389199e+00 9.85636936e-01
1.16336800e+04 2.02902330e+00 1.17377123e+00 1.96404953e+00 9.82377227e-01
1.16346800e+04 2.02285380e+00 1.17002931e+00 1.96420706e+00 9.79244949e-01
1.16356800e+04 2.01684200e+00 1.16638069e+00 1.96436460e+00 9.76190746e-01
1.16366800e+04 2.01098720e+00 1.16282492e+00 1.96452214e+00 9.73214271e-01
1.16376800e+04 2.00535360e+00 1.15940000e+00 1.96467968e+00 9.70347306e-01
1.16386800e+04 2.00001990e+00 1.15615248e+00 1.96483722e+00 9.67628811e-01
1.16396800e+04 1.99503820e+00 1.15311316e+00 1.96499475e+00 9.65084580e-01
1.16406800e+04 1.99041750e+00 1.15028739e+00 1.96515229e+00 9.62719068e-01
1.16416800e+04 1.98613620e+00 1.14766237e+00 1.96530983e+00 9.60521581e-01
1.16426800e+04 1.98217300e+00 1.14522551e+00 1.96546737e+00 9.58481574e-01
1.16436800e+04 1.97854060e+00 1.14298432e+00 1.96562490e+00 9.56605333e-01
1.16446800e+04 1.97530980e+00 1.14098068e+00 1.96578244e+00 9.54927910e-01
1.16456800e+04 1.97261530e+00 1.13929427e+00 1.96593998e+00 9.53515988e-01
1.16466800e+04 1.97064330e+00 1.13803523e+00 1.96609752e+00 9.52461745e-01
1.16476800e+04 1.96960590e+00 1.13732901e+00 1.96625505e+00 9.51870182e-01
1.16486800e+04 1.96970590e+00 1.13729558e+00 1.96641259e+00 9.51841697e-01
1.16496800e+04 1.97110260e+00 1.13802916e+00 1.96657013e+00 9.52455150e-01
1.16506800e+04 1.97388270e+00 1.13958104e+00 1.96672767e+00 9.53753463e-01
1.16516800e+04 1.97804180e+00 1.14194861e+00 1.96688521e+00 9.55734454e-01
1.16526800e+04 1.98347700e+00 1.14507100e+00 1.96704274e+00 9.58347183e-01
1.16536800e+04 1.98999130e+00 1.14883170e+00 1.96720028e+00 9.61494123e-01
1.16546800e+04 1.99730880e+00 1.15306750e+00 1.96735782e+00 9.65038687e-01
1.16556800e+04 2.00510140e+00 1.15758432e+00 1.96751536e+00 9.68818447e-01
1.16566800e+04 2.01302210e+00 1.16217692e+00 1.96767289e+00 9.72661620e-01
1.16576800e+04 2.02074070e+00 1.16664997e+00 1.96783043e+00 9.76404738e-01
1.16586800e+04 2.02797420e+00 1.17083608e+00 1.96798797e+00 9.79907702e-01
1.16596800e+04 2.03450640e+00 1.17460737e+00 1.96814551e+00 9.83063481e-01
1.16606800e+04 2.04019520e+00 1.17787977e+00 1.96830304e+00 9.85801730e-01
1.16616800e+04 2.04496950e+00 1.18061124e+00 1.96846058e+00 9.88087251e-01
1.16626800e+04 2.04881870e+00 1.18279550e+00 1.96861812e+00 9.89914796e-01
1.16636800e+04 2.05177970e+00 1.18445438e+00 1.96877566e+00 9.91302634e-01
1.16646800e+04 2.05392190e+00 1.18562893e+00 1.96893320e+00 9.92285123e-01
1.16656800e+04 2.05533460e+00 1.18637198e+00 1.96909073e+00 9.92906470e-01
1.16666800e+04 2.05611420e+00 1.18674053e+00 1.96924827e+00 9.93214400e-01
1.16676800e+04 2.05635500e+00 1.18679039e+00 1.96940581e+00 9.93255597e-01
1.16686800e+04 2.05614160e+00 1.18657157e+00 1.96956335e+00 9.93071941e-01
1.16696800e+04 2.05554620e+00 1.18612680e+00 1.96972088e+00 9.92699176e-01
1.16706800e+04 2.05462850e+00 1.18549139e+00 1.96987842e+00 9.92166857e-01
1.16716800e+04 2.05343970e+00 1.18469562e+00 1.97003596e+00 9.91500331e-01
1.16726800e+04 2.05202760e+00 1.18376776e+00 1.97019350e+00 9.90723261e-01
1.16736800e+04 2.05044120e+00 1.18273681e+00 1.97035103e+00 9.89859904e-01
1.16746800e+04 2.04873530e+00 1.18163517e+00 1.97050857e+00 9.88937390e-01
1.16756800e+04 2.04697170e+00 1.18049939e+00 1.97066611e+00 9.87986313e-01
1.16766800e+04 2.04521950e+00 1.17937036e+00 1.97082365e+00 9.87040880e-01
1.16776800e+04 2.04355370e+00 1.17829244e+00 1.97098118e+00 9.86138220e-01
1.16786800e+04 2.04205230e+00 1.17731176e+00 1.97113872e+00 9.85316948e-01
1.16796800e+04 2.04079110e+00 1.17647317e+00 1.97129626e+00 9.84614586e-01
1.16806800e+04 2.03983810e+00 1.17581687e+00 1.97145380e+00 9.84064799e-01
1.16816800e+04 2.03924510e+00 1.17537352e+00 1.97161134e+00 9.83693230e-01
1.16826800e+04 2.03904040e+00 1.17515986e+00 1.97176887e+00 9.83513887e-01
1.16836800e+04 2.03922150e+00 1.17517440e+00 1.97192641e+00 9.83525534e-01
1.16846800e+04 2.03975140e+00 1.17539525e+00 1.97208395e+00 9.83709853e-01
1.16856800e+04 2.04055720e+00 1.17577931e+00 1.97224149e+00 9.84030755e-01
1.16866800e+04 2.04153210e+00 1.17626339e+00 1.97239902e+00 9.84435369e-01
1.16876800e+04 2.04254070e+00 1.17676741e+00 1.97255656e+00 9.84856665e-01
1.16886800e+04 2.04342530e+00 1.17719807e+00 1.97271410e+00 9.85216576e-01
1.16896800e+04 2.04401540e+00 1.17745454e+00 1.97287164e+00 9.85430695e-01
1.16906800e+04 2.04413850e+00 1.17743477e+00 1.97302917e+00 9.85413628e-01
1.16916800e+04 2.04363120e+00 1.17704211e+00 1.97318671e+00 9.85084485e-01
1.16926800e+04 2.04235230e+00 1.17619305e+00 1.97334425e+00 9.84373367e-01
1.16936800e+04 2.04019340e+00 1.17482345e+00 1.97350179e+00 9.83226610e-01
1.16946800e+04 2.03708880e+00 1.17289446e+00 1.97365933e+00 9.81611692e-01
1.16956800e+04 2.03302100e+00 1.17039573e+00 1.97381686e+00 9.79519949e-01
1.16966800e+04 2.02802290e+00 1.16734672e+00 1.97397440e+00 9.76967670e-01
1.16976800e+04 2.02217560e+00 1.16379539e+00 1.97413194e+00 9.73995003e-01
1.16986800e+04 2.01560280e+00 1.15981492e+00 1.97428948e+00 9.70663186e-01
1.16996800e+04 2.00846220e+00 1.15549860e+00 1.97444701e+00 9.67050287e-01
1.17006800e+04 2.00093480e+00 1.15095347e+00 1.97460455e+00 9.63245910e-01
1.17016800e+04 1.99321450e+00 1.14629425e+00 1.97476209e+00 9.59346043e-01
1.17026800e+04 1.98549730e+00 1.14163686e+00 1.97491963e+00 9.55447715e-01
1.17036800e+04 1.97797310e+00 1.13709363e+00 1.97507716e+00 9.51644934e-01
1.17046800e+04 1.97081880e+00 1.13276919e+00 1.97523470e+00 9.48025273e-01
1.17056800e+04 1.96419270e+00 1.12875720e+00 1.97539224e+00 9.44667096e-01
1.17066800e+04 1.95823160e+00 1.12513856e+00 1.97554978e+00 9.41638125e-01
1.17076800e+04 1.95304810e+00 1.12197988e+00 1.97570732e+00 9.38994100e-01
1.17086800e+04 1.94872890e+00 1.11933244e+00 1.97586485e+00 9.36777941e-01
1.17096800e+04 1.94533360e+00 1.11723150e+00 1.97602239e+00 9.35019152e-01
1.17106800e+04 1.94289440e+00 1.11569610e+00 1.97617993e+00 9.33733673e-01
1.17116800e+04 1.94141700e+00 1.11472962e+00 1.97633747e+00 9.32924323e-01
1.17126800e+04 1.94088160e+00 1.11432034e+00 1.97649500e+00 9.32581301e-01
1.17136800e+04 1.94124640e+00 1.11444354e+00 1.97665254e+00 9.32683913e-01
1.17146800e+04 1.94245030e+00 1.11506308e+00 1.97681008e+00 9.33201912e-01
1.17156800e+04 1.94441640e+00 1.11613347e+00 1.97696762e+00 9.34097229e-01
1.17166800e+04 1.94705590e+00 1.11760218e+00 1.97712515e+00 9.35325903e-01
1.17176800e+04 1.95027060e+00 1.11941112e+00 1.97728269e+00 9.36839321e-01
1.17186800e+04 1.95395570e+00 1.12149832e+00 1.97744023e+00 9.38585604e-01
1.17196800e+04 1.95800140e+00 1.12379881e+00 1.97759777e+00 9.40510395e-01
1.17206800e+04 1.96229470e+00 1.12624576e+00 1.97775531e+00 9.42557755e-01
1.17216800e+04 1.96672140e+00 1.12877162e+00 1.97791284e+00 9.44671151e-01
1.17226800e+04 1.97116800e+00 1.13130925e+00 1.97807038e+00 9.46794396e-01
1.17236800e+04 1.97552430e+00 1.13379346e+00 1.97822792e+00 9.48872937e-01
1.17246800e+04 1.97968540e+00 1.13616222e+00 1.97838546e+00 9.50854845e-01
1.17256800e+04 1.98355420e+00 1.13835807e+00 1.97854299e+00 9.52692052e-01
1.17266800e+04 1.98704270e+00 1.14032897e+00 1.97870053e+00 9.54340995e-01
1.17276800e+04 1.99007460e+00 1.14202979e+00 1.97885807e+00 9.55763903e-01
1.17286800e+04 1.99258570e+00 1.14342255e+00 1.97901561e+00 9.56928995e-01
1.17296800e+04 1.99452670e+00 1.14447809e+00 1.97917314e+00 9.57811867e-01
1.17306800e+04 1.99586450e+00 1.14517683e+00 1.97933068e+00 9.58396133e-01
1.17316800e+04 1.99658400e+00 1.14550984e+00 1.97948822e+00 9.58674319e-01
1.17326800e+04 1.99669040e+00 1.14548019e+00 1.97964576e+00 9.58649000e-01
1.17336800e+04 1.99621030e+00 1.14510362e+00 1.97980329e+00 9.58333344e-01
1.17346800e+04 1.99519260e+00 1.14440906e+00 1.97996083e+00 9.57751558e-01
1.17356800e+04 1.99370780e+00 1.14343820e+00 1.98011837e+00 9.56938542e-01
1.17366800e+04 1.99184650e+00 1.14224464e+00 1.98027591e+00 9.55939148e-01
1.17376800e+04 1.98971600e+00 1.14089184e+00 1.98043345e+00 9.54806492e-01
1.17386800e+04 1.98743560e+00 1.13945037e+00 1.98059098e+00 9.53599632e-01
1.17396800e+04 1.98513070e+00 1.13799442e+00 1.98074852e+00 9.52380645e-01
1.17406800e+04 1.98292600e+00 1.13659773e+00 1.98090606e+00 9.51211261e-01
1.17416800e+04 1.98093870e+00 1.13532964e+00 1.98106360e+00 9.50149498e-01
1.17426800e+04 1.97927130e+00 1.13425077e+00 1.98122113e+00 9.49246097e-01
1.17436800e+04 1.97800550e+00 1.13340945e+00 1.98137867e+00 9.48541502e-01
1.17446800e+04 1.97719700e+00 1.13283863e+00 1.98153621e+00 9.48063284e-01
1.17456800e+04 1.97687210e+00 1.13255386e+00 1.98169375e+00 9.47824464e-01
1.17466800e+04 1.97702510e+00 1.13255178e+00 1.98185128e+00 9.47822219e-01
1.17476800e+04 1.97761930e+00 1.13281067e+00 1.98200882e+00 9.48038381e-01
1.17486800e+04 1.97858890e+00 1.13329162e+00 1.98216636e+00 9.48440377e-01
1.17496800e+04 1.97984410e+00 1.13394150e+00 1.98232390e+00 9.48983753e-01
1.17506800e+04 1.98127700e+00 1.13469649e+00 1.98248144e+00 9.49615095e-01
1.17516800e+04 1.98276910e+00 1.13548650e+00 1.98263897e+00 9.50275743e-01
1.17526800e+04 1.98419880e+00 1.13623960e+00 1.98279651e+00 9.50905499e-01
1.17536800e+04 1.98544820e+00 1.13688605e+00 1.98295405e+00 9.51446002e-01
1.17546800e+04 1.98640890e+00 1.13736173e+00 1.98311159e+00 9.51843589e-01
1.17556800e+04 1.98698640e+00 1.13761075e+00 1.98326912e+00 9.52051481e-01
1.17566800e+04 1.98710390e+00 1.13758767e+00 1.98342666e+00 9.52031660e-01
1.17576800e+04 1.98670380e+00 1.13725842e+00 1.98358420e+00 9.51755613e-01
1.17586800e+04 1.98574970e+00 1.13660148e+00 1.98374174e+00 9.51205322e-01
1.17596800e+04 1.98422590e+00 1.13560755e+00 1.98389927e+00 9.50373014e-01
1.17606800e+04 1.98213710e+00 1.13427942e+00 1.98405681e+00 9.49261018e-01
1.17616800e+04 1.97950690e+00 1.13263104e+00 1.98421435e+00 9.47881015e-01
1.17626800e+04 1.97637510e+00 1.13068596e+00 1.98437189e+00 9.46252709e-01
1.17636800e+04 1.97279570e+00 1.12847613e+00 1.98452943e+00 9.44402831e-01
1.17646800e+04 1.96883310e+00 1.12603962e+00 1.98468696e+00 9.42363261e-01
1.17656800e+04 1.96455940e+00 1.12341910e+00 1.98484450e+00 9.40169691e-01
1.17666800e+04 1.96005150e+00 1.12066004e+00 1.98500204e+00 9.37860189e-01
1.17676800e+04 1.95538870e+00 1.11780936e+00 1.98515958e+00 9.35474010e-01
1.17686800e+04 1.95065040e+00 1.11491402e+00 1.98531711e+00 9.33050459e-01
1.17696800e+04 1.94591440e+00 1.11202004e+00 1.98547465e+00 9.30628049e-01
1.17706800e+04 1.94125500e+00 1.10917137e+00 1.98563219e+00 9.28243560e-01
1.17716800e+04 1.93674170e+00 1.10640912e+00 1.98578973e+00 9.25931397e-01
1.17726800e+04 1.93243830e+00 1.10377103e+00 1.98594726e+00 9.23723142e-01
1.17736800e+04 1.92840190e+00 1.10129087e+00 1.98610480e+00 9.21647060e-01
1.17746800e+04 1.92468260e+00 1.09899828e+00 1.98626234e+00 9.19727953e-01
1.17756800e+04 1.92132350e+00 1.09691875e+00 1.98641988e+00 9.17987154e-01
1.17766800e+04 1.91836040e+00 1.09507346e+00 1.98657741e+00 9.16442386e-01
1.17776800e+04 1.91582170e+00 1.09347921e+00 1.98673495e+00 9.15107707e-01
1.17786800e+04 1.91372900e+00 1.09214877e+00 1.98689249e+00 9.13993809e-01
1.17796800e+04 1.91209590e+00 1.09109019e+00 1.98705003e+00 9.13107424e-01
1.17806800e+04 1.91092870e+00 1.09030720e+00 1.98720757e+00 9.12451671e-01
1.17816800e+04 1.91022510e+00 1.08979843e+00 1.98736510e+00 9.12025409e-01
1.17826800e+04 1.90997470e+00 1.08955773e+00 1.98752264e+00 9.11823492e-01
1.17836800e+04 1.91015880e+00 1.08957404e+00 1.98768018e+00 9.11836661e-01
1.17846800e+04 1.91075040e+00 1.08983140e+00 1.98783772e+00 9.12051551e-01
1.17856800e+04 1.91171470e+00 1.09030921e+00 1.98799525e+00 9.12450935e-01
1.17866800e+04 1.91300950e+00 1.09098251e+00 1.98815279e+00 9.13013922e-01
1.17876800e+04 1.91458640e+00 1.09182268e+00 1.98831033e+00 9.13716554e-01
1.17886800e+04 1.91639120e+00 1.09279766e+00 1.98846787e+00 9.14531999e-01
1.17896800e+04 1.91836650e+00 1.09387348e+00 1.98862540e+00 9.15431845e-01
1.17906800e+04 1.92045310e+00 1.09501515e+00 1.98878294e+00 9.16386785e-01
1.17916800e+04 1.92259240e+00 1.09618798e+00 1.98894048e+00 9.17367811e-01
1.17926800e+04 1.92472890e+00 1.09735916e+00 1.98909802e+00 9.18347451e-01
1.17936800e+04 1.92681210e+00 1.09849882e+00 1.98925556e+00 9.19300705e-01
1.17946800e+04 1.92879860e+00 1.09958127e+00 1.98941309e+00 9.20206090e-01
1.17956800e+04 1.93065380e+00 1.10058606e+00 1.98957063e+00 9.21046478e-01
1.17966800e+04 1.93235350e+00 1.10149886e+00 1.98972817e+00 9.21809890e-01
1.17976800e+04 1.93388470e+00 1.10231200e+00 1.98988571e+00 9.22489891e-01
1.17986800e+04 1.93524680e+00 1.10302512e+00 1.99004324e+00 9.23086183e-01
1.17996800e+04 1.93645190e+00 1.10364536e+00 1.99020078e+00 9.23604758e-01
1.18006800e+04 1.93752360e+00 1.10418670e+00 1.99035832e+00 9.24057297e-01
1.18016800e+04 1.93849590e+00 1.10466924e+00 1.99051586e+00 9.24460631e-01
1.18026800e+04 1.93941040e+00 1.10511760e+00 1.99067339e+00 9.24835353e-01
1.18036800e+04 1.94031270e+00 1.10555873e+00 1.99083093e+00 9.25204035e-01
1.18046800e+04 1.94124840e+00 1.10601963e+00 1.99098847e+00 9.25589250e-01
1.18056800e+04 1.94225880e+00 1.10652471e+00 1.99114601e+00 9.26011443e-01
1.18066800e+04 1.94337600e+00 1.10709296e+00 1.99130355e+00 9.26486502e-01
1.18076800e+04 1.94461960e+00 1.10773598e+00 1.99146108e+00 9.27024131e-01
1.18086800e+04 1.94599300e+00 1.10845578e+00 1.99161862e+00 9.27626012e-01
1.18096800e+04 1.94748150e+00 1.10924366e+00 1.99177616e+00 9.28284868e-01
1.18106800e+04 1.94905160e+00 1.11007980e+00 1.99193370e+00 9.28984117e-01
1.18116800e+04 1.95065240e+00 1.11093411e+00 1.99209123e+00 9.29698562e-01
1.18126800e+04 1.95222180e+00 1.11176985e+00 1.99224877e+00 9.30397463e-01
1.18136800e+04 1.95369620e+00 1.11254939e+00 1.99240631e+00 9.31049337e-01
