# # source: .\convoluted\55_03.txt
# # site: 03
# # columns: Energy(eV) Abs_raw Preedge_normalized PredictedPost_raw Final_normalized
# 
1.13640000e+04 6.92356910e-03 3.19579546e-03 1.91662855e+00 2.75919680e-03
1.13641600e+04 6.92907120e-03 3.18339301e-03 1.91665553e+00 2.74848888e-03
1.13641700e+04 6.92925060e-03 3.18252334e-03 1.91665722e+00 2.74773803e-03
1.13642400e+04 6.93196310e-03 3.17727272e-03 1.91666902e+00 2.74320480e-03
1.13642700e+04 6.93324970e-03 3.17509377e-03 1.91667408e+00 2.74132355e-03
1.13642800e+04 6.93350710e-03 3.17426892e-03 1.91667577e+00 2.74061140e-03
1.13642800e+04 6.93367880e-03 3.17436759e-03 1.91667577e+00 2.74069659e-03
1.13643500e+04 6.93655510e-03 3.16921109e-03 1.91668757e+00 2.73624462e-03
1.13643500e+04 6.93685560e-03 3.16938377e-03 1.91668757e+00 2.73639370e-03
1.13643700e+04 6.93750020e-03 3.16780866e-03 1.91669095e+00 2.73503380e-03
1.13643900e+04 6.93857500e-03 3.16648075e-03 1.91669432e+00 2.73388733e-03
1.13644000e+04 6.93870400e-03 3.16558212e-03 1.91669600e+00 2.73311148e-03
1.13644000e+04 6.93891910e-03 3.16570573e-03 1.91669600e+00 2.73321819e-03
1.13644100e+04 6.93939250e-03 3.16500500e-03 1.91669769e+00 2.73261320e-03
1.13649100e+04 6.96094520e-03 3.12875195e-03 1.91678201e+00 2.70131337e-03
1.13654100e+04 6.98261270e-03 3.09256486e-03 1.91686633e+00 2.67007048e-03
1.13659100e+04 7.00439600e-03 3.05644431e-03 1.91695065e+00 2.63888503e-03
1.13662900e+04 7.02107310e-03 3.02906268e-03 1.91701473e+00 2.61524450e-03
1.13667900e+04 7.04306260e-03 2.99306063e-03 1.91709905e+00 2.58416134e-03
1.13672900e+04 7.06517040e-03 2.95712655e-03 1.91718337e+00 2.55313685e-03
1.13677900e+04 7.08739740e-03 2.92126097e-03 1.91726769e+00 2.52217149e-03
1.13682900e+04 7.10974460e-03 2.88546446e-03 1.91735201e+00 2.49126576e-03
1.13687900e+04 7.13221290e-03 2.84973753e-03 1.91743633e+00 2.46042009e-03
1.13692900e+04 7.15480330e-03 2.81408077e-03 1.91752065e+00 2.42963500e-03
1.13697900e+04 7.17751670e-03 2.77849469e-03 1.91760497e+00 2.39891091e-03
1.13702900e+04 7.20035410e-03 2.74297986e-03 1.91768929e+00 2.36824834e-03
1.13707900e+04 7.22331650e-03 2.70753686e-03 1.91777361e+00 2.33764777e-03
1.13712900e+04 7.24640490e-03 2.67216626e-03 1.91785793e+00 2.30710970e-03
1.13717900e+04 7.26962030e-03 2.63686864e-03 1.91794225e+00 2.27663463e-03
1.13722900e+04 7.29296380e-03 2.60164464e-03 1.91802657e+00 2.24622310e-03
1.13727900e+04 7.31643630e-03 2.56649475e-03 1.91811089e+00 2.21587557e-03
1.13732900e+04 7.34003900e-03 2.53141969e-03 1.91819521e+00 2.18559262e-03
1.13737900e+04 7.36377280e-03 2.49641996e-03 1.91827953e+00 2.15537470e-03
1.13742900e+04 7.38763880e-03 2.46149619e-03 1.91836385e+00 2.12522236e-03
1.13747900e+04 7.41163810e-03 2.42664903e-03 1.91844817e+00 2.09513614e-03
1.13752900e+04 7.43577190e-03 2.39187915e-03 1.91853249e+00 2.06511664e-03
1.13757900e+04 7.46004110e-03 2.35718707e-03 1.91861681e+00 2.03516431e-03
1.13762900e+04 7.48444690e-03 2.32257349e-03 1.91870113e+00 2.00527974e-03
1.13767900e+04 7.50899050e-03 2.28803910e-03 1.91878545e+00 1.97546352e-03
1.13772900e+04 7.53367290e-03 2.25358446e-03 1.91886977e+00 1.94571616e-03
1.13777900e+04 7.55849530e-03 2.21921027e-03 1.91895409e+00 1.91603824e-03
1.13782900e+04 7.58345890e-03 2.18491722e-03 1.91903841e+00 1.88643037e-03
1.13787900e+04 7.60856490e-03 2.15070599e-03 1.91912272e+00 1.85689314e-03
1.13792900e+04 7.63381440e-03 2.11657723e-03 1.91920704e+00 1.82742709e-03
1.13797900e+04 7.65920870e-03 2.08253167e-03 1.91929136e+00 1.79803287e-03
1.13802900e+04 7.68474890e-03 2.04856995e-03 1.91937568e+00 1.76871102e-03
1.13807900e+04 7.71043630e-03 2.01469281e-03 1.91946000e+00 1.73946220e-03
1.13812900e+04 7.73627210e-03 1.98090095e-03 1.91954432e+00 1.71028699e-03
1.13817900e+04 7.76225750e-03 1.94719506e-03 1.91962864e+00 1.68118599e-03
1.13822900e+04 7.78839400e-03 1.91357599e-03 1.91971296e+00 1.65215995e-03
1.13827900e+04 7.81468260e-03 1.88004432e-03 1.91979728e+00 1.62320936e-03
1.13832900e+04 7.84112480e-03 1.84660091e-03 1.91988160e+00 1.59433496e-03
1.13837900e+04 7.86772190e-03 1.81324652e-03 1.91996592e+00 1.56553741e-03
1.13842900e+04 7.89447510e-03 1.77998182e-03 1.92005024e+00 1.53681729e-03
1.13847900e+04 7.92138580e-03 1.74680763e-03 1.92013456e+00 1.50817530e-03
1.13852900e+04 7.94845530e-03 1.71372469e-03 1.92021888e+00 1.47961208e-03
1.13857900e+04 7.97568520e-03 1.68073392e-03 1.92030320e+00 1.45112844e-03
1.13862900e+04 8.00307660e-03 1.64783595e-03 1.92038752e+00 1.42272491e-03
1.13867900e+04 8.03063110e-03 1.61503171e-03 1.92047184e+00 1.39440229e-03
1.13872900e+04 8.05835010e-03 1.58232199e-03 1.92055616e+00 1.36616128e-03
1.13877900e+04 8.08623490e-03 1.54970754e-03 1.92064048e+00 1.33800251e-03
1.13882900e+04 8.11428710e-03 1.51718929e-03 1.92072480e+00 1.30992679e-03
1.13887900e+04 8.14250810e-03 1.48476803e-03 1.92080912e+00 1.28193480e-03
1.13892900e+04 8.17089950e-03 1.45244470e-03 1.92089344e+00 1.25402734e-03
1.13897900e+04 8.19946260e-03 1.42022002e-03 1.92097776e+00 1.22620506e-03
1.13902900e+04 8.22819910e-03 1.38809499e-03 1.92106208e+00 1.19846880e-03
1.13907900e+04 8.25711050e-03 1.35607046e-03 1.92114640e+00 1.17081931e-03
1.13912900e+04 8.28619840e-03 1.32414735e-03 1.92123072e+00 1.14325737e-03
1.13917900e+04 8.31546420e-03 1.29232647e-03 1.92131504e+00 1.11578368e-03
1.13922900e+04 8.34490970e-03 1.26060884e-03 1.92139936e+00 1.08839914e-03
1.13927900e+04 8.37453640e-03 1.22899534e-03 1.92148368e+00 1.06110449e-03
1.13932900e+04 8.40434600e-03 1.19748695e-03 1.92156800e+00 1.03390057e-03
1.13937900e+04 8.43434020e-03 1.16608462e-03 1.92165232e+00 1.00678823e-03
1.13942900e+04 8.46452050e-03 1.13478924e-03 1.92173664e+00 9.79768203e-04
1.13947900e+04 8.49488880e-03 1.10360188e-03 1.92182095e+00 9.52841445e-04
1.13952900e+04 8.52544660e-03 1.07252342e-03 1.92190527e+00 9.26008694e-04
1.13957900e+04 8.55619580e-03 1.04155495e-03 1.92198959e+00 8.99270894e-04
1.13962900e+04 8.58713820e-03 1.01069749e-03 1.92207391e+00 8.72628937e-04
1.13967900e+04 8.61827540e-03 9.79951964e-04 1.92215823e+00 8.46083617e-04
1.13972900e+04 8.64960930e-03 9.49319472e-04 1.92224255e+00 8.19635878e-04
1.13977900e+04 8.68114180e-03 9.18801102e-04 1.92232687e+00 7.93286661e-04
1.13982900e+04 8.71287460e-03 8.88397829e-04 1.92241119e+00 7.67036810e-04
1.13987900e+04 8.74480970e-03 8.58110804e-04 1.92249551e+00 7.40887317e-04
1.13992900e+04 8.77694880e-03 8.27941003e-04 1.92257983e+00 7.14839027e-04
1.13997900e+04 8.80929410e-03 7.97889691e-04 1.92266415e+00 6.88893030e-04
1.14002900e+04 8.84184730e-03 7.67957844e-04 1.92274847e+00 6.63050170e-04
1.14007900e+04 8.87461040e-03 7.38146612e-04 1.92283279e+00 6.37311440e-04
1.14012900e+04 8.90758550e-03 7.08457202e-04 1.92291711e+00 6.11677880e-04
1.14017900e+04 8.94077460e-03 6.78890761e-04 1.92300143e+00 5.86150484e-04
1.14022900e+04 8.97417960e-03 6.49448384e-04 1.92308575e+00 5.60730194e-04
1.14027900e+04 9.00780270e-03 6.20131333e-04 1.92317007e+00 5.35418103e-04
1.14032900e+04 9.04164600e-03 5.90940815e-04 1.92325439e+00 5.10215250e-04
1.14037900e+04 9.07571150e-03 5.61877980e-04 1.92333871e+00 4.85122630e-04
1.14042900e+04 9.11000140e-03 5.32944091e-04 1.92342303e+00 4.60141333e-04
1.14047900e+04 9.14451800e-03 5.04140471e-04 1.92350735e+00 4.35272502e-04
1.14052900e+04 9.17926330e-03 4.75468269e-04 1.92359167e+00 4.10517127e-04
1.14057900e+04 9.21423960e-03 4.46928806e-04 1.92367599e+00 3.85876350e-04
1.14062900e+04 9.24944920e-03 4.18523404e-04 1.92376031e+00 3.61351313e-04
1.14067900e+04 9.28489430e-03 3.90253327e-04 1.92384463e+00 3.36943106e-04
1.14072900e+04 9.32057730e-03 3.62119955e-04 1.92392895e+00 3.12652922e-04
1.14077900e+04 9.35650060e-03 3.34124666e-04 1.92401327e+00 2.88481950e-04
1.14082900e+04 9.39266640e-03 3.06268724e-04 1.92409759e+00 2.64431281e-04
1.14087900e+04 9.42907730e-03 2.78553624e-04 1.92418191e+00 2.40502207e-04
1.14092900e+04 9.46573560e-03 2.50980687e-04 1.92426623e+00 2.16695868e-04
1.14097900e+04 9.50264390e-03 2.23551408e-04 1.92435055e+00 1.93013555e-04
1.14102900e+04 9.53980460e-03 1.96267165e-04 1.92443486e+00 1.69456457e-04
1.14107900e+04 9.57722030e-03 1.69129452e-04 1.92451918e+00 1.46025865e-04
1.14112900e+04 9.61489350e-03 1.42139707e-04 1.92460350e+00 1.22723020e-04
1.14117900e+04 9.65282690e-03 1.15299479e-04 1.92468782e+00 9.95492605e-05
1.14122900e+04 9.69102310e-03 8.86102648e-05 1.92477214e+00 7.65058773e-05
1.14127900e+04 9.72948480e-03 6.20736142e-05 1.92485646e+00 5.35942096e-05
1.14132900e+04 9.76821460e-03 3.56910217e-05 1.92494078e+00 3.08155477e-05
1.14137900e+04 9.80721550e-03 9.46421109e-06 1.92502510e+00 8.17137991e-06
1.14142900e+04 9.84649010e-03 -1.66053235e-05 1.92510942e+00 -1.43370037e-05
1.14147900e+04 9.88604130e-03 -4.25159157e-05 1.92519374e+00 -3.67081644e-05
1.14152900e+04 9.92587190e-03 -6.82659564e-05 1.92527806e+00 -5.89407127e-05
1.14157900e+04 9.96598480e-03 -9.38537794e-05 1.92536238e+00 -8.10332100e-05
1.14162900e+04 1.00063830e-02 -1.19277661e-04 1.92544670e+00 -1.02984168e-04
1.14167900e+04 1.00470700e-02 -1.44535589e-04 1.92553102e+00 -1.24791849e-04
1.14172900e+04 1.00880480e-02 -1.69626300e-04 1.92561534e+00 -1.46455163e-04
1.14177900e+04 1.01293200e-02 -1.94548071e-04 1.92569966e+00 -1.67972621e-04
1.14182900e+04 1.01708900e-02 -2.19298602e-04 1.92578398e+00 -1.89342238e-04
1.14187900e+04 1.02127600e-02 -2.43876744e-04 1.92586830e+00 -2.10563021e-04
1.14192900e+04 1.02549350e-02 -2.68279624e-04 1.92595262e+00 -2.31632491e-04
1.14197900e+04 1.02974160e-02 -2.92506668e-04 1.92603694e+00 -2.52550151e-04
1.14202900e+04 1.03402080e-02 -3.16555002e-04 1.92612126e+00 -2.73313520e-04
1.14207900e+04 1.03833140e-02 -3.40422903e-04 1.92620558e+00 -2.93921110e-04
1.14212900e+04 1.04267360e-02 -3.64109220e-04 1.92628990e+00 -3.14371928e-04
1.14217900e+04 1.04704800e-02 -3.87610507e-04 1.92637422e+00 -3.34662997e-04
1.14222900e+04 1.05145470e-02 -4.10926189e-04 1.92645854e+00 -3.54793822e-04
1.14227900e+04 1.05589430e-02 -4.34052818e-04 1.92654286e+00 -3.74761425e-04
1.14232900e+04 1.06036690e-02 -4.56989820e-04 1.92662718e+00 -3.94565310e-04
1.14237900e+04 1.06487300e-02 -4.79734320e-04 1.92671150e+00 -4.14202996e-04
1.14242900e+04 1.06941300e-02 -5.02284022e-04 1.92679582e+00 -4.33672500e-04
1.14247900e+04 1.07398730e-02 -5.24636625e-04 1.92688014e+00 -4.52971835e-04
1.14252900e+04 1.07859610e-02 -5.46790982e-04 1.92696446e+00 -4.72100010e-04
1.14257900e+04 1.08323990e-02 -5.68744218e-04 1.92704877e+00 -4.91054544e-04
1.14262900e+04 1.08791920e-02 -5.90493461e-04 1.92713309e+00 -5.09832956e-04
1.14267900e+04 1.09263420e-02 -6.12037561e-04 1.92721741e+00 -5.28434254e-04
1.14272900e+04 1.09738540e-02 -6.33373646e-04 1.92730173e+00 -5.46855958e-04
1.14277900e+04 1.10217320e-02 -6.54499416e-04 1.92738605e+00 -5.65096081e-04
1.14282900e+04 1.10699810e-02 -6.75411999e-04 1.92747037e+00 -5.83152145e-04
1.14287900e+04 1.11186030e-02 -6.96110246e-04 1.92755469e+00 -6.01023156e-04
1.14292900e+04 1.11676050e-02 -7.16590133e-04 1.92763901e+00 -6.18705641e-04
1.14297900e+04 1.12169900e-02 -7.36849937e-04 1.92772333e+00 -6.36198111e-04
1.14302900e+04 1.12667620e-02 -7.56887360e-04 1.92780765e+00 -6.53498583e-04
1.14307900e+04 1.13169260e-02 -7.76699528e-04 1.92789197e+00 -6.70604575e-04
1.14312900e+04 1.13674870e-02 -7.96283569e-04 1.92797629e+00 -6.87513607e-04
1.14317900e+04 1.14184490e-02 -8.15637183e-04 1.92806061e+00 -7.04223694e-04
1.14322900e+04 1.14698170e-02 -8.34757497e-04 1.92814493e+00 -7.20732355e-04
1.14327900e+04 1.15215950e-02 -8.53642214e-04 1.92822925e+00 -7.37037605e-04
1.14332900e+04 1.15737900e-02 -8.72287311e-04 1.92831357e+00 -7.53135972e-04
1.14337900e+04 1.16264040e-02 -8.90691638e-04 1.92839789e+00 -7.69026463e-04
1.14342900e+04 1.16794440e-02 -9.08851172e-04 1.92848221e+00 -7.84705605e-04
1.14347900e+04 1.17329150e-02 -9.26763042e-04 1.92856653e+00 -8.00170917e-04
1.14352900e+04 1.17868210e-02 -9.44424948e-04 1.92865085e+00 -8.15420414e-04
1.14357900e+04 1.18411680e-02 -9.61833443e-04 1.92873517e+00 -8.30451121e-04
1.14362900e+04 1.18959620e-02 -9.78985078e-04 1.92881949e+00 -8.45260059e-04
1.14367900e+04 1.19512070e-02 -9.95877556e-04 1.92890381e+00 -8.59845243e-04
1.14372900e+04 1.20069100e-02 -1.01250685e-03 1.92898813e+00 -8.74203202e-04
1.14377900e+04 1.20630760e-02 -1.02887010e-03 1.92907245e+00 -8.88331454e-04
1.14382900e+04 1.21197100e-02 -1.04496442e-03 1.92915677e+00 -9.02227518e-04
1.14387900e+04 1.21768180e-02 -1.06078636e-03 1.92924109e+00 -9.15888418e-04
1.14392900e+04 1.22344060e-02 -1.07633248e-03 1.92932541e+00 -9.29311176e-04
1.14397900e+04 1.22924810e-02 -1.09159876e-03 1.92940973e+00 -9.42492320e-04
1.14402900e+04 1.23510480e-02 -1.10658232e-03 1.92949405e+00 -9.55429368e-04
1.14407900e+04 1.24101130e-02 -1.12127971e-03 1.92957837e+00 -9.68119343e-04
1.14412900e+04 1.24696830e-02 -1.13568692e-03 1.92966268e+00 -9.80558773e-04
1.14417900e+04 1.25297640e-02 -1.14980049e-03 1.92974700e+00 -9.92744681e-04
1.14422900e+04 1.25903630e-02 -1.16361640e-03 1.92983132e+00 -1.00467359e-03
1.14427900e+04 1.26514860e-02 -1.17713121e-03 1.92991564e+00 -1.01634253e-03
1.14432900e+04 1.27131400e-02 -1.19034089e-03 1.92999996e+00 -1.02774803e-03
1.14437900e+04 1.27753310e-02 -1.20324199e-03 1.93008428e+00 -1.03888710e-03
1.14442900e+04 1.28380670e-02 -1.21582992e-03 1.93016860e+00 -1.04975578e-03
1.14447900e+04 1.29013550e-02 -1.22810066e-03 1.93025292e+00 -1.06035059e-03
1.14452900e+04 1.29652020e-02 -1.24005018e-03 1.93033724e+00 -1.07066807e-03
1.14457900e+04 1.30296150e-02 -1.25167446e-03 1.93042156e+00 -1.08070473e-03
1.14462900e+04 1.30946010e-02 -1.26296947e-03 1.93050588e+00 -1.09045712e-03
1.14467900e+04 1.31601690e-02 -1.27393005e-03 1.93059020e+00 -1.09992075e-03
1.14472900e+04 1.32263260e-02 -1.28455218e-03 1.93067452e+00 -1.10909216e-03
1.14477900e+04 1.32930800e-02 -1.29483125e-03 1.93075884e+00 -1.11796737e-03
1.14482900e+04 1.33604380e-02 -1.30476324e-03 1.93084316e+00 -1.12654292e-03
1.14487900e+04 1.34284100e-02 -1.31434242e-03 1.93092748e+00 -1.13481385e-03
1.14492900e+04 1.34970020e-02 -1.32356532e-03 1.93101180e+00 -1.14277717e-03
1.14497900e+04 1.35662240e-02 -1.33242620e-03 1.93109612e+00 -1.15042793e-03
1.14502900e+04 1.36360840e-02 -1.34092048e-03 1.93118044e+00 -1.15776215e-03
1.14507900e+04 1.37065910e-02 -1.34904297e-03 1.93126476e+00 -1.16477537e-03
1.14512900e+04 1.37777540e-02 -1.35678850e-03 1.93134908e+00 -1.17146312e-03
1.14517900e+04 1.38495820e-02 -1.36415190e-03 1.93143340e+00 -1.17782095e-03
1.14522900e+04 1.39220840e-02 -1.37112800e-03 1.93151772e+00 -1.18384438e-03
1.14527900e+04 1.39952690e-02 -1.37771163e-03 1.93160204e+00 -1.18952894e-03
1.14532900e+04 1.40691470e-02 -1.38389705e-03 1.93168636e+00 -1.19486969e-03
1.14537900e+04 1.41437280e-02 -1.38967850e-03 1.93177068e+00 -1.19986165e-03
1.14542900e+04 1.42190210e-02 -1.39505081e-03 1.93185500e+00 -1.20450036e-03
1.14547900e+04 1.42950370e-02 -1.40000766e-03 1.93193932e+00 -1.20878036e-03
1.14552900e+04 1.43717860e-02 -1.40454332e-03 1.93202364e+00 -1.21269669e-03
1.14557900e+04 1.44492790e-02 -1.40865145e-03 1.93210796e+00 -1.21624389e-03
1.14562900e+04 1.45275260e-02 -1.41232630e-03 1.93219228e+00 -1.21941701e-03
1.14567900e+04 1.46065380e-02 -1.41556157e-03 1.93227659e+00 -1.22221058e-03
1.14572900e+04 1.46863260e-02 -1.41835093e-03 1.93236091e+00 -1.22461914e-03
1.14577900e+04 1.47669020e-02 -1.42068747e-03 1.93244523e+00 -1.22663675e-03
1.14582900e+04 1.48482770e-02 -1.42256489e-03 1.93252955e+00 -1.22825794e-03
1.14587900e+04 1.49304630e-02 -1.42397629e-03 1.93261387e+00 -1.22947676e-03
1.14592900e+04 1.50134720e-02 -1.42491476e-03 1.93269819e+00 -1.23028725e-03
1.14597900e+04 1.50973160e-02 -1.42537342e-03 1.93278251e+00 -1.23068347e-03
1.14602900e+04 1.51820070e-02 -1.42534537e-03 1.93286683e+00 -1.23065946e-03
1.14607900e+04 1.52675590e-02 -1.42482256e-03 1.93295115e+00 -1.23020827e-03
1.14612900e+04 1.53539840e-02 -1.42379810e-03 1.93303547e+00 -1.22932395e-03
1.14617900e+04 1.54412960e-02 -1.42226395e-03 1.93311979e+00 -1.22799955e-03
1.14622900e+04 1.55295080e-02 -1.42021263e-03 1.93320411e+00 -1.22622862e-03
1.14627900e+04 1.56186340e-02 -1.41763610e-03 1.93328843e+00 -1.22400422e-03
1.14632900e+04 1.57086880e-02 -1.41452631e-03 1.93337275e+00 -1.22131939e-03
1.14637900e+04 1.57996840e-02 -1.41087522e-03 1.93345707e+00 -1.21816721e-03
1.14642900e+04 1.58916370e-02 -1.40667421e-03 1.93354139e+00 -1.21454021e-03
1.14647900e+04 1.59845620e-02 -1.40191466e-03 1.93362571e+00 -1.21043096e-03
1.14652900e+04 1.60784750e-02 -1.39658738e-03 1.93371003e+00 -1.20583152e-03
1.14657900e+04 1.61733900e-02 -1.39068432e-03 1.93379435e+00 -1.20073494e-03
1.14662900e+04 1.62693240e-02 -1.38419572e-03 1.93387867e+00 -1.19513280e-03
1.14667900e+04 1.63662940e-02 -1.37711179e-03 1.93396299e+00 -1.18901664e-03
1.14672900e+04 1.64643150e-02 -1.36942394e-03 1.93404731e+00 -1.18237904e-03
1.14677900e+04 1.65634050e-02 -1.36112180e-03 1.93413163e+00 -1.17521107e-03
1.14682900e+04 1.66635810e-02 -1.35219562e-03 1.93421595e+00 -1.16750427e-03
1.14687900e+04 1.67648600e-02 -1.34263562e-03 1.93430027e+00 -1.15925024e-03
1.14692900e+04 1.68672620e-02 -1.33243031e-03 1.93438459e+00 -1.15043902e-03
1.14697900e+04 1.69708030e-02 -1.32157050e-03 1.93446891e+00 -1.14106270e-03
1.14702900e+04 1.70755050e-02 -1.31004354e-03 1.93455323e+00 -1.13111036e-03
1.14707900e+04 1.71813840e-02 -1.29784025e-03 1.93463755e+00 -1.12057405e-03
1.14712900e+04 1.72884630e-02 -1.28494740e-03 1.93472187e+00 -1.10944236e-03
1.14717900e+04 1.73967590e-02 -1.27135523e-03 1.93480619e+00 -1.09770687e-03
1.14722900e+04 1.75062950e-02 -1.25705052e-03 1.93489050e+00 -1.08535615e-03
1.14727900e+04 1.76170920e-02 -1.24202120e-03 1.93497482e+00 -1.07237979e-03
1.14732900e+04 1.77291700e-02 -1.22625578e-03 1.93505914e+00 -1.05876787e-03
1.14737900e+04 1.78425520e-02 -1.20974104e-03 1.93514346e+00 -1.04450897e-03
1.14742900e+04 1.79572610e-02 -1.19246377e-03 1.93522778e+00 -1.02959169e-03
1.14747900e+04 1.80733200e-02 -1.17441076e-03 1.93531210e+00 -1.01400460e-03
1.14752900e+04 1.81907530e-02 -1.15556820e-03 1.93539642e+00 -9.97735812e-04
1.14757900e+04 1.83095830e-02 -1.13592288e-03 1.93548074e+00 -9.80773902e-04
1.14762900e+04 1.84298360e-02 -1.11545987e-03 1.93556506e+00 -9.63105973e-04
1.14767900e+04 1.85515370e-02 -1.09416479e-03 1.93564938e+00 -9.44719622e-04
1.14772900e+04 1.86747120e-02 -1.07202272e-03 1.93573370e+00 -9.25601948e-04
1.14777900e+04 1.87993870e-02 -1.04901869e-03 1.93581802e+00 -9.05740051e-04
1.14782900e+04 1.89255900e-02 -1.02513664e-03 1.93590234e+00 -8.85120039e-04
1.14787900e+04 1.90533490e-02 -1.00036046e-03 1.93598666e+00 -8.63728019e-04
1.14792900e+04 1.91826930e-02 -9.74673492e-04 1.93607098e+00 -8.41549603e-04
1.14797900e+04 1.93136500e-02 -9.48059650e-04 1.93615530e+00 -8.18570899e-04
1.14802900e+04 1.94462510e-02 -9.20501117e-04 1.93623962e+00 -7.94776524e-04
1.14807900e+04 1.95805260e-02 -8.91980655e-04 1.93632394e+00 -7.70151596e-04
1.14812900e+04 1.97165080e-02 -8.62479301e-04 1.93640826e+00 -7.44679740e-04
1.14817900e+04 1.98542280e-02 -8.31979241e-04 1.93649258e+00 -7.18345575e-04
1.14822900e+04 1.99937190e-02 -8.00461514e-04 1.93657690e+00 -6.91132728e-04
1.14827900e+04 2.01350170e-02 -7.67905431e-04 1.93666122e+00 -6.63023339e-04
1.14832900e+04 2.02781550e-02 -7.34292031e-04 1.93674554e+00 -6.34001032e-04
1.14837900e+04 2.04231690e-02 -6.99600627e-04 1.93682986e+00 -6.04047947e-04
1.14842900e+04 2.05700970e-02 -6.63809383e-04 1.93691418e+00 -5.73145230e-04
1.14847900e+04 2.07189750e-02 -6.26897612e-04 1.93699850e+00 -5.41275019e-04
1.14852900e+04 2.08698430e-02 -5.88842328e-04 1.93708282e+00 -5.08417468e-04
1.14857900e+04 2.10227400e-02 -5.49621123e-04 1.93716714e+00 -4.74553226e-04
1.14862900e+04 2.11777080e-02 -5.09209860e-04 1.93725146e+00 -4.39661455e-04
1.14867900e+04 2.13347870e-02 -4.67585556e-04 1.93733578e+00 -4.03722309e-04
1.14872900e+04 2.14940210e-02 -4.24722925e-04 1.93742010e+00 -3.66713956e-04
1.14877900e+04 2.16554540e-02 -3.80596685e-04 1.93750441e+00 -3.28614566e-04
1.14882900e+04 2.18191320e-02 -3.35180403e-04 1.93758873e+00 -2.89401315e-04
1.14887900e+04 2.19851010e-02 -2.88447646e-04 1.93767305e+00 -2.49051380e-04
1.14892900e+04 2.21534090e-02 -2.40370830e-04 1.93775737e+00 -2.07540946e-04
1.14897900e+04 2.23241050e-02 -1.90921801e-04 1.93784169e+00 -1.64845700e-04
1.14902900e+04 2.24972410e-02 -1.40070677e-04 1.93792601e+00 -1.20939843e-04
1.14907900e+04 2.26728680e-02 -8.77881509e-05 1.93801033e+00 -7.57980701e-05
1.14912900e+04 2.28510390e-02 -3.40437688e-05 1.93809465e+00 -2.93940854e-05
1.14917900e+04 2.30318110e-02 2.11952237e-05 1.93817897e+00 1.83003922e-05
1.14922900e+04 2.32152390e-02 7.79604311e-05 1.93826329e+00 6.73126515e-05
1.14927900e+04 2.34013830e-02 1.36286331e-04 1.93834761e+00 1.17672462e-04
1.14932900e+04 2.35903020e-02 1.96206827e-04 1.93843193e+00 1.69409097e-04
1.14937900e+04 2.37820580e-02 2.57757546e-04 1.93851625e+00 2.22553318e-04
1.14942900e+04 2.39767150e-02 3.20975264e-04 1.93860057e+00 2.77136880e-04
1.14947900e+04 2.41743390e-02 3.85897906e-04 1.93868489e+00 3.33192528e-04
1.14952900e+04 2.43749970e-02 4.52563974e-04 1.93876921e+00 3.90753506e-04
1.14957900e+04 2.45787600e-02 5.21014264e-04 1.93885353e+00 4.49855041e-04
1.14962900e+04 2.47856980e-02 5.91289002e-04 1.93893785e+00 5.10531864e-04
1.14967900e+04 2.49958870e-02 6.63431860e-04 1.93902217e+00 5.72821682e-04
1.14972900e+04 2.52094030e-02 7.37486508e-04 1.93910649e+00 6.36762204e-04
1.14977900e+04 2.54263230e-02 8.13497194e-04 1.93919081e+00 7.02391634e-04
1.14982900e+04 2.56467310e-02 8.91512187e-04 1.93927513e+00 7.69751649e-04
1.14987900e+04 2.58707100e-02 9.71579180e-04 1.93935945e+00 8.38883431e-04
1.14992900e+04 2.60983460e-02 1.05374759e-03 1.93944377e+00 9.09829648e-04
1.14997900e+04 2.63297290e-02 1.13806914e-03 1.93952809e+00 9.82634956e-04
1.15002900e+04 2.65649510e-02 1.22459669e-03 1.93961241e+00 1.05734500e-03
1.15007900e+04 2.68041090e-02 1.31338598e-03 1.93969673e+00 1.13400791e-03
1.15012900e+04 2.70473000e-02 1.40449274e-03 1.93978105e+00 1.21267181e-03
1.15017900e+04 2.72946260e-02 1.49797560e-03 1.93986537e+00 1.29338731e-03
1.15022900e+04 2.75461940e-02 1.59389604e-03 1.93994969e+00 1.37620750e-03
1.15027900e+04 2.78021110e-02 1.69231554e-03 1.94003401e+00 1.46118547e-03
1.15032900e+04 2.80624910e-02 1.79329960e-03 1.94011833e+00 1.54837777e-03
1.15037900e+04 2.83274510e-02 1.89691547e-03 1.94020264e+00 1.63784247e-03
1.15042900e+04 2.85971110e-02 2.00323210e-03 1.94028696e+00 1.72963909e-03
1.15047900e+04 2.88715960e-02 2.11232131e-03 1.94037128e+00 1.82382966e-03
1.15052900e+04 2.91510360e-02 2.22425781e-03 1.94045560e+00 1.92047869e-03
1.15057900e+04 2.94355650e-02 2.33911860e-03 1.94053992e+00 2.01965264e-03
1.15062900e+04 2.97253220e-02 2.45698354e-03 1.94062424e+00 2.12142050e-03
1.15067900e+04 3.00204510e-02 2.57793540e-03 1.94070856e+00 2.22585371e-03
1.15072900e+04 3.03211020e-02 2.70206036e-03 1.94079288e+00 2.33302668e-03
1.15077900e+04 3.06274300e-02 2.82944748e-03 1.94087720e+00 2.44301633e-03
1.15082900e+04 3.09395950e-02 2.96018872e-03 1.94096152e+00 2.55590205e-03
1.15087900e+04 3.12577650e-02 3.09438061e-03 1.94104584e+00 2.67176718e-03
1.15092900e+04 3.15821120e-02 3.23212197e-03 1.94113016e+00 2.79069706e-03
1.15097900e+04 3.19128180e-02 3.37351741e-03 1.94121448e+00 2.91278200e-03
1.15102900e+04 3.22500680e-02 3.51867322e-03 1.94129880e+00 3.03811378e-03
1.15107900e+04 3.25940590e-02 3.66770260e-03 1.94138312e+00 3.16679015e-03
1.15112900e+04 3.29449910e-02 3.82072049e-03 1.94146744e+00 3.29891034e-03
1.15117900e+04 3.33030750e-02 3.97784812e-03 1.94155176e+00 3.43457904e-03
1.15122900e+04 3.36685310e-02 4.13921192e-03 1.94163608e+00 3.57390540e-03
1.15127900e+04 3.40415860e-02 4.30494232e-03 1.94172040e+00 3.71700206e-03
1.15132900e+04 3.44224770e-02 4.47517552e-03 1.94180472e+00 3.86398659e-03
1.15137900e+04 3.48114530e-02 4.65005459e-03 1.94188904e+00 4.01498255e-03
1.15142900e+04 3.52087690e-02 4.82972607e-03 1.94197336e+00 4.17011646e-03
1.15147900e+04 3.56146970e-02 5.01434626e-03 1.94205768e+00 4.32952326e-03
1.15152900e+04 3.60295150e-02 5.20407490e-03 1.94214200e+00 4.49334090e-03
1.15157900e+04 3.64535160e-02 5.39908036e-03 1.94222632e+00 4.66171475e-03
1.15162900e+04 3.68870060e-02 5.59953848e-03 1.94231064e+00 4.83479662e-03
1.15167900e+04 3.73303050e-02 5.80563313e-03 1.94239496e+00 5.01274530e-03
1.15172900e+04 3.77837460e-02 6.01755567e-03 1.94247928e+00 5.19572599e-03
1.15177900e+04 3.82476770e-02 6.23550607e-03 1.94256360e+00 5.38391138e-03
1.15182900e+04 3.87224630e-02 6.45969407e-03 1.94264792e+00 5.57748254e-03
1.15187900e+04 3.92084870e-02 6.69033975e-03 1.94273224e+00 5.77662952e-03
1.15192900e+04 3.97061480e-02 6.92767240e-03 1.94281655e+00 5.98155027e-03
1.15197900e+04 4.02158660e-02 7.17193334e-03 1.94290087e+00 6.19245320e-03
1.15202900e+04 4.07380790e-02 7.42337428e-03 1.94298519e+00 6.40955560e-03
1.15207900e+04 4.12732480e-02 7.68226011e-03 1.94306951e+00 6.63308621e-03
1.15212900e+04 4.18218570e-02 7.94886895e-03 1.94315383e+00 6.86328518e-03
1.15217900e+04 4.23844140e-02 8.22349272e-03 1.94323815e+00 7.10040455e-03
1.15222900e+04 4.29614510e-02 8.50643713e-03 1.94332247e+00 7.34470827e-03
1.15227900e+04 4.35535290e-02 8.79802453e-03 1.94340679e+00 7.59647470e-03
1.15232900e+04 4.41612390e-02 9.09859453e-03 1.94349111e+00 7.85599705e-03
1.15237900e+04 4.47852010e-02 9.40850340e-03 1.94357543e+00 8.12358296e-03
1.15242900e+04 4.54260690e-02 9.72812696e-03 1.94365975e+00 8.39955690e-03
1.15247900e+04 4.60845320e-02 1.00578611e-02 1.94374407e+00 8.68426073e-03
1.15252900e+04 4.67613170e-02 1.03981236e-02 1.94382839e+00 8.97805515e-03
1.15257900e+04 4.74571910e-02 1.07493552e-02 1.94391271e+00 9.28132073e-03
1.15262900e+04 4.81729650e-02 1.11120219e-02 1.94399703e+00 9.59445984e-03
1.15267900e+04 4.89094940e-02 1.14866151e-02 1.94408135e+00 9.91789670e-03
1.15272900e+04 4.96676850e-02 1.18736559e-02 1.94416567e+00 1.02520813e-02
1.15277900e+04 5.04484960e-02 1.22736947e-02 1.94424999e+00 1.05974890e-02
1.15282900e+04 5.12529420e-02 1.26873150e-02 1.94433431e+00 1.09546234e-02
1.15287900e+04 5.20821010e-02 1.31151360e-02 1.94441863e+00 1.13240194e-02
1.15292900e+04 5.29371150e-02 1.35578141e-02 1.94450295e+00 1.17062435e-02
1.15297900e+04 5.38191960e-02 1.40160457e-02 1.94458727e+00 1.21018971e-02
1.15302900e+04 5.47296360e-02 1.44905732e-02 1.94467159e+00 1.25116212e-02
1.15307900e+04 5.56698060e-02 1.49821844e-02 1.94475591e+00 1.29360961e-02
1.15312900e+04 5.66411660e-02 1.54917182e-02 1.94484023e+00 1.33760462e-02
1.15317900e+04 5.76452750e-02 1.60200706e-02 1.94492455e+00 1.38322449e-02
1.15322900e+04 5.86837930e-02 1.65681955e-02 1.94500887e+00 1.43055160e-02
1.15327900e+04 5.97584960e-02 1.71371133e-02 1.94509319e+00 1.47967405e-02
1.15332900e+04 6.08712800e-02 1.77279135e-02 1.94517751e+00 1.53068592e-02
1.15337900e+04 6.20241760e-02 1.83417632e-02 1.94526183e+00 1.58368798e-02
1.15342900e+04 6.32193600e-02 1.89799129e-02 1.94534615e+00 1.63878819e-02
1.15347900e+04 6.44591650e-02 1.96437031e-02 1.94543046e+00 1.69610230e-02
1.15352900e+04 6.57460990e-02 2.03345750e-02 1.94551478e+00 1.75575476e-02
1.15357900e+04 6.70828550e-02 2.10540761e-02 1.94559910e+00 1.81787918e-02
1.15362900e+04 6.84723370e-02 2.18038750e-02 1.94568342e+00 1.88261964e-02
1.15367900e+04 6.99176720e-02 2.25857688e-02 1.94576774e+00 1.95013130e-02
1.15372900e+04 7.14222380e-02 2.34016983e-02 1.94585206e+00 2.02058174e-02
1.15377900e+04 7.29896840e-02 2.42537606e-02 1.94593638e+00 2.09415203e-02
1.15382900e+04 7.46239620e-02 2.51442265e-02 1.94602070e+00 2.17103824e-02
1.15387900e+04 7.63293580e-02 2.60755588e-02 1.94610502e+00 2.25145303e-02
1.15392900e+04 7.81105240e-02 2.70504308e-02 1.94618934e+00 2.33562721e-02
1.15397900e+04 7.99725210e-02 2.80717506e-02 1.94627366e+00 2.42381189e-02
1.15402900e+04 8.19208620e-02 2.91426863e-02 1.94635798e+00 2.51628059e-02
1.15407900e+04 8.39615630e-02 3.02666946e-02 1.94644230e+00 2.61333181e-02
1.15412900e+04 8.61012030e-02 3.14475562e-02 1.94652662e+00 2.71529197e-02
1.15417900e+04 8.83469870e-02 3.26894113e-02 1.94661094e+00 2.82251855e-02
1.15422900e+04 9.07068240e-02 3.39968045e-02 1.94669526e+00 2.93540397e-02
1.15427900e+04 9.31894100e-02 3.53747328e-02 1.94677958e+00 3.05437967e-02
1.15432900e+04 9.58043310e-02 3.68287047e-02 1.94686390e+00 3.17992129e-02
1.15437900e+04 9.85621720e-02 3.83648026e-02 1.94694822e+00 3.31255400e-02
1.15442900e+04 1.01474650e-01 3.99897594e-02 1.94703254e+00 3.45285915e-02
1.15447900e+04 1.04554780e-01 4.17110540e-02 1.94711686e+00 3.60148250e-02
1.15452900e+04 1.07817030e-01 4.35370000e-02 1.94720118e+00 3.75914188e-02
1.15457900e+04 1.11277520e-01 4.54768604e-02 1.94728550e+00 3.92663711e-02
1.15462900e+04 1.14954330e-01 4.75410247e-02 1.94736982e+00 4.10486523e-02
1.15467900e+04 1.18867690e-01 4.97411175e-02 1.94745414e+00 4.29482997e-02
1.15472900e+04 1.23040380e-01 5.20902288e-02 1.94753846e+00 4.49766159e-02
1.15477900e+04 1.27498140e-01 5.46031497e-02 1.94762278e+00 4.71463720e-02
1.15482900e+04 1.32270070e-01 5.72966018e-02 1.94770710e+00 4.94720061e-02
1.15487900e+04 1.37389290e-01 6.01896168e-02 1.94779142e+00 5.19699511e-02
1.15492900e+04 1.42893530e-01 6.33038755e-02 1.94787574e+00 5.46589270e-02
1.15497900e+04 1.48826040e-01 6.66642307e-02 1.94796006e+00 5.75603927e-02
1.15502900e+04 1.55236520e-01 7.02992413e-02 1.94804437e+00 6.06990072e-02
1.15507900e+04 1.62182380e-01 7.42418969e-02 1.94812869e+00 6.41032550e-02
1.15512900e+04 1.69730210e-01 7.85304620e-02 1.94821301e+00 6.78061753e-02
1.15517900e+04 1.77957630e-01 8.32095393e-02 1.94829733e+00 7.18462800e-02
1.15522900e+04 1.86955610e-01 8.83314028e-02 1.94838165e+00 7.62687045e-02
1.15527900e+04 1.96831270e-01 9.39576068e-02 1.94846597e+00 8.11265974e-02
1.15532900e+04 2.07711560e-01 1.00161100e-01 1.94855029e+00 8.64829461e-02
1.15537900e+04 2.19747770e-01 1.07028819e-01 1.94863461e+00 9.24128143e-02
1.15542900e+04 2.33082140e-01 1.14642499e-01 1.94871893e+00 9.89867758e-02
1.15547900e+04 2.47941970e-01 1.23132752e-01 1.94880325e+00 1.06317607e-01
1.15552900e+04 2.64675740e-01 1.32699826e-01 1.94888757e+00 1.14578210e-01
1.15557900e+04 2.83554740e-01 1.43499611e-01 1.94897189e+00 1.23903187e-01
1.15562900e+04 3.04981060e-01 1.55763161e-01 1.94905621e+00 1.34492039e-01
1.15563900e+04 3.09614010e-01 1.58415661e-01 1.94907307e+00 1.36782317e-01
1.15564900e+04 3.14373020e-01 1.61140599e-01 1.94908994e+00 1.39135141e-01
1.15565900e+04 3.19262840e-01 1.63940705e-01 1.94910680e+00 1.41552867e-01
1.15566900e+04 3.24288480e-01 1.66818856e-01 1.94912367e+00 1.44037981e-01
1.15567900e+04 3.29455140e-01 1.69778042e-01 1.94914053e+00 1.46593064e-01
1.15568900e+04 3.34768310e-01 1.72821417e-01 1.94915739e+00 1.49220839e-01
1.15569900e+04 3.40233710e-01 1.75952267e-01 1.94917426e+00 1.51924144e-01
1.15570900e+04 3.45857360e-01 1.79174053e-01 1.94919112e+00 1.54705966e-01
1.15571900e+04 3.51645580e-01 1.82490405e-01 1.94920799e+00 1.57569441e-01
1.15572900e+04 3.57604960e-01 1.85905111e-01 1.94922485e+00 1.60517838e-01
1.15573900e+04 3.63742470e-01 1.89422175e-01 1.94924171e+00 1.63554617e-01
1.15574900e+04 3.70065370e-01 1.93045770e-01 1.94925858e+00 1.66683378e-01
1.15575900e+04 3.76581340e-01 1.96780309e-01 1.94927544e+00 1.69907932e-01
1.15576900e+04 3.83298400e-01 2.00630399e-01 1.94929231e+00 1.73232259e-01
1.15577900e+04 3.90225000e-01 2.04600898e-01 1.94930917e+00 1.76660551e-01
1.15578900e+04 3.97370020e-01 2.08696907e-01 1.94932603e+00 1.80197215e-01
1.15579900e+04 4.04742780e-01 2.12923782e-01 1.94934290e+00 1.83846873e-01
1.15580900e+04 4.12353100e-01 2.17287166e-01 1.94935976e+00 1.87614399e-01
1.15581900e+04 4.20211300e-01 2.21792989e-01 1.94937663e+00 1.91504912e-01
1.15582900e+04 4.28328230e-01 2.26447486e-01 1.94939349e+00 1.95523797e-01
1.15583900e+04 4.36715310e-01 2.31257219e-01 1.94941035e+00 1.99676719e-01
1.15584900e+04 4.45384560e-01 2.36229095e-01 1.94942722e+00 2.03969642e-01
1.15585900e+04 4.54348630e-01 2.41370383e-01 1.94944408e+00 2.08408843e-01
1.15586900e+04 4.63620850e-01 2.46688743e-01 1.94946095e+00 2.13000935e-01
1.15587900e+04 4.73215220e-01 2.52192220e-01 1.94947781e+00 2.17752865e-01
1.15588900e+04 4.83146510e-01 2.57889301e-01 1.94949467e+00 2.22671960e-01
1.15589900e+04 4.93430270e-01 2.63788921e-01 1.94951154e+00 2.27765936e-01
1.15590900e+04 5.04082870e-01 2.69900488e-01 1.94952840e+00 2.33042916e-01
1.15591900e+04 5.15121520e-01 2.76233890e-01 1.94954527e+00 2.38511438e-01
1.15592900e+04 5.26564370e-01 2.82799557e-01 1.94956213e+00 2.44180507e-01
1.15593900e+04 5.38430510e-01 2.89608459e-01 1.94957899e+00 2.50059595e-01
1.15594900e+04 5.50740020e-01 2.96672135e-01 1.94959586e+00 2.56158665e-01
1.15595900e+04 5.63514050e-01 3.04002737e-01 1.94961272e+00 2.62488211e-01
1.15596900e+04 5.76774810e-01 3.11613028e-01 1.94962958e+00 2.69059252e-01
1.15597900e+04 5.90545650e-01 3.19516426e-01 1.94964645e+00 2.75883374e-01
1.15598900e+04 6.04851100e-01 3.27727027e-01 1.94966331e+00 2.82972748e-01
1.15599900e+04 6.19716900e-01 3.36259621e-01 1.94968018e+00 2.90340144e-01
1.15600900e+04 6.35170060e-01 3.45129729e-01 1.94969704e+00 2.97998963e-01
1.15601900e+04 6.51238830e-01 3.54353585e-01 1.94971390e+00 3.05963224e-01
1.15602900e+04 6.67952820e-01 3.63948203e-01 1.94973077e+00 3.14247616e-01
1.15603900e+04 6.85342910e-01 3.73931327e-01 1.94974763e+00 3.22867461e-01
1.15604900e+04 7.03441330e-01 3.84321479e-01 1.94976450e+00 3.31838750e-01
1.15605900e+04 7.22281630e-01 3.95137936e-01 1.94978136e+00 3.41178129e-01
1.15606900e+04 7.41898620e-01 4.06400703e-01 1.94979822e+00 3.50902870e-01
1.15607900e+04 7.62328370e-01 4.18130504e-01 1.94981509e+00 3.61030870e-01
1.15608900e+04 7.83608080e-01 4.30348718e-01 1.94983195e+00 3.71580584e-01
1.15609900e+04 8.05776030e-01 4.43077340e-01 1.94984882e+00 3.82571007e-01
1.15610900e+04 8.28871370e-01 4.56338867e-01 1.94986568e+00 3.94021563e-01
1.15611900e+04 8.52933970e-01 4.70156211e-01 1.94988254e+00 4.05952034e-01
1.15612900e+04 8.78004180e-01 4.84552556e-01 1.94989941e+00 4.18382439e-01
1.15613900e+04 9.04122480e-01 4.99551164e-01 1.94991627e+00 4.31332863e-01
1.15614900e+04 9.31329160e-01 5.15175187e-01 1.94993314e+00 4.44823298e-01
1.15615900e+04 9.59663800e-01 5.31447369e-01 1.94995000e+00 4.58873380e-01
1.15616900e+04 9.89164760e-01 5.48389752e-01 1.94996686e+00 4.73502142e-01
1.15617900e+04 1.01986850e+00 5.66023288e-01 1.94998373e+00 4.88727674e-01
1.15618900e+04 1.05180880e+00 5.84367387e-01 1.95000059e+00 5.04566737e-01
1.15619900e+04 1.08501590e+00 6.03439426e-01 1.95001746e+00 5.21034334e-01
1.15620900e+04 1.11951540e+00 6.23254116e-01 1.95003432e+00 5.38143168e-01
1.15621900e+04 1.15532700e+00 6.43822777e-01 1.95005118e+00 5.55903012e-01
1.15622900e+04 1.19246350e+00 6.65152764e-01 1.95006805e+00 5.74320217e-01
1.15623900e+04 1.23092890e+00 6.87246375e-01 1.95008491e+00 5.93396769e-01
1.15624900e+04 1.27071690e+00 7.10099991e-01 1.95010178e+00 6.13129541e-01
1.15625900e+04 1.31180950e+00 7.33703269e-01 1.95011864e+00 6.33509603e-01
1.15626900e+04 1.35417460e+00 7.58037761e-01 1.95013550e+00 6.54521028e-01
1.15627900e+04 1.39776460e+00 7.83076117e-01 1.95015237e+00 6.76140198e-01
1.15628900e+04 1.44251410e+00 8.08780756e-01 1.95016923e+00 6.98334666e-01
1.15629900e+04 1.48833860e+00 8.35103120e-01 1.95018609e+00 7.21062506e-01
1.15630900e+04 1.53513230e+00 8.61982416e-01 1.95020296e+00 7.44271224e-01
1.15631900e+04 1.58276730e+00 8.89345147e-01 1.95021982e+00 7.67897362e-01
1.15632900e+04 1.63109190e+00 9.17104142e-01 1.95023669e+00 7.91865653e-01
1.15633900e+04 1.67993100e+00 9.45158783e-01 1.95025355e+00 8.16089218e-01
1.15634900e+04 1.72908560e+00 9.73394720e-01 1.95027041e+00 8.40469323e-01
1.15635900e+04 1.77833410e+00 1.00168462e+00 1.95028728e+00 8.64896020e-01
1.15636900e+04 1.82743400e+00 1.02988912e+00 1.95030414e+00 8.89248988e-01
1.15637900e+04 1.87612450e+00 1.05785837e+00 1.95032101e+00 9.13398831e-01
1.15638900e+04 1.92413050e+00 1.08543429e+00 1.95033787e+00 9.37209055e-01
1.15639900e+04 1.97116720e+00 1.11245322e+00 1.95035473e+00 9.60538354e-01
1.15640900e+04 2.01694420e+00 1.13874829e+00 1.95037160e+00 9.83242644e-01
1.15641900e+04 2.06117270e+00 1.16415355e+00 1.95038846e+00 1.00517863e+00
1.15642900e+04 2.10356950e+00 1.18850626e+00 1.95040533e+00 1.02620581e+00
1.15643900e+04 2.14386210e+00 1.21164983e+00 1.95042219e+00 1.04618897e+00
1.15644900e+04 2.18179440e+00 1.23343711e+00 1.95043905e+00 1.06500105e+00
1.15645900e+04 2.21713980e+00 1.25373787e+00 1.95045592e+00 1.08252962e+00
1.15646900e+04 2.24971170e+00 1.27244491e+00 1.95047278e+00 1.09868209e+00
1.15647900e+04 2.27936160e+00 1.28947288e+00 1.95048965e+00 1.11338479e+00
1.15648900e+04 2.30598210e+00 1.30476007e+00 1.95050651e+00 1.12658442e+00
1.15649900e+04 2.32950800e+00 1.31826900e+00 1.95052337e+00 1.13824864e+00
1.15650900e+04 2.34991650e+00 1.32998660e+00 1.95054024e+00 1.14836614e+00
1.15651900e+04 2.36722530e+00 1.33992301e+00 1.95055710e+00 1.15694569e+00
1.15652900e+04 2.38149000e+00 1.34811019e+00 1.95057397e+00 1.16401489e+00
1.15653900e+04 2.39280040e+00 1.35459975e+00 1.95059083e+00 1.16961829e+00
1.15654900e+04 2.40127520e+00 1.35945989e+00 1.95060769e+00 1.17381477e+00
1.15655900e+04 2.40705760e+00 1.36277290e+00 1.95062456e+00 1.17667540e+00
1.15656900e+04 2.41030930e+00 1.36463169e+00 1.95064142e+00 1.17828040e+00
1.15657900e+04 2.41120570e+00 1.36513706e+00 1.95065828e+00 1.17871680e+00
1.15658900e+04 2.40993030e+00 1.36439445e+00 1.95067515e+00 1.17807564e+00
1.15659900e+04 2.40667080e+00 1.36251172e+00 1.95069201e+00 1.17645005e+00
1.15660900e+04 2.40161470e+00 1.35959661e+00 1.95070888e+00 1.17393306e+00
1.15661900e+04 2.39494630e+00 1.35575503e+00 1.95072574e+00 1.17061612e+00
1.15662900e+04 2.38684360e+00 1.35108925e+00 1.95074260e+00 1.16658753e+00
1.15663900e+04 2.37747630e+00 1.34569680e+00 1.95075947e+00 1.16193150e+00
1.15664900e+04 2.36700470e+00 1.33966979e+00 1.95077633e+00 1.15672756e+00
1.15665900e+04 2.35557890e+00 1.33309446e+00 1.95079320e+00 1.15105018e+00
1.15666900e+04 2.34333820e+00 1.32605087e+00 1.95081006e+00 1.14496849e+00
1.15667900e+04 2.33041080e+00 1.31861268e+00 1.95082692e+00 1.13854608e+00
1.15668900e+04 2.31691440e+00 1.31084753e+00 1.95084379e+00 1.13184136e+00
1.15669900e+04 2.30295610e+00 1.30281696e+00 1.95086065e+00 1.12490746e+00
1.15670900e+04 2.28863330e+00 1.29457693e+00 1.95087752e+00 1.11779271e+00
1.15671900e+04 2.27403390e+00 1.28617796e+00 1.95089438e+00 1.11054072e+00
1.15672900e+04 2.25923740e+00 1.27766574e+00 1.95091124e+00 1.10319094e+00
1.15673900e+04 2.24431520e+00 1.26908128e+00 1.95092811e+00 1.09577879e+00
1.15674900e+04 2.22933120e+00 1.26046131e+00 1.95094497e+00 1.08833597e+00
1.15675900e+04 2.21434300e+00 1.25183892e+00 1.95096184e+00 1.08089108e+00
1.15676900e+04 2.19940160e+00 1.24324343e+00 1.95097870e+00 1.07346940e+00
1.15677900e+04 2.18455290e+00 1.23470121e+00 1.95099556e+00 1.06609372e+00
1.15678900e+04 2.16983720e+00 1.22623541e+00 1.95101243e+00 1.05878402e+00
1.15679900e+04 2.15529040e+00 1.21786667e+00 1.95102929e+00 1.05155813e+00
1.15680900e+04 2.14094440e+00 1.20961331e+00 1.95104616e+00 1.04443186e+00
1.15681900e+04 2.12682680e+00 1.20149120e+00 1.95106302e+00 1.03741892e+00
1.15682900e+04 2.11296190e+00 1.19351430e+00 1.95107988e+00 1.03053135e+00
1.15683900e+04 2.09937090e+00 1.18569479e+00 1.95109675e+00 1.02377968e+00
1.15684900e+04 2.08607190e+00 1.17804307e+00 1.95111361e+00 1.01717290e+00
1.15685900e+04 2.07308020e+00 1.17056793e+00 1.95113048e+00 1.01071858e+00
1.15686900e+04 2.06040890e+00 1.16327690e+00 1.95114734e+00 1.00442323e+00
1.15687900e+04 2.04806870e+00 1.15617614e+00 1.95116420e+00 9.98292153e-01
1.15688900e+04 2.03606830e+00 1.14927063e+00 1.95118107e+00 9.92329675e-01
1.15689900e+04 2.02441440e+00 1.14256423e+00 1.95119793e+00 9.86539116e-01
1.15690900e+04 2.01311200e+00 1.13605982e+00 1.95121479e+00 9.80922957e-01
1.15691900e+04 2.00216470e+00 1.12975945e+00 1.95123166e+00 9.75482983e-01
1.15692900e+04 1.99157460e+00 1.12366435e+00 1.95124852e+00 9.70220238e-01
1.15693900e+04 1.98134230e+00 1.11777484e+00 1.95126539e+00 9.65135018e-01
1.15694900e+04 1.97146760e+00 1.11209082e+00 1.95128225e+00 9.60227224e-01
1.15695900e+04 1.96194890e+00 1.10661137e+00 1.95129911e+00 9.55496062e-01
1.15696900e+04 1.95278380e+00 1.10133511e+00 1.95131598e+00 9.50940343e-01
1.15697900e+04 1.94396900e+00 1.09626014e+00 1.95133284e+00 9.46558428e-01
1.15698900e+04 1.93550050e+00 1.09138417e+00 1.95134971e+00 9.42348332e-01
1.15699900e+04 1.92737350e+00 1.08670443e+00 1.95136657e+00 9.38307675e-01
1.15700900e+04 1.91958260e+00 1.08221782e+00 1.95138343e+00 9.34433777e-01
1.15701900e+04 1.91212180e+00 1.07792090e+00 1.95140030e+00 9.30723661e-01
1.15702900e+04 1.90498470e+00 1.07380999e+00 1.95141716e+00 9.27174151e-01
1.15703900e+04 1.89816430e+00 1.06988106e+00 1.95143403e+00 9.23781775e-01
1.15704900e+04 1.89165340e+00 1.06612998e+00 1.95145089e+00 9.20542961e-01
1.15705900e+04 1.88544420e+00 1.06255227e+00 1.95146775e+00 9.17453837e-01
1.15706900e+04 1.87952880e+00 1.05914338e+00 1.95148462e+00 9.14510485e-01
1.15707900e+04 1.87389900e+00 1.05589860e+00 1.95150148e+00 9.11708836e-01
1.15708900e+04 1.86854630e+00 1.05281306e+00 1.95151835e+00 9.09044673e-01
1.15709900e+04 1.86346200e+00 1.04988175e+00 1.95153521e+00 9.06513679e-01
1.15710900e+04 1.85863740e+00 1.04709966e+00 1.95155207e+00 9.04111538e-01
1.15711900e+04 1.85406350e+00 1.04446164e+00 1.95156894e+00 9.01833783e-01
1.15712900e+04 1.84973150e+00 1.04196262e+00 1.95158580e+00 8.99676050e-01
1.15713900e+04 1.84563230e+00 1.03959737e+00 1.95160267e+00 8.97633822e-01
1.15714900e+04 1.84175700e+00 1.03736078e+00 1.95161953e+00 8.95702685e-01
1.15715900e+04 1.83809690e+00 1.03524785e+00 1.95163639e+00 8.93878320e-01
1.15716900e+04 1.83464310e+00 1.03325347e+00 1.95165326e+00 8.92156314e-01
1.15717900e+04 1.83138710e+00 1.03137275e+00 1.95167012e+00 8.90532448e-01
1.15718900e+04 1.82832070e+00 1.02960098e+00 1.95168699e+00 8.89002654e-01
1.15719900e+04 1.82543580e+00 1.02793351e+00 1.95170385e+00 8.87562913e-01
1.15720900e+04 1.82272470e+00 1.02636590e+00 1.95172071e+00 8.86209404e-01
1.15721900e+04 1.82018000e+00 1.02489392e+00 1.95173758e+00 8.84938456e-01
1.15722900e+04 1.81779480e+00 1.02351358e+00 1.95175444e+00 8.83746646e-01
1.15723900e+04 1.81556270e+00 1.02222123e+00 1.95177130e+00 8.82630797e-01
1.15724900e+04 1.81347750e+00 1.02101328e+00 1.95178817e+00 8.81587835e-01
1.15725900e+04 1.81153370e+00 1.01988659e+00 1.95180503e+00 8.80615029e-01
1.15726900e+04 1.80972640e+00 1.01883834e+00 1.95182190e+00 8.79709949e-01
1.15727900e+04 1.80805110e+00 1.01786593e+00 1.95183876e+00 8.78870363e-01
1.15728900e+04 1.80650380e+00 1.01696708e+00 1.95185562e+00 8.78094284e-01
1.15729900e+04 1.80508100e+00 1.01613977e+00 1.95187249e+00 8.77379978e-01
1.15730900e+04 1.80378000e+00 1.01538245e+00 1.95188935e+00 8.76726104e-01
1.15731900e+04 1.80259810e+00 1.01469357e+00 1.95190622e+00 8.76131323e-01
1.15732900e+04 1.80153360e+00 1.01407215e+00 1.95192308e+00 8.75594790e-01
1.15733900e+04 1.80058470e+00 1.01351716e+00 1.95193994e+00 8.75115614e-01
1.15734900e+04 1.79975030e+00 1.01302796e+00 1.95195681e+00 8.74693248e-01
1.15735900e+04 1.79902950e+00 1.01260404e+00 1.95197367e+00 8.74327246e-01
1.15736900e+04 1.79842170e+00 1.01224505e+00 1.95199054e+00 8.74017310e-01
1.15737900e+04 1.79792660e+00 1.01195082e+00 1.95200740e+00 8.73763291e-01
1.15738900e+04 1.79754380e+00 1.01172113e+00 1.95202426e+00 8.73564992e-01
1.15739900e+04 1.79727330e+00 1.01155596e+00 1.95204113e+00 8.73422410e-01
1.15740900e+04 1.79711490e+00 1.01145521e+00 1.95205799e+00 8.73335449e-01
1.15741900e+04 1.79706840e+00 1.01141877e+00 1.95207486e+00 8.73304007e-01
1.15742900e+04 1.79713370e+00 1.01144656e+00 1.95209172e+00 8.73328037e-01
1.15743900e+04 1.79731020e+00 1.01153826e+00 1.95210858e+00 8.73407239e-01
1.15744900e+04 1.79759750e+00 1.01169362e+00 1.95212545e+00 8.73541417e-01
1.15745900e+04 1.79799480e+00 1.01191219e+00 1.95214231e+00 8.73730171e-01
1.15746900e+04 1.79850090e+00 1.01219329e+00 1.95215918e+00 8.73972908e-01
1.15747900e+04 1.79911450e+00 1.01253615e+00 1.95217604e+00 8.74268983e-01
1.15748900e+04 1.79983390e+00 1.01293981e+00 1.95219290e+00 8.74617551e-01
1.15749900e+04 1.80065690e+00 1.01340300e+00 1.95220977e+00 8.75017521e-01
1.15750900e+04 1.80158120e+00 1.01392441e+00 1.95222663e+00 8.75467752e-01
1.15751900e+04 1.80260370e+00 1.01450224e+00 1.95224349e+00 8.75966707e-01
1.15752900e+04 1.80372140e+00 1.01513477e+00 1.95226036e+00 8.76512896e-01
1.15753900e+04 1.80493060e+00 1.01581989e+00 1.95227722e+00 8.77104483e-01
1.15754900e+04 1.80622720e+00 1.01655522e+00 1.95229409e+00 8.77739436e-01
1.15755900e+04 1.80760690e+00 1.01733831e+00 1.95231095e+00 8.78415619e-01
1.15756900e+04 1.80906500e+00 1.01816645e+00 1.95232781e+00 8.79130701e-01
1.15757900e+04 1.81059630e+00 1.01903665e+00 1.95234468e+00 8.79882102e-01
1.15758900e+04 1.81219550e+00 1.01994587e+00 1.95236154e+00 8.80667193e-01
1.15759900e+04 1.81385690e+00 1.02089083e+00 1.95237841e+00 8.81483144e-01
1.15760900e+04 1.81557460e+00 1.02186814e+00 1.95239527e+00 8.82327030e-01
1.15761900e+04 1.81734250e+00 1.02287430e+00 1.95241213e+00 8.83195823e-01
1.15762900e+04 1.81915410e+00 1.02390557e+00 1.95242900e+00 8.84086298e-01
1.15763900e+04 1.82100310e+00 1.02495834e+00 1.95244586e+00 8.84995330e-01
1.15764900e+04 1.82288290e+00 1.02602880e+00 1.95246273e+00 8.85919644e-01
1.15765900e+04 1.82478690e+00 1.02711316e+00 1.95247959e+00 8.86855964e-01
1.15766900e+04 1.82670820e+00 1.02820747e+00 1.95249645e+00 8.87800869e-01
1.15767900e+04 1.82864040e+00 1.02930804e+00 1.95251332e+00 8.88751181e-01
1.15768900e+04 1.83057680e+00 1.03041103e+00 1.95253018e+00 8.89703578e-01
1.15769900e+04 1.83251090e+00 1.03151269e+00 1.95254705e+00 8.90654833e-01
1.15770900e+04 1.83443620e+00 1.03260929e+00 1.95256391e+00 8.91601723e-01
1.15771900e+04 1.83634650e+00 1.03369728e+00 1.95258077e+00 8.92541170e-01
1.15772900e+04 1.83823580e+00 1.03477320e+00 1.95259764e+00 8.93470197e-01
1.15773900e+04 1.84009830e+00 1.03583372e+00 1.95261450e+00 8.94385928e-01
1.15774900e+04 1.84192830e+00 1.03687556e+00 1.95263137e+00 8.95285533e-01
1.15775900e+04 1.84372060e+00 1.03789574e+00 1.95264823e+00 8.96166433e-01
1.15776900e+04 1.84547000e+00 1.03889127e+00 1.95266509e+00 8.97026048e-01
1.15777900e+04 1.84717190e+00 1.03985950e+00 1.95268196e+00 8.97862096e-01
1.15778900e+04 1.84882190e+00 1.04079792e+00 1.95269882e+00 8.98672392e-01
1.15779900e+04 1.85041580e+00 1.04170409e+00 1.95271569e+00 8.99454854e-01
1.15780900e+04 1.85194990e+00 1.04257590e+00 1.95273255e+00 9.00207646e-01
1.15781900e+04 1.85342080e+00 1.04341139e+00 1.95274941e+00 9.00929080e-01
1.15782900e+04 1.85482530e+00 1.04420873e+00 1.95276628e+00 9.01617570e-01
1.15783900e+04 1.85616070e+00 1.04496637e+00 1.95278314e+00 9.02271774e-01
1.15784900e+04 1.85742460e+00 1.04568291e+00 1.95280000e+00 9.02890504e-01
1.15785900e+04 1.85861470e+00 1.04635705e+00 1.95281687e+00 9.03472616e-01
1.15786900e+04 1.85972920e+00 1.04698775e+00 1.95283373e+00 9.04017219e-01
1.15787900e+04 1.86076640e+00 1.04757402e+00 1.95285060e+00 9.04523468e-01
1.15788900e+04 1.86172520e+00 1.04811525e+00 1.95286746e+00 9.04990819e-01
1.15789900e+04 1.86260430e+00 1.04861068e+00 1.95288432e+00 9.05418626e-01
1.15790900e+04 1.86340290e+00 1.04905985e+00 1.95290119e+00 9.05806491e-01
1.15791900e+04 1.86412040e+00 1.04946242e+00 1.95291805e+00 9.06154118e-01
1.15792900e+04 1.86475640e+00 1.04981816e+00 1.95293492e+00 9.06461308e-01
1.15793900e+04 1.86531060e+00 1.05012689e+00 1.95295178e+00 9.06727912e-01
1.15794900e+04 1.86578300e+00 1.05038862e+00 1.95296864e+00 9.06953930e-01
1.15795900e+04 1.86617370e+00 1.05060340e+00 1.95298551e+00 9.07139411e-01
1.15796900e+04 1.86648300e+00 1.05077140e+00 1.95300237e+00 9.07284505e-01
1.15797900e+04 1.86671130e+00 1.05089286e+00 1.95301924e+00 9.07389410e-01
1.15798900e+04 1.86685930e+00 1.05096818e+00 1.95303610e+00 9.07454473e-01
1.15799900e+04 1.86692770e+00 1.05099776e+00 1.95305296e+00 9.07480042e-01
1.15800900e+04 1.86691750e+00 1.05098217e+00 1.95306983e+00 9.07466613e-01
1.15801900e+04 1.86682980e+00 1.05092204e+00 1.95308669e+00 9.07414731e-01
1.15802900e+04 1.86666590e+00 1.05081814e+00 1.95310356e+00 9.07325041e-01
1.15803900e+04 1.86642730e+00 1.05067130e+00 1.95312042e+00 9.07198288e-01
1.15804900e+04 1.86611560e+00 1.05048246e+00 1.95313728e+00 9.07035266e-01
1.15805900e+04 1.86573260e+00 1.05025265e+00 1.95315415e+00 9.06836867e-01
1.15806900e+04 1.86528040e+00 1.04998308e+00 1.95317101e+00 9.06604135e-01
1.15807900e+04 1.86476120e+00 1.04967500e+00 1.95318788e+00 9.06338159e-01
1.15808900e+04 1.86417750e+00 1.04932986e+00 1.95320474e+00 9.06040181e-01
1.15809900e+04 1.86353190e+00 1.04894915e+00 1.95322160e+00 9.05711490e-01
1.15810900e+04 1.86282730e+00 1.04853454e+00 1.95323847e+00 9.05353526e-01
1.15811900e+04 1.86206670e+00 1.04808775e+00 1.95325533e+00 9.04967777e-01
1.15812900e+04 1.86125350e+00 1.04761074e+00 1.95327219e+00 9.04555929e-01
1.15813900e+04 1.86039110e+00 1.04710545e+00 1.95328906e+00 9.04119671e-01
1.15814900e+04 1.85948330e+00 1.04657407e+00 1.95330592e+00 9.03660887e-01
1.15815900e+04 1.85853390e+00 1.04601879e+00 1.95332279e+00 9.03181462e-01
1.15816900e+04 1.85754700e+00 1.04544196e+00 1.95333965e+00 9.02683431e-01
1.15817900e+04 1.85652680e+00 1.04484600e+00 1.95335651e+00 9.02168878e-01
1.15818900e+04 1.85547790e+00 1.04423354e+00 1.95337338e+00 9.01640085e-01
1.15819900e+04 1.85440470e+00 1.04360712e+00 1.95339024e+00 9.01099236e-01
1.15820900e+04 1.85331200e+00 1.04296950e+00 1.95340711e+00 9.00548711e-01
1.15821900e+04 1.85220460e+00 1.04232343e+00 1.95342397e+00 8.99990893e-01
1.15822900e+04 1.85108740e+00 1.04167172e+00 1.95344083e+00 8.99428212e-01
1.15823900e+04 1.84996550e+00 1.04101732e+00 1.95345770e+00 8.98863199e-01
1.15824900e+04 1.84884400e+00 1.04036315e+00 1.95347456e+00 8.98298385e-01
1.15825900e+04 1.84772800e+00 1.03971213e+00 1.95349143e+00 8.97736299e-01
1.15826900e+04 1.84662250e+00 1.03906715e+00 1.95350829e+00 8.97179423e-01
1.15827900e+04 1.84553290e+00 1.03843131e+00 1.95352515e+00 8.96630436e-01
1.15828900e+04 1.84446420e+00 1.03780748e+00 1.95354202e+00 8.96091819e-01
1.15829900e+04 1.84342140e+00 1.03719852e+00 1.95355888e+00 8.95566052e-01
1.15830900e+04 1.84240970e+00 1.03660744e+00 1.95357575e+00 8.95055716e-01
1.15831900e+04 1.84143400e+00 1.03603705e+00 1.95359261e+00 8.94563242e-01
1.15832900e+04 1.84049900e+00 1.03549005e+00 1.95360947e+00 8.94090962e-01
1.15833900e+04 1.83960950e+00 1.03496919e+00 1.95362634e+00 8.93641256e-01
1.15834900e+04 1.83877010e+00 1.03447711e+00 1.95364320e+00 8.93216409e-01
1.15835900e+04 1.83798510e+00 1.03401630e+00 1.95366007e+00 8.92818553e-01
1.15836900e+04 1.83725890e+00 1.03358928e+00 1.95367693e+00 8.92449871e-01
1.15837900e+04 1.83659530e+00 1.03319823e+00 1.95369379e+00 8.92112248e-01
1.15838900e+04 1.83599820e+00 1.03284539e+00 1.95371066e+00 8.91807621e-01
1.15839900e+04 1.83547120e+00 1.03253283e+00 1.95372752e+00 8.91537774e-01
1.15840900e+04 1.83501760e+00 1.03226245e+00 1.95374439e+00 8.91304346e-01
1.15841900e+04 1.83464060e+00 1.03203609e+00 1.95376125e+00 8.91108924e-01
1.15842900e+04 1.83434300e+00 1.03185535e+00 1.95377811e+00 8.90952897e-01
1.15843900e+04 1.83412740e+00 1.03172174e+00 1.95379498e+00 8.90837555e-01
1.15844900e+04 1.83399620e+00 1.03163662e+00 1.95381184e+00 8.90764089e-01
1.15845900e+04 1.83395140e+00 1.03160115e+00 1.95382870e+00 8.90733492e-01
1.15846900e+04 1.83399480e+00 1.03161636e+00 1.95384557e+00 8.90746656e-01
1.15847900e+04 1.83412790e+00 1.03168311e+00 1.95386243e+00 8.90804326e-01
1.15848900e+04 1.83435200e+00 1.03180216e+00 1.95387930e+00 8.90907147e-01
1.15849900e+04 1.83466820e+00 1.03197413e+00 1.95389616e+00 8.91055664e-01
1.15850900e+04 1.83507700e+00 1.03219931e+00 1.95391302e+00 8.91250126e-01
1.15851900e+04 1.83557910e+00 1.03247810e+00 1.95392989e+00 8.91490880e-01
1.15852900e+04 1.83617470e+00 1.03281063e+00 1.95394675e+00 8.91778025e-01
1.15853900e+04 1.83686370e+00 1.03319682e+00 1.95396362e+00 8.92111511e-01
1.15854900e+04 1.83764600e+00 1.03363662e+00 1.95398048e+00 8.92491290e-01
1.15855900e+04 1.83852100e+00 1.03412969e+00 1.95399734e+00 8.92917062e-01
1.15856900e+04 1.83948830e+00 1.03467581e+00 1.95401421e+00 8.93388631e-01
1.15857900e+04 1.84054700e+00 1.03527444e+00 1.95403107e+00 8.93905549e-01
1.15858900e+04 1.84169600e+00 1.03592496e+00 1.95404794e+00 8.94467270e-01
1.15859900e+04 1.84293420e+00 1.03662674e+00 1.95406480e+00 8.95073249e-01
1.15860900e+04 1.84426040e+00 1.03737908e+00 1.95408166e+00 8.95722891e-01
1.15861900e+04 1.84567310e+00 1.03818113e+00 1.95409853e+00 8.96415450e-01
1.15862900e+04 1.84717090e+00 1.03903209e+00 1.95411539e+00 8.97150233e-01
1.15863900e+04 1.84875200e+00 1.03993090e+00 1.95413226e+00 8.97926347e-01
1.15864900e+04 1.85041490e+00 1.04087673e+00 1.95414912e+00 8.98743046e-01
1.15865900e+04 1.85215780e+00 1.04186852e+00 1.95416598e+00 8.99599439e-01
1.15866900e+04 1.85397890e+00 1.04290525e+00 1.95418285e+00 9.00494631e-01
1.15867900e+04 1.85587640e+00 1.04398588e+00 1.95419971e+00 9.01427731e-01
1.15868900e+04 1.85784860e+00 1.04510944e+00 1.95421658e+00 9.02397893e-01
1.15869900e+04 1.85989360e+00 1.04627483e+00 1.95423344e+00 9.03404177e-01
1.15870900e+04 1.86200960e+00 1.04748101e+00 1.95425030e+00 9.04445688e-01
1.15871900e+04 1.86419500e+00 1.04872708e+00 1.95426717e+00 9.05521633e-01
1.15872900e+04 1.86644790e+00 1.05001194e+00 1.95428403e+00 9.06631069e-01
1.15873900e+04 1.86876680e+00 1.05133472e+00 1.95430090e+00 9.07773251e-01
1.15874900e+04 1.87114990e+00 1.05269439e+00 1.95431776e+00 9.08947288e-01
1.15875900e+04 1.87359590e+00 1.05409020e+00 1.95433462e+00 9.10152533e-01
1.15876900e+04 1.87610320e+00 1.05552124e+00 1.95435149e+00 9.11388193e-01
1.15877900e+04 1.87867030e+00 1.05698665e+00 1.95436835e+00 9.12653523e-01
1.15878900e+04 1.88129590e+00 1.05848566e+00 1.95438521e+00 9.13947880e-01
1.15879900e+04 1.88397880e+00 1.06001761e+00 1.95440208e+00 9.15270666e-01
1.15880900e+04 1.88671760e+00 1.06158168e+00 1.95441894e+00 9.16621188e-01
1.15881900e+04 1.88951110e+00 1.06317717e+00 1.95443581e+00 9.17998850e-01
1.15882900e+04 1.89235820e+00 1.06480347e+00 1.95445267e+00 9.19403107e-01
1.15883900e+04 1.89525760e+00 1.06645983e+00 1.95446953e+00 9.20833313e-01
1.15884900e+04 1.89820840e+00 1.06814571e+00 1.95448640e+00 9.22289022e-01
1.15885900e+04 1.90120920e+00 1.06986033e+00 1.95450326e+00 9.23769539e-01
1.15886900e+04 1.90425890e+00 1.07160305e+00 1.95452013e+00 9.25274318e-01
1.15887900e+04 1.90735630e+00 1.07337318e+00 1.95453699e+00 9.26802765e-01
1.15888900e+04 1.91050020e+00 1.07517003e+00 1.95455385e+00 9.28354283e-01
1.15889900e+04 1.91368920e+00 1.07699279e+00 1.95457072e+00 9.29928178e-01
1.15890900e+04 1.91692180e+00 1.07884061e+00 1.95458758e+00 9.31523707e-01
1.15891900e+04 1.92019660e+00 1.08071268e+00 1.95460445e+00 9.33140173e-01
1.15892900e+04 1.92351190e+00 1.08260802e+00 1.95462131e+00 9.34776734e-01
1.15893900e+04 1.92686600e+00 1.08452566e+00 1.95463817e+00 9.36432546e-01
1.15894900e+04 1.93025690e+00 1.08646444e+00 1.95465504e+00 9.38106617e-01
1.15895900e+04 1.93368250e+00 1.08842316e+00 1.95467190e+00 9.39797905e-01
1.15896900e+04 1.93714060e+00 1.09040056e+00 1.95468877e+00 9.41505319e-01
1.15897900e+04 1.94062870e+00 1.09239520e+00 1.95470563e+00 9.43227618e-01
1.15898900e+04 1.94414430e+00 1.09440563e+00 1.95472249e+00 9.44963561e-01
1.15899900e+04 1.94768440e+00 1.09643015e+00 1.95473936e+00 9.46711660e-01
1.15900900e+04 1.95124610e+00 1.09846708e+00 1.95475622e+00 9.48470476e-01
1.15901900e+04 1.95482610e+00 1.10051452e+00 1.95477309e+00 9.50238373e-01
1.15902900e+04 1.95842100e+00 1.10257053e+00 1.95478995e+00 9.52013662e-01
1.15903900e+04 1.96202710e+00 1.10463297e+00 1.95480681e+00 9.53794509e-01
1.15904900e+04 1.96564050e+00 1.10669961e+00 1.95482368e+00 9.55578977e-01
1.15905900e+04 1.96925720e+00 1.10876814e+00 1.95484054e+00 9.57365083e-01
1.15906900e+04 1.97287300e+00 1.11083616e+00 1.95485740e+00 9.59150743e-01
1.15907900e+04 1.97648330e+00 1.11290102e+00 1.95487427e+00 9.60933674e-01
1.15908900e+04 1.98008370e+00 1.11496018e+00 1.95489113e+00 9.62711693e-01
1.15909900e+04 1.98366930e+00 1.11701085e+00 1.95490800e+00 9.64482369e-01
1.15910900e+04 1.98723520e+00 1.11905019e+00 1.95492486e+00 9.66243270e-01
1.15911900e+04 1.99077650e+00 1.12107540e+00 1.95494172e+00 9.67991966e-01
1.15912900e+04 1.99428780e+00 1.12308336e+00 1.95495859e+00 9.69725778e-01
1.15913900e+04 1.99776420e+00 1.12507128e+00 1.95497545e+00 9.71442273e-01
1.15914900e+04 2.00120010e+00 1.12703592e+00 1.95499232e+00 9.73138674e-01
1.15915900e+04 2.00459040e+00 1.12897435e+00 1.95500918e+00 9.74812450e-01
1.15916900e+04 2.00792970e+00 1.13088349e+00 1.95502604e+00 9.76460921e-01
1.15917900e+04 2.01121270e+00 1.13276027e+00 1.95504291e+00 9.78081459e-01
1.15918900e+04 2.01443400e+00 1.13460159e+00 1.95505977e+00 9.79671384e-01
1.15919900e+04 2.01758850e+00 1.13640453e+00 1.95507664e+00 9.81228165e-01
1.15920900e+04 2.02067110e+00 1.13816616e+00 1.95509350e+00 9.82749272e-01
1.15921900e+04 2.02367680e+00 1.13988359e+00 1.95511036e+00 9.84232224e-01
1.15922900e+04 2.02660080e+00 1.14155408e+00 1.95512723e+00 9.85674640e-01
1.15923900e+04 2.02943840e+00 1.14317492e+00 1.95514409e+00 9.87074187e-01
1.15924900e+04 2.03218520e+00 1.14474358e+00 1.95516096e+00 9.88428683e-01
1.15925900e+04 2.03483710e+00 1.14625771e+00 1.95517782e+00 9.89736092e-01
1.15926900e+04 2.03739010e+00 1.14771501e+00 1.95519468e+00 9.90994432e-01
1.15927900e+04 2.03984070e+00 1.14911347e+00 1.95521155e+00 9.92201964e-01
1.15928900e+04 2.04218540e+00 1.15045108e+00 1.95522841e+00 9.93356953e-01
1.15929900e+04 2.04442130e+00 1.15172616e+00 1.95524528e+00 9.94457959e-01
1.15930900e+04 2.04654590e+00 1.15293729e+00 1.95526214e+00 9.95503742e-01
1.15931900e+04 2.04855680e+00 1.15408309e+00 1.95527900e+00 9.96493112e-01
1.15932900e+04 2.05045210e+00 1.15516245e+00 1.95529587e+00 9.97425125e-01
1.15933900e+04 2.05223040e+00 1.15617459e+00 1.95531273e+00 9.98299087e-01
1.15934900e+04 2.05389050e+00 1.15711880e+00 1.95532960e+00 9.99114403e-01
1.15935900e+04 2.05543170e+00 1.15799469e+00 1.95534646e+00 9.99870724e-01
1.15936900e+04 2.05685370e+00 1.15880209e+00 1.95536332e+00 1.00056790e+00
1.15937900e+04 2.05815640e+00 1.15954093e+00 1.95538019e+00 1.00120589e+00
1.15938900e+04 2.05934030e+00 1.16021151e+00 1.95539705e+00 1.00178493e+00
1.15939900e+04 2.06040630e+00 1.16081433e+00 1.95541391e+00 1.00230548e+00
1.15940900e+04 2.06134830e+00 1.16134591e+00 1.95543078e+00 1.00276450e+00
1.15941900e+04 2.06217150e+00 1.16180921e+00 1.95544764e+00 1.00316457e+00
1.15942900e+04 2.06285640e+00 1.16219305e+00 1.95546451e+00 1.00349603e+00
1.15943900e+04 2.06339650e+00 1.16249368e+00 1.95548137e+00 1.00375564e+00
1.15944900e+04 2.06378160e+00 1.16270524e+00 1.95549823e+00 1.00393835e+00
1.15945900e+04 2.06414010e+00 1.16290152e+00 1.95551510e+00 1.00410786e+00
1.15946900e+04 2.06447920e+00 1.16308665e+00 1.95553196e+00 1.00426774e+00
1.15947900e+04 2.06474180e+00 1.16322782e+00 1.95554883e+00 1.00438967e+00
1.15948900e+04 2.06487360e+00 1.16329383e+00 1.95556569e+00 1.00444670e+00
1.15949900e+04 2.06478130e+00 1.16323106e+00 1.95558255e+00 1.00439254e+00
1.15950900e+04 2.06466190e+00 1.16315272e+00 1.95559942e+00 1.00432493e+00
1.15951900e+04 2.06452620e+00 1.16306502e+00 1.95561628e+00 1.00424924e+00
1.15952900e+04 2.06432760e+00 1.16294117e+00 1.95563315e+00 1.00414233e+00
1.15953900e+04 2.06402340e+00 1.16275664e+00 1.95565001e+00 1.00398303e+00
1.15954900e+04 2.06353980e+00 1.16246902e+00 1.95566687e+00 1.00373472e+00
1.15955900e+04 2.06303450e+00 1.16216893e+00 1.95568374e+00 1.00347565e+00
1.15956900e+04 2.06251700e+00 1.16186184e+00 1.95570060e+00 1.00321052e+00
1.15957900e+04 2.06195280e+00 1.16152790e+00 1.95571747e+00 1.00292222e+00
1.15958900e+04 2.06130940e+00 1.16114846e+00 1.95573433e+00 1.00259462e+00
1.15959900e+04 2.06053360e+00 1.16069293e+00 1.95575119e+00 1.00220133e+00
1.15960900e+04 2.05974170e+00 1.16022816e+00 1.95576806e+00 1.00180005e+00
1.15961900e+04 2.05894240e+00 1.15975913e+00 1.95578492e+00 1.00139510e+00
1.15962900e+04 2.05811340e+00 1.15927303e+00 1.95580179e+00 1.00097542e+00
1.15967900e+04 2.05329690e+00 1.15645669e+00 1.95588611e+00 9.98543814e-01
1.15972900e+04 2.04794840e+00 1.15333465e+00 1.95597042e+00 9.95848251e-01
1.15977900e+04 2.04245020e+00 1.15012659e+00 1.95605474e+00 9.93078412e-01
1.15982900e+04 2.03710850e+00 1.14700845e+00 1.95613906e+00 9.90386221e-01
1.15987900e+04 2.03214460e+00 1.14410742e+00 1.95622338e+00 9.87881480e-01
1.15992900e+04 2.02768990e+00 1.14149898e+00 1.95630770e+00 9.85629386e-01
1.15997900e+04 2.02378590e+00 1.13920699e+00 1.95639202e+00 9.83650529e-01
1.16002900e+04 2.02039190e+00 1.13720806e+00 1.95647634e+00 9.81924715e-01
1.16007900e+04 2.01740000e+00 1.13544019e+00 1.95656066e+00 9.80398408e-01
1.16012900e+04 2.01465950e+00 1.13381678e+00 1.95664498e+00 9.78996837e-01
1.16017900e+04 2.01200770e+00 1.13224434e+00 1.95672930e+00 9.77639275e-01
1.16022900e+04 2.00930160e+00 1.13064070e+00 1.95681362e+00 9.76254771e-01
1.16027900e+04 2.00644660e+00 1.12895149e+00 1.95689794e+00 9.74796387e-01
1.16032900e+04 2.00341450e+00 1.12716052e+00 1.95698226e+00 9.73250132e-01
1.16037900e+04 2.00024920e+00 1.12529301e+00 1.95706658e+00 9.71637787e-01
1.16042900e+04 1.99706050e+00 1.12341205e+00 1.95715090e+00 9.70013832e-01
1.16047900e+04 1.99400770e+00 1.12160919e+00 1.95723522e+00 9.68457305e-01
1.16052900e+04 1.99128000e+00 1.11999313e+00 1.95731954e+00 9.67062080e-01
1.16057900e+04 1.98907620e+00 1.11867813e+00 1.95740386e+00 9.65926797e-01
1.16062900e+04 1.98758770e+00 1.11777415e+00 1.95748818e+00 9.65146420e-01
1.16067900e+04 1.98698430e+00 1.11737879e+00 1.95757250e+00 9.64805200e-01
1.16072900e+04 1.98740480e+00 1.11757178e+00 1.95765682e+00 9.64972003e-01
1.16077900e+04 1.98895000e+00 1.11841106e+00 1.95774114e+00 9.65696845e-01
1.16082900e+04 1.99167960e+00 1.11993093e+00 1.95782546e+00 9.67009346e-01
1.16087900e+04 1.99561100e+00 1.12214139e+00 1.95790978e+00 9.68918140e-01
1.16092900e+04 2.00072150e+00 1.12502939e+00 1.95799410e+00 9.71411964e-01
1.16097900e+04 2.00695140e+00 1.12856064e+00 1.95807842e+00 9.74461198e-01
1.16102900e+04 2.01421010e+00 1.13268306e+00 1.95816274e+00 9.78020888e-01
1.16107900e+04 2.02238170e+00 1.13733006e+00 1.95824706e+00 9.82033530e-01
1.16112900e+04 2.03133210e+00 1.14242458e+00 1.95833138e+00 9.86432588e-01
1.16117900e+04 2.04091560e+00 1.14788290e+00 1.95841570e+00 9.91145771e-01
1.16122900e+04 2.05097910e+00 1.15361704e+00 1.95850002e+00 9.96097115e-01
1.16127900e+04 2.06136620e+00 1.15953714e+00 1.95858433e+00 1.00120902e+00
1.16132900e+04 2.07191740e+00 1.16555153e+00 1.95866865e+00 1.00640235e+00
1.16137900e+04 2.08247090e+00 1.17156724e+00 1.95875297e+00 1.01159682e+00
1.16142900e+04 2.09286210e+00 1.17748969e+00 1.95883729e+00 1.01671077e+00
1.16147900e+04 2.10292520e+00 1.18322360e+00 1.95892161e+00 1.02166192e+00
1.16152900e+04 2.11249750e+00 1.18867548e+00 1.95900593e+00 1.02636956e+00
1.16157900e+04 2.12142490e+00 1.19375679e+00 1.95909025e+00 1.03075722e+00
1.16162900e+04 2.12956840e+00 1.19838764e+00 1.95917457e+00 1.03475593e+00
1.16167900e+04 2.13680960e+00 1.20250001e+00 1.95925889e+00 1.03830696e+00
1.16172900e+04 2.14305320e+00 1.20603913e+00 1.95934321e+00 1.04136301e+00
1.16177900e+04 2.14822760e+00 1.20896385e+00 1.95942753e+00 1.04388856e+00
1.16182900e+04 2.15228350e+00 1.21124585e+00 1.95951185e+00 1.04585914e+00
1.16187900e+04 2.15519270e+00 1.21286892e+00 1.95959617e+00 1.04726077e+00
1.16192900e+04 2.15694760e+00 1.21382870e+00 1.95968049e+00 1.04808968e+00
1.16197900e+04 2.15756160e+00 1.21413289e+00 1.95976481e+00 1.04835251e+00
1.16202900e+04 2.15706960e+00 1.21380153e+00 1.95984913e+00 1.04806657e+00
1.16207900e+04 2.15552780e+00 1.21286693e+00 1.95993345e+00 1.04725976e+00
1.16212900e+04 2.15301180e+00 1.21137252e+00 1.96001777e+00 1.04596958e+00
1.16217900e+04 2.14961420e+00 1.20937153e+00 1.96010209e+00 1.04424198e+00
1.16222900e+04 2.14543990e+00 1.20692421e+00 1.96018641e+00 1.04212900e+00
1.16227900e+04 2.14060170e+00 1.20409541e+00 1.96027073e+00 1.03968662e+00
1.16232900e+04 2.13521660e+00 1.20095233e+00 1.96035505e+00 1.03697288e+00
1.16237900e+04 2.12940170e+00 1.19756228e+00 1.96043937e+00 1.03404588e+00
1.16242900e+04 2.12326440e+00 1.19398697e+00 1.96052369e+00 1.03095892e+00
1.16247900e+04 2.11692500e+00 1.19029553e+00 1.96060801e+00 1.02777169e+00
1.16252900e+04 2.11050010e+00 1.18655496e+00 1.96069233e+00 1.02454203e+00
1.16257900e+04 2.10411750e+00 1.18283869e+00 1.96077665e+00 1.02133336e+00
1.16262900e+04 2.09771160e+00 1.17910904e+00 1.96086097e+00 1.01811312e+00
1.16272900e+04 2.08553930e+00 1.17201721e+00 1.96102961e+00 1.01198995e+00
1.16282900e+04 2.07443150e+00 1.16553707e+00 1.96119824e+00 1.00639495e+00
1.16292900e+04 2.06460340e+00 1.15979228e+00 1.96136688e+00 1.00143489e+00
1.16302900e+04 2.05604130e+00 1.15477497e+00 1.96153552e+00 9.97102977e-01
1.16312900e+04 2.04854900e+00 1.15037240e+00 1.96170416e+00 9.93301865e-01
1.16322900e+04 2.04182700e+00 1.14641247e+00 1.96187280e+00 9.89882950e-01
1.16332900e+04 2.03555980e+00 1.14271388e+00 1.96204144e+00 9.86689691e-01
1.16342900e+04 2.02949420e+00 1.13913113e+00 1.96221008e+00 9.83596459e-01
1.16352900e+04 2.02348770e+00 1.13558234e+00 1.96237872e+00 9.80532547e-01
1.16362900e+04 2.01751980e+00 1.13205574e+00 1.96254736e+00 9.77487786e-01
1.16372900e+04 2.01166170e+00 1.12859223e+00 1.96271600e+00 9.74497503e-01
1.16382900e+04 2.00602360e+00 1.12525514e+00 1.96288464e+00 9.71616374e-01
1.16392900e+04 2.00070090e+00 1.12209928e+00 1.96305328e+00 9.68891737e-01
1.16402900e+04 1.99574270e+00 1.11915288e+00 1.96322192e+00 9.66347952e-01
1.16412900e+04 1.99115160e+00 1.11641742e+00 1.96339056e+00 9.63986310e-01
1.16422900e+04 1.98690840e+00 1.11388188e+00 1.96355920e+00 9.61797285e-01
1.16432900e+04 1.98300740e+00 1.11154298e+00 1.96372784e+00 9.59778048e-01
1.16442900e+04 1.97948750e+00 1.10942307e+00 1.96389647e+00 9.57947901e-01
1.16452900e+04 1.97644830e+00 1.10757938e+00 1.96406511e+00 9.56356262e-01
1.16462900e+04 1.97404910e+00 1.10610345e+00 1.96423375e+00 9.55082173e-01
1.16472900e+04 1.97248910e+00 1.10510975e+00 1.96440239e+00 9.54224472e-01
1.16482900e+04 1.97197690e+00 1.10471815e+00 1.96457103e+00 9.53886659e-01
1.16492900e+04 1.97269350e+00 1.10503266e+00 1.96473967e+00 9.54158543e-01
1.16502900e+04 1.97475990e+00 1.10612280e+00 1.96490831e+00 9.55100162e-01
1.16512900e+04 1.97821290e+00 1.10800971e+00 1.96507695e+00 9.56729776e-01
1.16522900e+04 1.98299240e+00 1.11065888e+00 1.96524559e+00 9.59017565e-01
1.16532900e+04 1.98893960e+00 1.11397904e+00 1.96541423e+00 9.61884737e-01
1.16542900e+04 1.99580710e+00 1.11782803e+00 1.96558287e+00 9.65208540e-01
1.16552900e+04 2.00328100e+00 1.12202547e+00 1.96575151e+00 9.68833225e-01
1.16562900e+04 2.01101320e+00 1.12637134e+00 1.96592015e+00 9.72586074e-01
1.16572900e+04 2.01865900e+00 1.13066757e+00 1.96608879e+00 9.76296056e-01
1.16582900e+04 2.02591150e+00 1.13473779e+00 1.96625743e+00 9.79810895e-01
1.16592900e+04 2.03252770e+00 1.13844237e+00 1.96642606e+00 9.83010021e-01
1.16602900e+04 2.03834010e+00 1.14168507e+00 1.96659470e+00 9.85810324e-01
1.16612900e+04 2.04325650e+00 1.14441290e+00 1.96676334e+00 9.88166056e-01
1.16622900e+04 2.04725110e+00 1.14661104e+00 1.96693198e+00 9.90064415e-01
1.16632900e+04 2.05035060e+00 1.14829483e+00 1.96710062e+00 9.91518649e-01
1.16642900e+04 2.05261960e+00 1.14950139e+00 1.96726926e+00 9.92560810e-01
1.16652900e+04 2.05414600e+00 1.15028122e+00 1.96743790e+00 9.93234512e-01
1.16662900e+04 2.05502790e+00 1.15069071e+00 1.96760654e+00 9.93588429e-01
1.16672900e+04 2.05536210e+00 1.15078548e+00 1.96777518e+00 9.93670591e-01
1.16682900e+04 2.05523640e+00 1.15061597e+00 1.96794382e+00 9.93524561e-01
1.16692900e+04 2.05472390e+00 1.15022420e+00 1.96811246e+00 9.93186611e-01
1.16702900e+04 2.05388310e+00 1.14964378e+00 1.96828110e+00 9.92685765e-01
1.16712900e+04 2.05276080e+00 1.14890159e+00 1.96844974e+00 9.92045246e-01
1.16722900e+04 2.05139730e+00 1.14802081e+00 1.96861838e+00 9.91285048e-01
1.16732900e+04 2.04983260e+00 1.14702441e+00 1.96878702e+00 9.90425019e-01
1.16742900e+04 2.04811180e+00 1.14593832e+00 1.96895566e+00 9.89487536e-01
1.16752900e+04 2.04628790e+00 1.14479297e+00 1.96912429e+00 9.88498896e-01
1.16762900e+04 2.04442370e+00 1.14362447e+00 1.96929293e+00 9.87490260e-01
1.16772900e+04 2.04259130e+00 1.14247425e+00 1.96946157e+00 9.86497402e-01
1.16782900e+04 2.04086990e+00 1.14138781e+00 1.96963021e+00 9.85559618e-01
1.16792900e+04 2.03934190e+00 1.14041250e+00 1.96979885e+00 9.84717795e-01
1.16802900e+04 2.03808650e+00 1.13959383e+00 1.96996749e+00 9.84011230e-01
1.16812900e+04 2.03717190e+00 1.13897100e+00 1.97013613e+00 9.83473761e-01
1.16822900e+04 2.03664580e+00 1.13857141e+00 1.97030477e+00 9.83129058e-01
1.16832900e+04 2.03652750e+00 1.13840616e+00 1.97047341e+00 9.82986696e-01
1.16842900e+04 2.03680080e+00 1.13846593e+00 1.97064205e+00 9.83038637e-01
1.16852900e+04 2.03741150e+00 1.13871958e+00 1.97081069e+00 9.83257989e-01
1.16862900e+04 2.03826760e+00 1.13911424e+00 1.97097933e+00 9.83599104e-01
1.16872900e+04 2.03924320e+00 1.13957758e+00 1.97114797e+00 9.83999512e-01
1.16882900e+04 2.04018460e+00 1.14002126e+00 1.97131661e+00 9.84382952e-01
1.16892900e+04 2.04091960e+00 1.14034633e+00 1.97148525e+00 9.84663980e-01
1.16902900e+04 2.04126780e+00 1.14044914e+00 1.97165389e+00 9.84753086e-01
1.16912900e+04 2.04105280e+00 1.14022832e+00 1.97182252e+00 9.84562743e-01
1.16922900e+04 2.04011560e+00 1.13959250e+00 1.97199116e+00 9.84014059e-01
1.16932900e+04 2.03832670e+00 1.13846727e+00 1.97215980e+00 9.83042778e-01
1.16942900e+04 2.03559760e+00 1.13680178e+00 1.97232844e+00 9.81604988e-01
1.16952900e+04 2.03188800e+00 1.13457286e+00 1.97249708e+00 9.79680691e-01
1.16962900e+04 2.02721020e+00 1.13178758e+00 1.97266572e+00 9.77275991e-01
1.16972900e+04 2.02162850e+00 1.12848290e+00 1.97283436e+00 9.74422791e-01
1.16982900e+04 2.01525410e+00 1.12472271e+00 1.97300300e+00 9.71176267e-01
1.16992900e+04 2.00823710e+00 1.12059326e+00 1.97317164e+00 9.67610894e-01
1.17002900e+04 2.00075630e+00 1.11619730e+00 1.97334028e+00 9.63815390e-01
1.17012900e+04 1.99300680e+00 1.11164693e+00 1.97350892e+00 9.59886560e-01
1.17022900e+04 1.98518970e+00 1.10705772e+00 1.97367756e+00 9.55924184e-01
1.17032900e+04 1.97750150e+00 1.10254258e+00 1.97384620e+00 9.52025764e-01
1.17042900e+04 1.97012690e+00 1.09820765e+00 1.97401484e+00 9.48282945e-01
1.17052900e+04 1.96323290e+00 1.09414888e+00 1.97418348e+00 9.44778587e-01
1.17062900e+04 1.95696520e+00 1.09045000e+00 1.97435211e+00 9.41584987e-01
1.17072900e+04 1.95144570e+00 1.08718106e+00 1.97452075e+00 9.38762628e-01
1.17082900e+04 1.94677090e+00 1.08439751e+00 1.97468939e+00 9.36359393e-01
1.17092900e+04 1.94301060e+00 1.08213945e+00 1.97485803e+00 9.34409916e-01
1.17102900e+04 1.94020710e+00 1.08043121e+00 1.97502667e+00 9.32935185e-01
1.17112900e+04 1.93837580e+00 1.07928161e+00 1.97519531e+00 9.31942843e-01
1.17122900e+04 1.93750580e+00 1.07868441e+00 1.97536395e+00 9.31427481e-01
1.17132900e+04 1.93756280e+00 1.07861989e+00 1.97553259e+00 9.31372081e-01
1.17142900e+04 1.93849200e+00 1.07905656e+00 1.97570123e+00 9.31749452e-01
1.17152900e+04 1.94022160e+00 1.07995316e+00 1.97586987e+00 9.32523970e-01
1.17162900e+04 1.94266660e+00 1.08126085e+00 1.97603851e+00 9.33653458e-01
1.17172900e+04 1.94573220e+00 1.08292516e+00 1.97620715e+00 9.35090879e-01
1.17182900e+04 1.94931580e+00 1.08488712e+00 1.97637579e+00 9.36785324e-01
1.17192900e+04 1.95330970e+00 1.08708486e+00 1.97654443e+00 9.38683355e-01
1.17202900e+04 1.95760220e+00 1.08945418e+00 1.97671307e+00 9.40729548e-01
1.17212900e+04 1.96207930e+00 1.09192958e+00 1.97688171e+00 9.42867338e-01
1.17222900e+04 1.96662680e+00 1.09444543e+00 1.97705034e+00 9.45040061e-01
1.17232900e+04 1.97113190e+00 1.09693691e+00 1.97721898e+00 9.47191747e-01
1.17242900e+04 1.97548580e+00 1.09934151e+00 1.97738762e+00 9.49268412e-01
1.17252900e+04 1.97958590e+00 1.10160028e+00 1.97755626e+00 9.51219146e-01
1.17262900e+04 1.98333750e+00 1.10365878e+00 1.97772490e+00 9.52996960e-01
1.17272900e+04 1.98665600e+00 1.10546841e+00 1.97789354e+00 9.54559878e-01
1.17282900e+04 1.98946840e+00 1.10698722e+00 1.97806218e+00 9.55871677e-01
1.17292900e+04 1.99171550e+00 1.10818119e+00 1.97823082e+00 9.56902982e-01
1.17302900e+04 1.99335380e+00 1.10902533e+00 1.97839946e+00 9.57632210e-01
1.17312900e+04 1.99435760e+00 1.10950487e+00 1.97856810e+00 9.58046608e-01
1.17322900e+04 1.99472110e+00 1.10961647e+00 1.97873674e+00 9.58143298e-01
1.17332900e+04 1.99446030e+00 1.10936933e+00 1.97890538e+00 9.57930219e-01
1.17342900e+04 1.99361370e+00 1.10878558e+00 1.97907402e+00 9.57426473e-01
1.17352900e+04 1.99224330e+00 1.10790083e+00 1.97924266e+00 9.56662823e-01
1.17362900e+04 1.99043290e+00 1.10676324e+00 1.97941130e+00 9.55680851e-01
1.17372900e+04 1.98828580e+00 1.10543218e+00 1.97957993e+00 9.54531812e-01
1.17382900e+04 1.98592070e+00 1.10397585e+00 1.97974857e+00 9.53274602e-01
1.17392900e+04 1.98346660e+00 1.10246838e+00 1.97991721e+00 9.51973232e-01
1.17402900e+04 1.98105580e+00 1.10098579e+00 1.98008585e+00 9.50693345e-01
1.17412900e+04 1.97881710e+00 1.09960209e+00 1.98025449e+00 9.49498852e-01
1.17422900e+04 1.97686810e+00 1.09838486e+00 1.98042313e+00 9.48448103e-01
1.17432900e+04 1.97530830e+00 1.09739128e+00 1.98059177e+00 9.47590471e-01
1.17442900e+04 1.97421280e+00 1.09666450e+00 1.98076041e+00 9.46963218e-01
1.17452900e+04 1.97362700e+00 1.09623060e+00 1.98092905e+00 9.46588872e-01
1.17462900e+04 1.97356380e+00 1.09609701e+00 1.98109769e+00 9.46473835e-01
1.17472900e+04 1.97400240e+00 1.09625177e+00 1.98126633e+00 9.46607785e-01
1.17482900e+04 1.97488950e+00 1.09666425e+00 1.98143497e+00 9.46964277e-01
1.17492900e+04 1.97614380e+00 1.09728773e+00 1.98160361e+00 9.47502969e-01
1.17502900e+04 1.97766170e+00 1.09806268e+00 1.98177225e+00 9.48172458e-01
1.17512900e+04 1.97932550e+00 1.09892147e+00 1.98194089e+00 9.48914341e-01
1.17522900e+04 1.98101040e+00 1.09979239e+00 1.98210953e+00 9.49666694e-01
1.17532900e+04 1.98259280e+00 1.10060441e+00 1.98227816e+00 9.50368188e-01
1.17542900e+04 1.98395630e+00 1.10129064e+00 1.98244680e+00 9.50961066e-01
1.17552900e+04 1.98499620e+00 1.10179092e+00 1.98261544e+00 9.51393378e-01
1.17562900e+04 1.98562380e+00 1.10205428e+00 1.98278408e+00 9.51621111e-01
1.17572900e+04 1.98576790e+00 1.10203981e+00 1.98295272e+00 9.51608935e-01
1.17582900e+04 1.98537720e+00 1.10171803e+00 1.98312136e+00 9.51331396e-01
1.17592900e+04 1.98442030e+00 1.10107089e+00 1.98329000e+00 9.50772914e-01
1.17602900e+04 1.98288590e+00 1.10009190e+00 1.98345864e+00 9.49927880e-01
1.17612900e+04 1.98078220e+00 1.09878578e+00 1.98362728e+00 9.48800364e-01
1.17622900e+04 1.97813480e+00 1.09716723e+00 1.98379592e+00 9.47403068e-01
1.17632900e+04 1.97498530e+00 1.09526016e+00 1.98396456e+00 9.45756633e-01
1.17642900e+04 1.97138820e+00 1.09309589e+00 1.98413320e+00 9.43888101e-01
1.17652900e+04 1.96740830e+00 1.09071164e+00 1.98430184e+00 9.41829626e-01
1.17662900e+04 1.96311810e+00 1.08814909e+00 1.98447048e+00 9.39617180e-01
1.17672900e+04 1.95859550e+00 1.08545300e+00 1.98463912e+00 9.37289418e-01
1.17682900e+04 1.95392110e+00 1.08266968e+00 1.98480775e+00 9.34886333e-01
1.17692900e+04 1.94917650e+00 1.07984602e+00 1.98497639e+00 9.32448413e-01
1.17702900e+04 1.94444180e+00 1.07702804e+00 1.98514503e+00 9.30015403e-01
1.17712900e+04 1.93979410e+00 1.07426007e+00 1.98531367e+00 9.27625561e-01
1.17722900e+04 1.93530580e+00 1.07158368e+00 1.98548231e+00 9.25314810e-01
1.17732900e+04 1.93104330e+00 1.06903705e+00 1.98565095e+00 9.23116099e-01
1.17742900e+04 1.92706600e+00 1.06665430e+00 1.98581959e+00 9.21058900e-01
1.17752900e+04 1.92342590e+00 1.06446532e+00 1.98598823e+00 9.19169017e-01
1.17762900e+04 1.92016720e+00 1.06249550e+00 1.98615687e+00 9.17468381e-01
1.17772900e+04 1.91732610e+00 1.06076564e+00 1.98632551e+00 9.15974954e-01
1.17782900e+04 1.91493070e+00 1.05929190e+00 1.98649415e+00 9.14702680e-01
1.17792900e+04 1.91300100e+00 1.05808576e+00 1.98666279e+00 9.13661484e-01
1.17802900e+04 1.91154800e+00 1.05715355e+00 1.98683143e+00 9.12856822e-01
1.17812900e+04 1.91057380e+00 1.05649647e+00 1.98700007e+00 9.12289739e-01
1.17822900e+04 1.91007110e+00 1.05611033e+00 1.98716871e+00 9.11956610e-01
1.17832900e+04 1.91002290e+00 1.05598536e+00 1.98733735e+00 9.11849003e-01
1.17842900e+04 1.91040340e+00 1.05610673e+00 1.98750598e+00 9.11954114e-01
1.17852900e+04 1.91117710e+00 1.05645404e+00 1.98767462e+00 9.12254330e-01
1.17862900e+04 1.91230060e+00 1.05700236e+00 1.98784326e+00 9.12728115e-01
1.17872900e+04 1.91372260e+00 1.05772221e+00 1.98801190e+00 9.13350015e-01
1.17882900e+04 1.91538570e+00 1.05858060e+00 1.98818054e+00 9.14091548e-01
1.17892900e+04 1.91722850e+00 1.05954225e+00 1.98834918e+00 9.14922248e-01
1.17902900e+04 1.91918750e+00 1.06057067e+00 1.98851782e+00 9.15810607e-01
1.17912900e+04 1.92120040e+00 1.06163007e+00 1.98868646e+00 9.16725711e-01
1.17922900e+04 1.92320840e+00 1.06268665e+00 1.98885510e+00 9.17638385e-01
1.17932900e+04 1.92515900e+00 1.06371024e+00 1.98902374e+00 9.18522578e-01
1.17942900e+04 1.92700800e+00 1.06467546e+00 1.98919238e+00 9.19356357e-01
1.17952900e+04 1.92872110e+00 1.06556258e+00 1.98936102e+00 9.20122704e-01
1.17962900e+04 1.93027540e+00 1.06635845e+00 1.98952966e+00 9.20810255e-01
1.17972900e+04 1.93166030e+00 1.06705698e+00 1.98969830e+00 9.21413751e-01
1.17982900e+04 1.93287770e+00 1.06765926e+00 1.98986694e+00 9.21934134e-01
1.17992900e+04 1.93394270e+00 1.06817396e+00 1.99003558e+00 9.22378897e-01
1.18002900e+04 1.93488180e+00 1.06861632e+00 1.99020421e+00 9.22761189e-01
1.18012900e+04 1.93573210e+00 1.06900765e+00 1.99037285e+00 9.23099418e-01
1.18022900e+04 1.93653780e+00 1.06937335e+00 1.99054149e+00 9.23415518e-01
1.18032900e+04 1.93734760e+00 1.06974141e+00 1.99071013e+00 9.23733652e-01
1.18042900e+04 1.93820940e+00 1.07013935e+00 1.99087877e+00 9.24077588e-01
1.18052900e+04 1.93916700e+00 1.07059234e+00 1.99104741e+00 9.24469061e-01
1.18062900e+04 1.94025470e+00 1.07112009e+00 1.99121605e+00 9.24925089e-01
1.18072900e+04 1.94149420e+00 1.07173507e+00 1.99138469e+00 9.25456441e-01
1.18082900e+04 1.94289080e+00 1.07244032e+00 1.99155333e+00 9.26065746e-01
1.18092900e+04 1.94443140e+00 1.07322832e+00 1.99172197e+00 9.26746505e-01
1.18102900e+04 1.94608360e+00 1.07408044e+00 1.99189061e+00 9.27482639e-01
1.18112900e+04 1.94779650e+00 1.07496745e+00 1.99205925e+00 9.28248894e-01
1.18122900e+04 1.94950460e+00 1.07585170e+00 1.99222789e+00 9.29012767e-01
1.18132900e+04 1.95113640e+00 1.07669210e+00 1.99239653e+00 9.29738781e-01
