# # source: .\new_experimental\norm_Pt_PVP_330mV.txt
# # site: Pt_PVP_330mV
# # columns: Energy(eV) Abs_raw Preedge_normalized PredictedPost_raw Final_normalized
# 
1.15154960e+04 1.04491962e-02 1.76258727e-02 1.15863035e+00 1.33820179e-02
1.15160020e+04 1.01638781e-02 1.71802881e-02 1.15753967e+00 1.30571953e-02
1.15165060e+04 8.50699891e-03 1.51914170e-02 1.15645331e+00 1.15575268e-02
1.15170010e+04 9.05610002e-03 1.56877290e-02 1.15538635e+00 1.19472055e-02
1.15175000e+04 6.86428767e-03 1.30979866e-02 1.15431077e+00 9.98514621e-03
1.15180000e+04 6.74186121e-03 1.28372224e-02 1.15323303e+00 9.79638692e-03
1.15184980e+04 5.64500291e-03 1.14801657e-02 1.15215960e+00 8.76973905e-03
1.15190030e+04 5.56073432e-03 1.12611209e-02 1.15107108e+00 8.61133505e-03
1.15194990e+04 4.68254200e-03 1.01506783e-02 1.15000196e+00 7.77010185e-03
1.15200020e+04 3.50067927e-03 8.69671408e-03 1.14891776e+00 6.66402057e-03
1.15205000e+04 3.45654821e-03 8.52456813e-03 1.14784433e+00 6.53881431e-03
1.15210020e+04 2.90678914e-03 7.78232230e-03 1.14676228e+00 5.97565276e-03
1.15214980e+04 1.70476857e-03 6.30739067e-03 1.14569316e+00 4.84808782e-03
1.15220000e+04 1.40966073e-03 5.85177082e-03 1.14461111e+00 4.50254959e-03
1.15224960e+04 6.87450312e-04 4.91689573e-03 1.14354199e+00 3.78710824e-03
1.15229980e+04 -9.34960821e-05 3.91443400e-03 1.14245994e+00 3.01812397e-03
1.15235000e+04 -5.58685378e-04 3.26737678e-03 1.14137789e+00 2.52184951e-03
1.15240020e+04 -3.18900136e-04 3.41381279e-03 1.14029584e+00 2.63761844e-03
1.15245040e+04 -5.41161913e-04 3.04018579e-03 1.13921379e+00 2.35139280e-03
1.15249990e+04 -2.24093122e-03 1.00525252e-03 1.13814683e+00 7.78300255e-04
1.15255020e+04 -2.54810175e-03 5.35809443e-04 1.13706262e+00 4.15276160e-04
1.15260030e+04 -2.38801924e-03 5.92780937e-04 1.13598273e+00 4.59911391e-04
1.15264990e+04 -2.18969070e-03 6.94030415e-04 1.13491361e+00 5.39023481e-04
1.15270000e+04 -4.05944594e-03 -1.53370831e-03 1.13383371e+00 -1.19241161e-03
1.15275020e+04 -3.32362885e-03 -8.28957209e-04 1.13275166e+00 -6.45165547e-04
1.15280010e+04 -4.81784943e-03 -2.63351616e-03 1.13167608e+00 -2.05176880e-03
1.15284990e+04 -5.28393239e-03 -3.28059553e-03 1.13060265e+00 -2.55857450e-03
1.15290000e+04 -4.41281234e-03 -2.42330651e-03 1.12952276e+00 -1.89195096e-03
1.15295000e+04 -4.74804319e-03 -2.92359546e-03 1.12844502e+00 -2.28493854e-03
1.15300010e+04 -6.27298443e-03 -4.76322430e-03 1.12736512e+00 -3.72662236e-03
1.15304950e+04 -6.37110514e-03 -4.99515526e-03 1.12630032e+00 -3.91214135e-03
1.15310010e+04 -6.99645668e-03 -5.82346891e-03 1.12520964e+00 -4.56572708e-03
1.15315000e+04 -6.45338175e-03 -5.33492346e-03 1.12413406e+00 -4.18709778e-03
1.15319990e+04 -6.66335855e-03 -5.69398516e-03 1.12305848e+00 -4.47361334e-03
1.15324980e+04 -6.57538767e-03 -5.71768798e-03 1.12198289e+00 -4.49697270e-03
1.15330000e+04 -6.49065940e-03 -5.74577835e-03 1.12090084e+00 -4.52386454e-03
1.15335020e+04 -7.28141540e-03 -6.75928140e-03 1.11981879e+00 -5.32749027e-03
1.15340010e+04 -7.01793869e-03 -6.58544135e-03 1.11874321e+00 -5.19596441e-03
1.15345020e+04 -7.21323642e-03 -6.92847270e-03 1.11766331e+00 -5.47243061e-03
1.15350010e+04 -6.45215788e-03 -6.19455044e-03 1.11658773e+00 -4.89793103e-03
1.15354980e+04 -6.95362155e-03 -6.88120711e-03 1.11551645e+00 -5.44660976e-03
1.15360000e+04 -6.37689277e-03 -6.35551992e-03 1.11443440e+00 -5.03589402e-03
1.15365030e+04 -6.01372484e-03 -6.07045485e-03 1.11335020e+00 -4.81517437e-03
1.15369990e+04 -4.53209400e-03 -4.52476782e-03 1.11228108e+00 -3.59291040e-03
1.15375000e+04 -5.36678166e-03 -5.58747280e-03 1.11120119e+00 -4.44150274e-03
1.15379990e+04 -4.86829779e-03 -5.14911739e-03 1.11012560e+00 -4.09741895e-03
1.15384990e+04 -4.70709301e-03 -5.09063677e-03 1.10904786e+00 -4.05521773e-03
1.15390020e+04 -3.58874587e-03 -3.95556994e-03 1.10796366e+00 -3.15441561e-03
1.15395030e+04 -2.60971128e-03 -2.97681629e-03 1.10688376e+00 -2.37644791e-03
1.15400020e+04 -1.83741135e-03 -2.23026367e-03 1.10580818e+00 -1.78236863e-03
1.15405050e+04 -1.07477692e-03 -1.49557390e-03 1.10472397e+00 -1.19651593e-03
1.15410010e+04 2.98504255e-04 -7.18412348e-05 1.10365485e+00 -5.75370581e-05
1.15414990e+04 1.08284935e-03 6.88514913e-04 1.10258142e+00 5.52017487e-04
1.15420010e+04 2.93399637e-03 2.64864009e-03 1.10149937e+00 2.12584844e-03
1.15424970e+04 5.18222125e-03 5.05717699e-03 1.10043026e+00 4.06333149e-03
1.15429970e+04 5.03471153e-03 4.76818001e-03 1.09935252e+00 3.83526824e-03
1.15434990e+04 7.01415732e-03 6.87271353e-03 1.09827047e+00 5.53404558e-03
1.15440050e+04 8.71493267e-03 8.66260220e-03 1.09717979e+00 6.98294343e-03
1.15445010e+04 1.20904673e-02 1.23399972e-02 1.09611068e+00 9.95799677e-03
1.15450000e+04 1.33918067e-02 1.36820171e-02 1.09503509e+00 1.10529231e-02
1.15455020e+04 1.49316086e-02 1.52917037e-02 1.09395304e+00 1.23667714e-02
1.15460020e+04 1.76793749e-02 1.82615222e-02 1.09287530e+00 1.47845972e-02
1.15465010e+04 2.07602492e-02 2.16065206e-02 1.09179972e+00 1.75117276e-02
1.15470010e+04 2.41729937e-02 2.53248140e-02 1.09072198e+00 2.05477141e-02
1.15475000e+04 2.85496411e-02 3.01282868e-02 1.08964640e+00 2.44717117e-02
1.15480020e+04 3.49525597e-02 3.72117176e-02 1.08856434e+00 3.02583783e-02
1.15485000e+04 3.86686475e-02 4.12719347e-02 1.08749092e+00 3.35964590e-02
1.15490030e+04 4.24475983e-02 4.54016785e-02 1.08640671e+00 3.69988821e-02
1.15495020e+04 4.81036605e-02 5.16452132e-02 1.08533113e+00 4.21329145e-02
1.15500000e+04 5.45093271e-02 5.87327207e-02 1.08425770e+00 4.79673634e-02
1.15505030e+04 5.87207540e-02 6.33492436e-02 1.08317349e+00 5.17948705e-02
1.15510000e+04 6.64783543e-02 7.19586836e-02 1.08210222e+00 5.88983213e-02
1.15514990e+04 7.37637305e-02 8.00361138e-02 1.08102663e+00 6.55816773e-02
1.15520020e+04 8.14458282e-02 8.85590951e-02 1.07994243e+00 7.26458601e-02
1.15525020e+04 9.11185938e-02 9.93234365e-02 1.07886469e+00 8.15658317e-02
1.15530020e+04 1.01934334e-01 1.11374268e-01 1.07778695e+00 9.15631560e-02
1.15535010e+04 1.13470356e-01 1.24236067e-01 1.07671137e+00 1.02249812e-01
1.15540000e+04 1.26470626e-01 1.38745970e-01 1.07563578e+00 1.14318010e-01
1.15545040e+04 1.39999212e-01 1.53849297e-01 1.07454942e+00 1.26903791e-01
1.15549980e+04 1.60582462e-01 1.76895551e-01 1.07348461e+00 1.46073589e-01
1.15555010e+04 1.77743972e-01 1.96088208e-01 1.07240041e+00 1.62103046e-01
1.15560020e+04 2.00649614e-01 2.21746740e-01 1.07132051e+00 1.83518758e-01
1.15565000e+04 2.23468391e-01 2.47308236e-01 1.07024708e+00 2.04900472e-01
1.15570000e+04 2.51307011e-01 2.78519391e-01 1.06916934e+00 2.31016736e-01
1.15575010e+04 2.84305475e-01 3.15538029e-01 1.06808945e+00 2.62014214e-01
1.15580020e+04 3.20996224e-01 3.56712566e-01 1.06700955e+00 2.96535868e-01
1.15584980e+04 3.65185614e-01 4.06328526e-01 1.06594044e+00 3.38156316e-01
1.15589980e+04 4.18069034e-01 4.65729180e-01 1.06486270e+00 3.88024753e-01
1.15594990e+04 4.78771933e-01 5.33930905e-01 1.06378280e+00 4.45346812e-01
1.15600010e+04 5.49254282e-01 6.13139770e-01 1.06270075e+00 5.11990149e-01
1.15605020e+04 6.36604449e-01 7.11334672e-01 1.06162086e+00 5.94654214e-01
1.15609970e+04 7.30630917e-01 8.17045648e-01 1.06055390e+00 6.83785583e-01
1.15615000e+04 8.41109760e-01 9.41272840e-01 1.05946969e+00 7.88643268e-01
1.15619980e+04 9.53341060e-01 1.06747376e+00 1.05839626e+00 8.95384146e-01
1.15624980e+04 1.06609860e+00 1.19426651e+00 1.05731852e+00 1.00286638e+00
1.15629970e+04 1.16780996e+00 1.30862633e+00 1.05624294e+00 1.10013673e+00
1.15634980e+04 1.25085094e+00 1.40197097e+00 1.05516304e+00 1.17994495e+00
1.15640020e+04 1.30428087e+00 1.46198577e+00 1.05407668e+00 1.23185925e+00
1.15645000e+04 1.33447088e+00 1.49584405e+00 1.05300325e+00 1.26181051e+00
1.15649970e+04 1.33695471e+00 1.49851754e+00 1.05193198e+00 1.26549110e+00
1.15655010e+04 1.32096408e+00 1.48039512e+00 1.05084562e+00 1.25161804e+00
1.15660010e+04 1.29902931e+00 1.45558320e+00 1.04976788e+00 1.23203977e+00
1.15664980e+04 1.26930051e+00 1.42199933e+00 1.04869661e+00 1.20497546e+00
1.15670030e+04 1.24107241e+00 1.39010264e+00 1.04760809e+00 1.17930263e+00
1.15675000e+04 1.20952853e+00 1.35447578e+00 1.04653682e+00 1.15038149e+00
1.15680020e+04 1.18283996e+00 1.32431266e+00 1.04545476e+00 1.12605326e+00
1.15684960e+04 1.15834715e+00 1.29662297e+00 1.04438996e+00 1.10375452e+00
1.15690000e+04 1.13644189e+00 1.27184327e+00 1.04330360e+00 1.08391010e+00
1.15695000e+04 1.11843000e+00 1.25144678e+00 1.04222586e+00 1.06774988e+00
1.15700010e+04 1.10417493e+00 1.23527860e+00 1.04114596e+00 1.05516678e+00
1.15705010e+04 1.08886196e+00 1.21791992e+00 1.04006822e+00 1.04153423e+00
1.15709970e+04 1.08035025e+00 1.20821747e+00 1.03899911e+00 1.03441575e+00
1.15715000e+04 1.07043071e+00 1.19692870e+00 1.03791490e+00 1.02593786e+00
1.15720040e+04 1.05775511e+00 1.18253756e+00 1.03682854e+00 1.01478040e+00
1.15724990e+04 1.05064573e+00 1.17441377e+00 1.03576158e+00 1.00896053e+00
1.15729990e+04 1.04335703e+00 1.16608691e+00 1.03468384e+00 1.00296427e+00
1.15735030e+04 1.03860489e+00 1.16061414e+00 1.03359747e+00 9.99421050e-01
1.15739970e+04 1.02934321e+00 1.15006804e+00 1.03253267e+00 9.91472792e-01
1.15744990e+04 1.03122055e+00 1.15205765e+00 1.03145062e+00 9.94344172e-01
1.15749990e+04 1.03134897e+00 1.15207923e+00 1.03037288e+00 9.95517022e-01
1.15755000e+04 1.03145498e+00 1.15207534e+00 1.02929298e+00 9.96672890e-01
1.15760010e+04 1.03599768e+00 1.15706522e+00 1.02821309e+00 1.00215665e+00
1.15765020e+04 1.03503642e+00 1.15586006e+00 1.02713319e+00 1.00228130e+00
1.15769980e+04 1.03995574e+00 1.16127508e+00 1.02606408e+00 1.00814176e+00
1.15775070e+04 1.04498215e+00 1.16680744e+00 1.02496694e+00 1.01414857e+00
1.15780010e+04 1.04409965e+00 1.16569264e+00 1.02390213e+00 1.01434974e+00
1.15785000e+04 1.04443165e+00 1.16594361e+00 1.02282655e+00 1.01575308e+00
1.15789960e+04 1.04565775e+00 1.16720168e+00 1.02175743e+00 1.01803095e+00
1.15795000e+04 1.04266627e+00 1.16371062e+00 1.02067107e+00 1.01618619e+00
1.15800020e+04 1.04274748e+00 1.16367858e+00 1.01958902e+00 1.01735638e+00
1.15804990e+04 1.03088266e+00 1.15020175e+00 1.01851774e+00 1.00674939e+00
1.15810010e+04 1.02847790e+00 1.14737159e+00 1.01743569e+00 1.00545913e+00
1.15815010e+04 1.02174404e+00 1.13966923e+00 1.01635795e+00 9.99886486e-01
1.15819970e+04 1.00954000e+00 1.12581084e+00 1.01528884e+00 9.88883995e-01
1.15825060e+04 1.00487919e+00 1.12043963e+00 1.01419170e+00 9.85349643e-01
1.15830020e+04 9.95231296e-01 1.10945833e+00 1.01312258e+00 9.76837112e-01
1.15834970e+04 9.93714754e-01 1.10762963e+00 1.01205562e+00 9.76370264e-01
1.15840010e+04 9.86917484e-01 1.09985492e+00 1.01096926e+00 9.70675505e-01
1.15845000e+04 9.86502925e-01 1.09926559e+00 1.00989367e+00 9.71304620e-01
1.15849970e+04 9.81763132e-01 1.09380843e+00 1.00882240e+00 9.67624338e-01
1.15855010e+04 9.81222448e-01 1.09307590e+00 1.00773604e+00 9.68136015e-01
1.15860050e+04 9.82545865e-01 1.09444154e+00 1.00664968e+00 9.70509494e-01
1.15864980e+04 9.84377010e-01 1.09638137e+00 1.00558703e+00 9.73372918e-01
1.15870000e+04 9.84251759e-01 1.09611693e+00 1.00450497e+00 9.74304767e-01
1.15875020e+04 9.85495716e-01 1.09739363e+00 1.00342292e+00 9.76610360e-01
1.15880010e+04 9.89257059e-01 1.10150454e+00 1.00234734e+00 9.81439746e-01
1.15884990e+04 9.91579520e-01 1.10399614e+00 1.00127391e+00 9.84833798e-01
1.15889980e+04 9.97838129e-01 1.11091788e+00 1.00019833e+00 9.92195024e-01
1.15895000e+04 1.00040064e+00 1.11367869e+00 9.99116277e-01 9.95860367e-01
1.15899970e+04 1.00494454e+00 1.11867091e+00 9.98045004e-01 1.00152027e+00
1.15905030e+04 1.01235231e+00 1.12688438e+00 9.96954332e-01 1.01010298e+00
1.15910020e+04 1.01854680e+00 1.13373395e+00 9.95878748e-01 1.01746541e+00
1.15915010e+04 1.02303245e+00 1.13866011e+00 9.94803164e-01 1.02311734e+00
1.15920000e+04 1.02877669e+00 1.14500289e+00 9.93727580e-01 1.03005732e+00
1.15924970e+04 1.03062000e+00 1.14695543e+00 9.92656307e-01 1.03305477e+00
1.15930020e+04 1.02852272e+00 1.14447061e+00 9.91567790e-01 1.03207792e+00
1.15935010e+04 1.02776283e+00 1.14349258e+00 9.90492206e-01 1.03244416e+00
1.15939980e+04 1.02711882e+00 1.14264549e+00 9.89420933e-01 1.03292462e+00
1.15944970e+04 1.02211470e+00 1.13689031e+00 9.88345349e-01 1.02896909e+00
1.15950020e+04 1.01947660e+00 1.13379677e+00 9.87256832e-01 1.02743085e+00
1.15955000e+04 1.01327223e+00 1.12669089e+00 9.86183403e-01 1.02223100e+00
1.15960010e+04 1.01260935e+00 1.12582156e+00 9.85103508e-01 1.02269119e+00
1.15965000e+04 1.00355089e+00 1.11550297e+00 9.84027924e-01 1.01455339e+00
1.15970010e+04 9.99026589e-01 1.11028738e+00 9.82948029e-01 1.01104752e+00
1.15974990e+04 9.95808501e-01 1.10654274e+00 9.81874601e-01 1.00886675e+00
1.15980020e+04 9.91847302e-01 1.10196046e+00 9.80790395e-01 1.00592836e+00
1.15985020e+04 9.86516892e-01 1.09583778e+00 9.79712655e-01 1.00156743e+00
1.15989980e+04 9.80934157e-01 1.08943208e+00 9.78643538e-01 9.96926987e-01
1.15995010e+04 9.77458431e-01 1.08539623e+00 9.77559332e-01 9.94463618e-01
1.16000000e+04 9.75742778e-01 1.08334244e+00 9.76483748e-01 9.93802597e-01
1.16004980e+04 9.72342608e-01 1.07939286e+00 9.75410319e-01 9.91396266e-01
1.16010000e+04 9.69702099e-01 1.07629734e+00 9.74328269e-01 9.89779195e-01
1.16015050e+04 9.67466420e-01 1.07365675e+00 9.73239752e-01 9.88584321e-01
1.16019960e+04 9.64225703e-01 1.06988837e+00 9.72181412e-01 9.86312527e-01
1.16024990e+04 9.62964444e-01 1.06834503e+00 9.71097206e-01 9.86118283e-01
1.16030030e+04 9.60174509e-01 1.06508084e+00 9.70010844e-01 9.84335598e-01
1.16034980e+04 9.58836874e-01 1.06345351e+00 9.68943882e-01 9.84041097e-01
1.16039990e+04 9.53763440e-01 1.05761983e+00 9.67863987e-01 9.79863461e-01
1.16044980e+04 9.51868790e-01 1.05536456e+00 9.66788403e-01 9.78989981e-01
1.16049980e+04 9.49431676e-01 1.05249847e+00 9.65710664e-01 9.77549440e-01
1.16054980e+04 9.50165792e-01 1.05320180e+00 9.64632924e-01 9.79424681e-01
1.16060040e+04 9.46825732e-01 1.04931791e+00 9.63542252e-01 9.77048060e-01
1.16065000e+04 9.45694236e-01 1.04792236e+00 9.62473134e-01 9.76960839e-01
1.16070020e+04 9.44113154e-01 1.04601929e+00 9.61391084e-01 9.76414357e-01
1.16074980e+04 9.41496883e-01 1.04295253e+00 9.60321966e-01 9.74764184e-01
1.16080010e+04 9.44818835e-01 1.04656790e+00 9.59237760e-01 9.79380162e-01
