# # source: .\new_experimental\norm_Pt_foil_6.txt
# # site: Pt_foil_6
# # columns: Energy(eV) Abs_raw Preedge_normalized PredictedPost_raw Final_normalized
# 
1.15155040e+04 2.11457493e-03 -4.15304918e-04 1.11566561e+00 -2.12987244e-04
1.15159980e+04 1.69773434e-04 -3.65279419e-03 1.11488787e+00 -1.87450400e-03
1.15165030e+04 -9.31641671e-04 -5.42799832e-03 1.11409282e+00 -2.78728780e-03
1.15169990e+04 -2.17137444e-03 -7.44488415e-03 1.11331193e+00 -3.82539394e-03
1.15175040e+04 -2.34712296e-03 -7.61826919e-03 1.11251687e+00 -3.91702044e-03
1.15180000e+04 -1.39208665e-03 -5.83721846e-03 1.11173599e+00 -3.00318398e-03
1.15184980e+04 -2.19655415e-03 -7.10038203e-03 1.11095195e+00 -3.65540469e-03
1.15190010e+04 -1.12546986e-03 -5.11670393e-03 1.11016004e+00 -2.63587472e-03
1.15195010e+04 -8.73060218e-04 -4.55047744e-03 1.10937286e+00 -2.34569032e-03
1.15200000e+04 -2.68737098e-04 -3.37554142e-03 1.10858725e+00 -1.74114927e-03
1.15205000e+04 -5.63382090e-04 -3.75596523e-03 1.10780006e+00 -1.93862461e-03
1.15209970e+04 7.70359571e-04 -1.31932520e-03 1.10701760e+00 -6.81399967e-04
1.15214980e+04 1.55703490e-05 -2.49574637e-03 1.10622884e+00 -1.28982625e-03
1.15219980e+04 1.67657201e-03 5.07977166e-04 1.10544166e+00 2.62696984e-04
1.15225000e+04 1.53999692e-03 4.01603071e-04 1.10465132e+00 2.07820965e-04
1.15229980e+04 2.36241431e-03 1.95368128e-03 1.10386729e+00 1.01163866e-03
1.15234980e+04 2.76930805e-03 2.78723466e-03 1.10308010e+00 1.44419526e-03
1.15240020e+04 3.88474829e-03 4.84792738e-03 1.10228662e+00 2.51357352e-03
1.15245000e+04 4.69746230e-03 6.38321438e-03 1.10150259e+00 3.31172932e-03
1.15250000e+04 3.12588977e-03 3.79313223e-03 1.10071540e+00 1.96922168e-03
1.15255060e+04 3.25366148e-03 4.14523243e-03 1.09991877e+00 2.15342770e-03
1.15259990e+04 2.61723711e-03 3.17156452e-03 1.09914261e+00 1.64866570e-03
1.15265030e+04 3.29236136e-03 4.47031275e-03 1.09834912e+00 2.32531067e-03
1.15270000e+04 2.48287913e-03 3.19821255e-03 1.09756666e+00 1.66467962e-03
1.15275020e+04 2.11888427e-03 2.69830009e-03 1.09677633e+00 1.40538997e-03
1.15279970e+04 8.75971266e-04 6.75652135e-04 1.09599702e+00 3.52135047e-04
1.15284990e+04 2.34760723e-03 3.35220570e-03 1.09520668e+00 1.74823733e-03
1.15290020e+04 3.07339851e-04 -4.81524340e-05 1.09441477e+00 -2.51288351e-05
1.15295000e+04 7.86902685e-04 9.10633352e-04 1.09363074e+00 4.75531625e-04
1.15299990e+04 -2.55361243e-04 -7.63765995e-04 1.09284513e+00 -3.99097180e-04
1.15305000e+04 1.20730992e-04 1.67458342e-05 1.09205637e+00 8.75606411e-06
1.15310010e+04 -1.42248347e-03 -2.52400523e-03 1.09126761e+00 -1.32061549e-03
1.15315010e+04 -8.65452586e-04 -1.43064713e-03 1.09048043e+00 -7.49035285e-04
1.15320000e+04 -1.40348281e-03 -2.23249563e-03 1.08969481e+00 -1.16961679e-03
1.15324960e+04 -1.06428683e-03 -1.51712535e-03 1.08891393e+00 -7.95346086e-04
1.15330000e+04 -1.72231314e-03 -2.52532653e-03 1.08812045e+00 -1.32476445e-03
1.15335010e+04 -8.48285817e-04 -8.83163293e-04 1.08733169e+00 -4.63603871e-04
1.15339990e+04 -1.51896889e-03 -1.91481971e-03 1.08654765e+00 -1.00581320e-03
1.15344980e+04 -1.27952617e-03 -1.37129072e-03 1.08576204e+00 -7.20780677e-04
1.15350030e+04 -2.68028726e-03 -3.66449788e-03 1.08496698e+00 -1.92741766e-03
1.15355010e+04 -3.68266079e-03 -5.27012781e-03 1.08418295e+00 -2.77374458e-03
1.15360050e+04 -4.31901652e-03 -6.24082916e-03 1.08338947e+00 -3.28681442e-03
1.15364940e+04 -3.76829336e-03 -5.16123404e-03 1.08261960e+00 -2.71997953e-03
1.15369990e+04 -5.05037299e-03 -7.24906896e-03 1.08182454e+00 -3.82281103e-03
1.15375000e+04 -4.01947432e-03 -5.33544781e-03 1.08103578e+00 -2.81551533e-03
1.15379990e+04 -4.06826722e-03 -5.29069593e-03 1.08025017e+00 -2.79373551e-03
1.15384950e+04 -4.13821825e-03 -5.28333379e-03 1.07946929e+00 -2.79167251e-03
1.15389970e+04 -3.33299649e-03 -3.75997620e-03 1.07867895e+00 -1.98805812e-03
1.15394970e+04 -2.74997105e-03 -2.62163585e-03 1.07789177e+00 -1.38708460e-03
1.15399980e+04 -2.59910088e-03 -2.23085938e-03 1.07710301e+00 -1.18110945e-03
1.15405030e+04 -1.66894804e-03 -4.90538218e-04 1.07630795e+00 -2.59884664e-04
1.15410050e+04 -2.70513396e-03 -2.15364321e-03 1.07551762e+00 -1.14174701e-03
1.15414990e+04 -1.44506095e-03 1.54740293e-04 1.07473988e+00 8.20887146e-05
1.15419980e+04 -1.30323077e-03 5.29355744e-04 1.07395427e+00 2.81005388e-04
1.15424990e+04 -5.97089037e-04 1.88100148e-03 1.07316551e+00 9.99181707e-04
1.15430010e+04 3.08262434e-04 3.57762846e-03 1.07237518e+00 1.90168972e-03
1.15435010e+04 4.68503249e-04 3.98436147e-03 1.07158799e+00 2.11929435e-03
1.15440010e+04 1.79913957e-03 6.41640454e-03 1.07080081e+00 3.41517217e-03
1.15445010e+04 3.15527197e-03 8.89256727e-03 1.07001362e+00 4.73627088e-03
1.15450010e+04 4.96841844e-03 1.21595697e-02 1.06922644e+00 6.48061586e-03
1.15455030e+04 5.63654205e-03 1.34456859e-02 1.06843610e+00 7.17085734e-03
1.15459970e+04 6.43077455e-03 1.49479560e-02 1.06765837e+00 7.97729309e-03
1.15465010e+04 7.63326113e-03 1.71592780e-02 1.06686488e+00 9.16356233e-03
1.15469990e+04 9.92459153e-03 2.12532357e-02 1.06608085e+00 1.13573941e-02
1.15475000e+04 1.15011922e-02 2.41111665e-02 1.06529209e+00 1.28932411e-02
1.15479990e+04 1.21810676e-02 2.54168419e-02 1.06450648e+00 1.36004959e-02
1.15485020e+04 1.43561378e-02 2.93109115e-02 1.06371457e+00 1.56947453e-02
1.15490010e+04 1.78578421e-02 3.54996188e-02 1.06292896e+00 1.90212170e-02
1.15494960e+04 2.10362392e-02 4.11278237e-02 1.06214965e+00 2.20514866e-02
1.15500020e+04 2.42653411e-02 4.68466185e-02 1.06135302e+00 2.51347466e-02
1.15504990e+04 2.82547302e-02 5.38787216e-02 1.06057056e+00 2.89269488e-02
1.15510020e+04 3.29286224e-02 6.20968761e-02 1.05977865e+00 3.33616764e-02
1.15515010e+04 3.71735215e-02 6.95716442e-02 1.05899304e+00 3.74025329e-02
1.15520020e+04 4.17681514e-02 7.76521215e-02 1.05820428e+00 4.17747700e-02
1.15525020e+04 4.82913063e-02 8.90695547e-02 1.05741709e+00 4.79492294e-02
1.15530020e+04 5.48803601e-02 1.00601022e-01 1.05662991e+00 5.41934188e-02
1.15535010e+04 6.26078237e-02 1.14102192e-01 1.05584430e+00 6.15077099e-02
1.15540010e+04 7.12274026e-02 1.29147380e-01 1.05505711e+00 6.96647958e-02
1.15544970e+04 8.07648796e-02 1.45779909e-01 1.05427623e+00 7.86892664e-02
1.15550000e+04 9.20089948e-02 1.65367501e-01 1.05348432e+00 8.93228004e-02
1.15555030e+04 1.04965993e-01 1.87919150e-01 1.05269241e+00 1.01572876e-01
1.15560040e+04 1.19306070e-01 2.12863630e-01 1.05190365e+00 1.15133511e-01
1.15565010e+04 1.37229150e-01 2.44007279e-01 1.05112119e+00 1.32067053e-01
1.15570000e+04 1.57780794e-01 2.79700042e-01 1.05033558e+00 1.51487581e-01
1.15574960e+04 1.82499154e-01 3.22602318e-01 1.04955469e+00 1.74840973e-01
1.15580000e+04 2.10624666e-01 3.71402570e-01 1.04876121e+00 2.01426572e-01
1.15584980e+04 2.46693715e-01 4.33947157e-01 1.04797717e+00 2.35505744e-01
1.15590000e+04 2.88191480e-01 5.05886897e-01 1.04718684e+00 2.74734651e-01
1.15594990e+04 3.40776927e-01 5.97012531e-01 1.04640123e+00 3.24442128e-01
1.15600030e+04 4.02610254e-01 7.04142447e-01 1.04560775e+00 3.82922822e-01
1.15605070e+04 4.82337507e-01 8.42236894e-01 1.04481427e+00 4.58334050e-01
1.15610000e+04 5.77884606e-01 1.00770394e+00 1.04403810e+00 5.48746372e-01
1.15614950e+04 6.94908195e-01 1.21033547e+00 1.04325879e+00 6.59533243e-01
1.15620050e+04 8.28036952e-01 1.44084006e+00 1.04245586e+00 7.85684144e-01
1.15624990e+04 9.77931224e-01 1.70035239e+00 1.04167812e+00 9.27818825e-01
1.15629950e+04 1.12475301e+00 1.95454846e+00 1.04089724e+00 1.06724492e+00
1.15634980e+04 1.25299438e+00 2.17659386e+00 1.04010533e+00 1.18930381e+00
1.15639970e+04 1.34574449e+00 2.33722241e+00 1.03931972e+00 1.27794169e+00
1.15644990e+04 1.38602595e+00 2.40705739e+00 1.03852938e+00 1.31702800e+00
1.15650060e+04 1.39607862e+00 2.42458428e+00 1.03773118e+00 1.32753687e+00
1.15655040e+04 1.37251521e+00 2.38393793e+00 1.03694714e+00 1.30617044e+00
1.15659990e+04 1.34043544e+00 2.32855366e+00 1.03616783e+00 1.27668919e+00
1.15664980e+04 1.29612993e+00 2.25201442e+00 1.03538222e+00 1.23556813e+00
1.15670000e+04 1.25127745e+00 2.17452942e+00 1.03459189e+00 1.19387651e+00
1.15674970e+04 1.21387141e+00 2.10992884e+00 1.03380942e+00 1.15919832e+00
1.15680010e+04 1.17483627e+00 2.04251100e+00 1.03301594e+00 1.12293477e+00
1.15685030e+04 1.14642153e+00 1.99347068e+00 1.03222561e+00 1.09672863e+00
1.15689980e+04 1.11860435e+00 1.94546262e+00 1.03144630e+00 1.07104434e+00
1.15694970e+04 1.10074790e+00 1.91469213e+00 1.03066069e+00 1.05482723e+00
1.15699980e+04 1.07805058e+00 1.87554527e+00 1.02987193e+00 1.03397290e+00
1.15705000e+04 1.06362136e+00 1.85070619e+00 1.02908159e+00 1.02098441e+00
1.15709970e+04 1.04549860e+00 1.81947435e+00 1.02829913e+00 1.00444187e+00
1.15715030e+04 1.03231355e+00 1.79678928e+00 1.02750250e+00 9.92610477e-01
1.15719990e+04 1.01893924e+00 1.77377412e+00 1.02672161e+00 9.80566550e-01
1.15725010e+04 1.01004869e+00 1.75851945e+00 1.02593128e+00 9.72807232e-01
1.15729990e+04 9.98898502e-01 1.73935353e+00 1.02514724e+00 9.62866644e-01
1.15735030e+04 9.95937384e-01 1.73435995e+00 1.02435376e+00 9.60771219e-01
1.15740000e+04 9.91969681e-01 1.72762271e+00 1.02357130e+00 9.57697005e-01
1.15745010e+04 9.95148369e-01 1.73325297e+00 1.02278254e+00 9.61484449e-01
1.15749990e+04 9.95911582e-01 1.73470260e+00 1.02199850e+00 9.62952425e-01
1.15755040e+04 1.00207826e+00 1.74550446e+00 1.02120345e+00 9.69626944e-01
1.15759960e+04 1.00693539e+00 1.75403684e+00 1.02042886e+00 9.75031657e-01
1.15764990e+04 1.01793966e+00 1.77320941e+00 1.01963695e+00 9.86377501e-01
1.15770000e+04 1.02336069e+00 1.78271992e+00 1.01884819e+00 9.92358010e-01
1.15774980e+04 1.03354053e+00 1.80046455e+00 1.01806416e+00 1.00292941e+00
1.15780010e+04 1.03794842e+00 1.80822241e+00 1.01727225e+00 1.00795559e+00
1.15784990e+04 1.04408323e+00 1.81896730e+00 1.01648821e+00 1.01464798e+00
1.15790000e+04 1.04243969e+00 1.81625294e+00 1.01569945e+00 1.01384089e+00
1.15795030e+04 1.04278121e+00 1.81697415e+00 1.01490754e+00 1.01495460e+00
1.15800030e+04 1.03527246e+00 1.80411008e+00 1.01412036e+00 1.00847164e+00
1.15804950e+04 1.02750651e+00 1.79079887e+00 1.01334577e+00 1.00171833e+00
1.15810040e+04 1.01540635e+00 1.76999193e+00 1.01254442e+00 9.90783507e-01
1.15815010e+04 1.00307845e+00 1.74878779e+00 1.01176195e+00 9.79594184e-01
1.15819920e+04 9.93309153e-01 1.73200964e+00 1.01098894e+00 9.70862126e-01
1.15824990e+04 9.81651558e-01 1.71196802e+00 1.01019073e+00 9.60309007e-01
1.15829970e+04 9.75721150e-01 1.70183467e+00 1.00940670e+00 9.55290739e-01
1.15835000e+04 9.70010166e-01 1.69208232e+00 1.00861479e+00 9.50486141e-01
1.15839990e+04 9.67191901e-01 1.68733465e+00 1.00782918e+00 9.48482675e-01
1.15845080e+04 9.64978839e-01 1.68363683e+00 1.00702783e+00 9.47080257e-01
1.15850020e+04 9.65303689e-01 1.68432686e+00 1.00625009e+00 9.48125873e-01
1.15855010e+04 9.65335353e-01 1.68451083e+00 1.00546448e+00 9.48894552e-01
1.15859990e+04 9.63984311e-01 1.68230185e+00 1.00468044e+00 9.48314062e-01
1.15865010e+04 9.66091158e-01 1.68607761e+00 1.00389011e+00 9.51114076e-01
1.15870000e+04 9.66215336e-01 1.68642168e+00 1.00310450e+00 9.51976849e-01
1.15874980e+04 9.71361236e-01 1.69545532e+00 1.00232046e+00 9.57748160e-01
1.15880020e+04 9.75122776e-01 1.70209495e+00 1.00152698e+00 9.62182417e-01
1.15884980e+04 9.84036205e-01 1.71764760e+00 1.00074609e+00 9.71654058e-01
1.15889980e+04 9.93640330e-01 1.73439650e+00 9.99958907e-01 9.81821699e-01
1.15895020e+04 1.00378145e+00 1.75207567e+00 9.99165425e-01 9.92536320e-01
1.15899980e+04 1.01669838e+00 1.77455618e+00 9.98384538e-01 1.00597669e+00
1.15904980e+04 1.02735334e+00 1.79312348e+00 9.97597353e-01 1.01722177e+00
1.15910060e+04 1.04130356e+00 1.81739514e+00 9.96797573e-01 1.03173281e+00
1.15914990e+04 1.05051551e+00 1.83346359e+00 9.96021409e-01 1.04158229e+00
1.15920040e+04 1.06136418e+00 1.85236740e+00 9.95226353e-01 1.05307535e+00
1.15925010e+04 1.06574138e+00 1.86007059e+00 9.94443891e-01 1.05820073e+00
1.15929980e+04 1.06988826e+00 1.86737523e+00 9.93661430e-01 1.06310645e+00
1.15934990e+04 1.06680174e+00 1.86216386e+00 9.92872670e-01 1.06089467e+00
1.15940000e+04 1.06424831e+00 1.85787498e+00 9.92083911e-01 1.05920567e+00
1.15945030e+04 1.05700090e+00 1.84546394e+00 9.91292004e-01 1.05288337e+00
1.15949960e+04 1.04790055e+00 1.82984387e+00 9.90515839e-01 1.04470498e+00
1.15954980e+04 1.04012935e+00 1.81652617e+00 9.89725506e-01 1.03784382e+00
1.15959990e+04 1.03280413e+00 1.80397995e+00 9.88936747e-01 1.03141245e+00
1.15965040e+04 1.02217523e+00 1.78571792e+00 9.88141690e-01 1.02170740e+00
1.15969990e+04 1.01530083e+00 1.77395026e+00 9.87362378e-01 1.01569231e+00
1.15975020e+04 1.00649146e+00 1.75883632e+00 9.86570470e-01 1.00776292e+00
1.15980000e+04 9.99869768e-01 1.74750674e+00 9.85786434e-01 1.00198484e+00
1.15985020e+04 9.94430113e-01 1.73822365e+00 9.84996100e-01 9.97378494e-01
1.15990030e+04 9.87042089e-01 1.72556876e+00 9.84207341e-01 9.90827988e-01
1.15994980e+04 9.85373649e-01 1.72280976e+00 9.83428028e-01 9.89945896e-01
1.16000000e+04 9.79356893e-01 1.71252803e+00 9.82637695e-01 9.84746729e-01
1.16005000e+04 9.79596460e-01 1.71307203e+00 9.81850510e-01 9.85766789e-01
1.16009980e+04 9.76071333e-01 1.70710090e+00 9.81066474e-01 9.83033743e-01
1.16014980e+04 9.73105502e-01 1.70209813e+00 9.80279290e-01 9.80857629e-01
1.16019980e+04 9.70100032e-01 1.69702676e+00 9.79492105e-01 9.78638826e-01
1.16024980e+04 9.66678347e-01 1.69123515e+00 9.78704920e-01 9.76001183e-01
1.16030010e+04 9.64336533e-01 1.68731298e+00 9.77913012e-01 9.74443570e-01
1.16035030e+04 9.57915670e-01 1.67633197e+00 9.77122679e-01 9.68802775e-01
1.16040050e+04 9.55029657e-01 1.67146783e+00 9.76332345e-01 9.66691494e-01
1.16045060e+04 9.48976965e-01 1.66112366e+00 9.75543586e-01 9.61404095e-01
1.16049960e+04 9.46392895e-01 1.65677891e+00 9.74772145e-01 9.59568568e-01
1.16055000e+04 9.40831068e-01 1.64728493e+00 9.73978663e-01 9.54765341e-01
1.16060020e+04 9.39810153e-01 1.64564825e+00 9.73188330e-01 9.54509751e-01
1.16064930e+04 9.36213591e-01 1.63955170e+00 9.72415314e-01 9.51649928e-01
1.16069950e+04 9.35621616e-01 1.63865728e+00 9.71624981e-01 9.51822849e-01
1.16075000e+04 9.35400855e-01 1.63840600e+00 9.70829924e-01 9.52374010e-01
1.16080030e+04 9.37223944e-01 1.64169098e+00 9.70038017e-01 9.54980276e-01
