# # source: .\new_experimental\norm_sim_XANESBridge2.txt
# # site: sim_XANESBridge2
# # columns: Energy(eV) Abs_raw Preedge_normalized PredictedPost_raw Final_normalized
# 
1.15245000e+04 4.45117943e-03 1.62012496e-01 8.88970836e-01 1.15813047e-01
1.15250000e+04 3.97247955e-03 1.56370679e-01 8.89465415e-01 1.12165644e-01
1.15255000e+04 3.50325043e-03 1.50740859e-01 8.89959995e-01 1.08501625e-01
1.15260000e+04 3.04389012e-03 1.45123540e-01 8.90454574e-01 1.04821182e-01
1.15265000e+04 2.59482054e-03 1.39519257e-01 8.90949153e-01 1.01124530e-01
1.15270000e+04 2.15648969e-03 1.33928579e-01 8.91443733e-01 9.74119118e-02
1.15275000e+04 1.72936795e-03 1.28352099e-01 8.91938312e-01 9.36835940e-02
1.15280000e+04 1.31395625e-03 1.22790453e-01 8.92432892e-01 8.99398757e-02
1.15285000e+04 9.10785335e-04 1.17244314e-01 8.92927471e-01 8.61810878e-02
1.15290000e+04 5.20416521e-04 1.11714392e-01 8.93422051e-01 8.24075943e-02
1.15295000e+04 1.43446901e-04 1.06201444e-01 8.93916630e-01 7.86197981e-02
1.15300000e+04 -2.19488416e-04 1.00706275e-01 8.94411210e-01 7.48181438e-02
1.15305000e+04 -5.67714064e-04 9.52297389e-02 8.94905789e-01 7.10031200e-02
1.15310000e+04 -9.00512935e-04 8.97727453e-02 8.95400369e-01 6.71752623e-02
1.15315000e+04 -1.21711798e-03 8.43362657e-02 8.95894948e-01 6.33351612e-02
1.15320000e+04 -1.51671368e-03 7.89213331e-02 8.96389528e-01 5.94834624e-02
1.15325000e+04 -1.79842715e-03 7.35290533e-02 8.96884107e-01 5.56208755e-02
1.15330000e+04 -2.06132659e-03 6.81606067e-02 8.97378686e-01 5.17481777e-02
1.15335000e+04 -2.30441460e-03 6.28172567e-02 8.97873266e-01 4.78662204e-02
1.15340000e+04 -2.52662223e-03 5.75003575e-02 8.98367845e-01 4.39759371e-02
1.15345000e+04 -2.72680449e-03 5.22113595e-02 8.98862425e-01 4.00783489e-02
1.15350000e+04 -2.90373142e-03 4.69518208e-02 8.99357004e-01 3.61745753e-02
1.15355000e+04 -3.05607912e-03 4.17234185e-02 8.99851584e-01 3.22658440e-02
1.15360000e+04 -3.18242530e-03 3.65279543e-02 9.00346163e-01 2.83534981e-02
1.15365000e+04 -3.28123512e-03 3.13673725e-02 9.00840743e-01 2.44390117e-02
1.15370000e+04 -3.35085296e-03 2.62437704e-02 9.01335322e-01 2.05240010e-02
1.15375000e+04 -3.38948828e-03 2.11594162e-02 9.01829902e-01 1.66102405e-02
1.15380000e+04 -3.39520594e-03 1.61167614e-02 9.02324481e-01 1.26996762e-02
1.15385000e+04 -3.36590530e-03 1.11184668e-02 9.02819061e-01 8.79444921e-03
1.15390000e+04 -3.29930683e-03 6.16742034e-03 9.03313640e-01 4.89691360e-03
1.15395000e+04 -3.19293343e-03 1.26675977e-03 9.03808219e-01 1.00965881e-03
1.15400000e+04 -3.04408590e-03 -3.58009558e-03 9.04302799e-01 -2.86446067e-03
1.15405000e+04 -2.84981752e-03 -8.36941288e-03 9.04797378e-01 -6.72229443e-03
1.15410000e+04 -2.60691100e-03 -1.30971165e-02 9.05291958e-01 -1.05603668e-02
1.15415000e+04 -2.31184043e-03 -1.77587400e-02 9.05786537e-01 -1.43748316e-02
1.15420000e+04 -1.96073775e-03 -2.23493834e-02 9.06281117e-01 -1.81614303e-02
1.15425000e+04 -1.54935026e-03 -2.68636593e-02 9.06775696e-01 -2.19154400e-02
1.15430000e+04 -1.07299289e-03 -3.12956330e-02 9.07270276e-01 -2.56316147e-02
1.15435000e+04 -5.26491580e-04 -3.56387500e-02 9.07764855e-01 -2.93041163e-02
1.15440000e+04 9.58793555e-05 -3.98857571e-02 9.08259435e-01 -3.29264371e-02
1.15445000e+04 8.00473259e-04 -4.40286062e-02 9.08754014e-01 -3.64913065e-02
1.15450000e+04 1.59435536e-03 -4.80583471e-02 9.09248594e-01 -3.99905872e-02
1.15455000e+04 2.48540343e-03 -5.19650004e-02 9.09743173e-01 -4.34151512e-02
1.15460000e+04 3.48242923e-03 -5.57374037e-02 9.10237752e-01 -4.67547306e-02
1.15465000e+04 4.59531278e-03 -5.93630411e-02 9.10732332e-01 -4.99977517e-02
1.15470000e+04 5.83516551e-03 -6.28278370e-02 9.11226911e-01 -5.31311330e-02
1.15475000e+04 7.21452864e-03 -6.61159044e-02 9.11721491e-01 -5.61400415e-02
1.15480000e+04 8.74759972e-03 -6.92092583e-02 9.12216070e-01 -5.90076122e-02
1.15485000e+04 1.04505062e-02 -7.20874686e-02 9.12710650e-01 -6.17146090e-02
1.15490000e+04 1.23416425e-02 -7.47272340e-02 9.13205229e-01 -6.42390095e-02
1.15495000e+04 1.44420619e-02 -7.71018845e-02 9.13699809e-01 -6.65555178e-02
1.15500000e+04 1.67759679e-02 -7.91807596e-02 9.14194388e-01 -6.86349571e-02
1.15505000e+04 1.93712861e-02 -8.09284841e-02 9.14688968e-01 -7.04435582e-02
1.15510000e+04 2.22604249e-02 -8.23040036e-02 9.15183547e-01 -7.19420198e-02
1.15515000e+04 2.54811331e-02 -8.32594988e-02 9.15678127e-01 -7.30844389e-02
1.15520000e+04 2.90776226e-02 -8.37389632e-02 9.16172706e-01 -7.38169173e-02
1.15525000e+04 3.31019470e-02 -8.36764565e-02 9.16667285e-01 -7.40758442e-02
1.15530000e+04 3.76157614e-02 -8.29938757e-02 9.17161865e-01 -7.37857084e-02
1.15535000e+04 4.26925058e-02 -8.15981883e-02 9.17656444e-01 -7.28563713e-02
1.15540000e+04 4.84202535e-02 -7.93778255e-02 9.18151024e-01 -7.11795176e-02
1.15545000e+04 5.49052960e-02 -7.61981396e-02 9.18645603e-01 -6.86241707e-02
1.15550000e+04 6.22768322e-02 -7.18954646e-02 9.19140183e-01 -6.50308277e-02
1.15555000e+04 7.06931178e-02 -6.62693258e-02 9.19634762e-01 -6.02037581e-02
1.15560000e+04 8.03494420e-02 -5.90723356e-02 9.20129342e-01 -5.39009905e-02
1.15565000e+04 9.14887792e-02 -4.99966997e-02 9.20623921e-01 -4.58209255e-02
1.15570000e+04 1.04415923e-01 -3.86563131e-02 9.21118501e-01 -3.55845355e-02
1.15575000e+04 1.19516293e-01 -2.45629351e-02 9.21613080e-01 -2.27116138e-02
1.15580000e+04 1.37281168e-01 -7.09422538e-03 9.22107660e-01 -6.58882793e-03
1.15585000e+04 1.58341097e-01 1.45485800e-02 9.22602239e-01 1.35727518e-02
1.15590000e+04 1.83509691e-01 4.13961460e-02 9.23096818e-01 3.87935984e-02
1.15590300e+04 1.85142308e-01 4.31621807e-02 9.23126493e-01 4.04595440e-02
1.15590700e+04 1.87100622e-01 4.52400942e-02 9.23166060e-01 4.24226464e-02
1.15590700e+04 1.87261556e-01 4.54439609e-02 9.23166060e-01 4.26138168e-02
1.15590800e+04 1.87818516e-01 4.60487973e-02 9.23175951e-01 4.31848803e-02
1.15590900e+04 1.88484625e-01 4.67918999e-02 9.23185843e-01 4.38857256e-02
1.15591000e+04 1.88810689e-01 4.71042415e-02 9.23195734e-01 4.41826537e-02
1.15591000e+04 1.89031600e-01 4.73840866e-02 9.23195734e-01 4.44451417e-02
1.15591200e+04 1.90101997e-01 4.85386236e-02 9.23215518e-01 4.55362861e-02
1.15591200e+04 1.90267306e-01 4.87480334e-02 9.23215518e-01 4.57327429e-02
1.15591300e+04 1.90491058e-01 4.89307680e-02 9.23225409e-01 4.59083169e-02
1.15591400e+04 1.91056667e-01 4.95465602e-02 9.23235301e-01 4.64902670e-02
1.15591500e+04 1.91974822e-01 5.06089493e-02 9.23245192e-01 4.74914084e-02
1.15591500e+04 1.92083851e-01 5.07470644e-02 9.23245192e-01 4.76210156e-02
1.15591700e+04 1.92705675e-01 5.13333599e-02 9.23264975e-01 4.81798921e-02
1.15592000e+04 1.94665314e-01 5.35136587e-02 9.23294650e-01 5.02398584e-02
1.15592100e+04 1.95482463e-01 5.44480952e-02 9.23304542e-01 5.11217452e-02
1.15592300e+04 1.96167270e-01 5.51141765e-02 9.23324325e-01 5.17564820e-02
1.15592400e+04 1.97174237e-01 5.62890695e-02 9.23334217e-01 5.28645723e-02
1.15592400e+04 1.97226493e-01 5.63552668e-02 9.23334217e-01 5.29267424e-02
1.15592600e+04 1.97989793e-01 5.71207809e-02 9.23354000e-01 5.36553778e-02
1.15592600e+04 1.98286120e-01 5.74961607e-02 9.23354000e-01 5.40079840e-02
1.15592800e+04 1.99547684e-01 5.88928633e-02 9.23373783e-01 5.53299492e-02
1.15593000e+04 2.00499722e-01 5.98974664e-02 9.23393566e-01 5.62839476e-02
1.15593000e+04 2.00615199e-01 6.00437498e-02 9.23393566e-01 5.64214059e-02
1.15593200e+04 2.01897710e-01 6.14669872e-02 9.23413349e-01 5.77692240e-02
1.15593200e+04 2.02077234e-01 6.16944048e-02 9.23413349e-01 5.79829604e-02
1.15593300e+04 2.02320315e-01 6.19016250e-02 9.23423241e-01 5.81829741e-02
1.15593600e+04 2.04169047e-01 6.39414309e-02 9.23452916e-01 6.01165459e-02
1.15593700e+04 2.04982164e-01 6.48707588e-02 9.23462807e-01 6.09957985e-02
1.15593800e+04 2.05158641e-01 6.49936079e-02 9.23472699e-01 6.11168365e-02
1.15593800e+04 2.05343823e-01 6.52281926e-02 9.23472699e-01 6.13374287e-02
1.15593800e+04 2.05723967e-01 6.57097495e-02 9.23472699e-01 6.17902613e-02
1.15594000e+04 2.06422279e-01 6.63929376e-02 9.23492482e-01 6.24439938e-02
1.15594000e+04 2.06479276e-01 6.64651406e-02 9.23492482e-01 6.25119023e-02
1.15595000e+04 2.12984932e-01 7.36992691e-02 9.23591398e-01 6.93785171e-02
1.15595800e+04 2.18785492e-01 8.02416144e-02 9.23670531e-01 7.55920602e-02
1.15596800e+04 2.25776272e-01 8.80902853e-02 9.23769447e-01 8.30612050e-02
1.15597800e+04 2.33048244e-01 9.62951648e-02 9.23868362e-01 9.08800872e-02
1.15598800e+04 2.40614984e-01 1.04873449e-01 9.23967278e-01 9.90659035e-02
1.15599800e+04 2.48490706e-01 1.13843144e-01 9.24066194e-01 1.07636681e-01
1.15600800e+04 2.56690298e-01 1.23223110e-01 9.24165110e-01 1.16611317e-01
1.15601800e+04 2.65229301e-01 1.33033034e-01 9.24264026e-01 1.26009564e-01
1.15602800e+04 2.74123914e-01 1.43293436e-01 9.24362942e-01 1.35852035e-01
1.15603800e+04 2.83391013e-01 1.54025695e-01 9.24461858e-01 1.46160234e-01
1.15604800e+04 2.93048102e-01 1.65251983e-01 9.24560774e-01 1.56956496e-01
1.15605800e+04 3.03113309e-01 1.76995265e-01 9.24659690e-01 1.68263992e-01
1.15606800e+04 3.13605344e-01 1.89279244e-01 9.24758605e-01 1.80106679e-01
1.15607800e+04 3.24543418e-01 2.02128253e-01 9.24857521e-01 1.92509205e-01
1.15608800e+04 3.35947224e-01 2.15567242e-01 9.24956437e-01 2.05496893e-01
1.15609800e+04 3.47836771e-01 2.29621556e-01 9.25055353e-01 2.19095536e-01
1.15610800e+04 3.60232297e-01 2.44316831e-01 9.25154269e-01 2.33331304e-01
1.15611800e+04 3.73154108e-01 2.59678791e-01 9.25253185e-01 2.48230542e-01
1.15612800e+04 3.86622382e-01 2.75732998e-01 9.25352101e-01 2.63819540e-01
1.15613800e+04 4.00656910e-01 2.92504523e-01 9.25451017e-01 2.80124213e-01
1.15614800e+04 4.15276859e-01 3.10017644e-01 9.25549933e-01 2.97169814e-01
1.15615800e+04 4.30500379e-01 3.28295355e-01 9.25648848e-01 3.14980453e-01
1.15616800e+04 4.46344227e-01 3.47358883e-01 9.25747764e-01 3.33578638e-01
1.15617800e+04 4.62823328e-01 3.67227134e-01 9.25846680e-01 3.52984724e-01
1.15618800e+04 4.79950174e-01 3.87915934e-01 9.25945596e-01 3.73216180e-01
1.15619800e+04 4.97734278e-01 4.09437331e-01 9.26044512e-01 3.94286904e-01
1.15620800e+04 5.16181439e-01 4.31798674e-01 9.26143428e-01 4.16206310e-01
1.15621800e+04 5.35292991e-01 4.55001652e-01 9.26242344e-01 4.38978393e-01
1.15622800e+04 5.55064968e-01 4.79041241e-01 9.26341260e-01 4.62600676e-01
1.15623800e+04 5.75487181e-01 5.03904533e-01 9.26440176e-01 4.87063055e-01
1.15624800e+04 5.96542276e-01 5.29569544e-01 9.26539091e-01 5.12346606e-01
1.15625800e+04 6.18204766e-01 5.56003990e-01 9.26638007e-01 5.38422358e-01
1.15626800e+04 6.40440004e-01 5.83163978e-01 9.26736923e-01 5.65249985e-01
1.15627800e+04 6.63203300e-01 6.10992899e-01 9.26835839e-01 5.92776668e-01
1.15628800e+04 6.86438986e-01 6.39420231e-01 9.26934755e-01 6.20935885e-01
1.15629800e+04 7.10079891e-01 6.68360885e-01 9.27033671e-01 6.49646702e-01
1.15630800e+04 7.34046476e-01 6.97714103e-01 9.27132587e-01 6.78812639e-01
1.15631800e+04 7.58247053e-01 7.27363736e-01 9.27231503e-01 7.08321867e-01
1.15632800e+04 7.82577484e-01 7.57177867e-01 9.27330419e-01 7.38046767e-01
1.15633800e+04 8.07133301e-01 7.87277509e-01 9.27429335e-01 7.68106014e-01
1.15634800e+04 8.31576854e-01 8.17234939e-01 9.27528250e-01 7.98082849e-01
1.15635800e+04 8.55772253e-01 8.46878013e-01 9.27627166e-01 8.27808772e-01
1.15636800e+04 8.79576596e-01 8.76025707e-01 9.27726082e-01 8.57105961e-01
1.15637800e+04 9.02842213e-01 9.04490956e-01 9.27824998e-01 8.85790007e-01
1.15638800e+04 9.25419570e-01 9.32084333e-01 9.27923914e-01 9.13673490e-01
1.15639800e+04 9.47160550e-01 9.58618207e-01 9.28022830e-01 9.40570046e-01
1.15640800e+04 9.67921506e-01 9.83910610e-01 9.28121746e-01 9.66298166e-01
1.15641800e+04 9.87562818e-01 1.00778468e+00 9.28220662e-01 9.90680673e-01
1.15642800e+04 1.00595322e+00 1.03007411e+00 9.28319578e-01 1.01355012e+00
1.15643800e+04 1.02297641e+00 1.05063161e+00 9.28418493e-01 1.03475713e+00
1.15644800e+04 1.03853334e+00 1.06933167e+00 9.28517409e-01 1.05417324e+00
1.15645800e+04 1.05254811e+00 1.08607817e+00 9.28616325e-01 1.07169851e+00
1.15646800e+04 1.06497078e+00 1.10080783e+00 9.28715241e-01 1.08726506e+00
1.15647800e+04 1.07577429e+00 1.11348637e+00 9.28814157e-01 1.10083340e+00
1.15648800e+04 1.08495484e+00 1.12410899e+00 9.28913073e-01 1.11239307e+00
1.15649800e+04 1.09253031e+00 1.13269835e+00 9.29011989e-01 1.12196078e+00
1.15650800e+04 1.09853866e+00 1.13930250e+00 9.29110905e-01 1.12957847e+00
1.15651800e+04 1.10303565e+00 1.14399209e+00 9.29209821e-01 1.13531068e+00
1.15652800e+04 1.10609222e+00 1.14685700e+00 9.29308736e-01 1.13924128e+00
1.15653800e+04 1.10779159e+00 1.14800263e+00 9.29407652e-01 1.14146990e+00
1.15654800e+04 1.10822595e+00 1.14754579e+00 9.29506568e-01 1.14210790e+00
1.15655800e+04 1.10749422e+00 1.14561178e+00 9.29605484e-01 1.14127555e+00
1.15656800e+04 1.10569869e+00 1.14233016e+00 9.29704400e-01 1.13909781e+00
1.15657800e+04 1.10294296e+00 1.13783218e+00 9.29803316e-01 1.13570181e+00
1.15658800e+04 1.09932961e+00 1.13224779e+00 9.29902232e-01 1.13121386e+00
1.15659800e+04 1.09495852e+00 1.12570352e+00 9.30001148e-01 1.12575735e+00
1.15660800e+04 1.08992557e+00 1.11832081e+00 9.30100064e-01 1.11945104e+00
1.15661800e+04 1.08432123e+00 1.11021429e+00 9.30198979e-01 1.11240734e+00
1.15662800e+04 1.07823028e+00 1.10149133e+00 9.30297895e-01 1.10473180e+00
1.15663800e+04 1.07173105e+00 1.09225118e+00 9.30396811e-01 1.09652222e+00
1.15664800e+04 1.06489518e+00 1.08258459e+00 9.30495727e-01 1.08786825e+00
1.15665800e+04 1.05778783e+00 1.07257408e+00 9.30594643e-01 1.07885161e+00
1.15666800e+04 1.05046765e+00 1.06229397e+00 9.30693559e-01 1.06954606e+00
1.15667800e+04 1.04298721e+00 1.05181084e+00 9.30792475e-01 1.06001787e+00
1.15668800e+04 1.03539309e+00 1.04118370e+00 9.30891391e-01 1.05032591e+00
1.15669800e+04 1.02772666e+00 1.03046497e+00 9.30990307e-01 1.04052264e+00
1.15670800e+04 1.02002422e+00 1.01970062e+00 9.31089223e-01 1.03065421e+00
1.15671800e+04 1.01231754e+00 1.00893090e+00 9.31188138e-01 1.02076113e+00
1.15672800e+04 1.00463434e+00 9.98190914e-01 9.31287054e-01 1.01087890e+00
1.15673800e+04 9.96998692e-01 9.87511180e-01 9.31385970e-01 1.00103847e+00
1.15674800e+04 9.89431553e-01 9.76918226e-01 9.31484886e-01 9.91266887e-01
1.15675800e+04 9.81950885e-01 9.66434812e-01 9.31583802e-01 9.81587470e-01
1.15676800e+04 9.74572267e-01 9.56080671e-01 9.31682718e-01 9.72020552e-01
1.15677800e+04 9.67308894e-01 9.45872520e-01 9.31781634e-01 9.62583474e-01
1.15678800e+04 9.60172169e-01 9.35824805e-01 9.31880550e-01 9.53291335e-01
1.15679800e+04 9.53171860e-01 9.25949896e-01 9.31979466e-01 9.44157174e-01
1.15680800e+04 9.46316165e-01 9.16258182e-01 9.32078381e-01 9.35192059e-01
1.15681800e+04 9.39612016e-01 9.06758444e-01 9.32177297e-01 9.26405461e-01
1.15682800e+04 9.33065080e-01 8.97457859e-01 9.32276213e-01 9.17805245e-01
1.15683800e+04 9.26680276e-01 8.88362658e-01 9.32375129e-01 9.09398342e-01
1.15684800e+04 9.20461481e-01 8.79477753e-01 9.32474045e-01 9.01190355e-01
1.15685800e+04 9.14411750e-01 8.70807015e-01 9.32572961e-01 8.93185844e-01
1.15686800e+04 9.08533618e-01 8.62353655e-01 9.32671877e-01 8.85388708e-01
1.15687800e+04 9.02828874e-01 8.54119939e-01 9.32770793e-01 8.77801892e-01
1.15688800e+04 8.97298711e-01 8.46107378e-01 9.32869709e-01 8.70427574e-01
1.15689800e+04 8.91944024e-01 8.38317105e-01 9.32968624e-01 8.63267552e-01
1.15690800e+04 8.86765110e-01 8.30749498e-01 9.33067540e-01 8.56322852e-01
1.15691800e+04 8.81761895e-01 8.23404461e-01 9.33166456e-01 8.49594020e-01
1.15692800e+04 8.76934007e-01 8.16281525e-01 9.33265372e-01 8.43081209e-01
1.15693800e+04 8.72280699e-01 8.09379743e-01 9.33364288e-01 8.36784089e-01
1.15694800e+04 8.67801003e-01 8.02697888e-01 9.33463204e-01 8.30702034e-01
1.15695800e+04 8.63493652e-01 7.96234355e-01 9.33562120e-01 8.24834022e-01
1.15696800e+04 8.59357154e-01 7.89987256e-01 9.33661036e-01 8.19178736e-01
1.15697800e+04 8.55389870e-01 7.83954513e-01 9.33759952e-01 8.13734656e-01
1.15698800e+04 8.51590011e-01 7.78133859e-01 9.33858868e-01 8.08500062e-01
1.15699800e+04 8.47955490e-01 7.72522651e-01 9.33957783e-01 8.03472832e-01
1.15700800e+04 8.44484218e-01 7.67118245e-01 9.34056699e-01 7.98650836e-01
1.15701800e+04 8.41174035e-01 7.61917901e-01 9.34155615e-01 7.94031838e-01
1.15702800e+04 8.38022481e-01 7.56918505e-01 9.34254531e-01 7.89613197e-01
1.15703800e+04 8.35027244e-01 7.52117128e-01 9.34353447e-01 7.85392460e-01
1.15704800e+04 8.32185791e-01 7.47510560e-01 9.34452363e-01 7.81366869e-01
1.15705800e+04 8.29495512e-01 7.43095496e-01 9.34551279e-01 7.77533554e-01
1.15706800e+04 8.26953872e-01 7.38868725e-01 9.34650195e-01 7.73889734e-01
1.15707800e+04 8.24558189e-01 7.34826848e-01 9.34749111e-01 7.70432417e-01
1.15708800e+04 8.22305778e-01 7.30966465e-01 9.34848026e-01 7.67158602e-01
1.15709800e+04 8.20193882e-01 7.27284083e-01 9.34946942e-01 7.64065172e-01
1.15710800e+04 8.18219668e-01 7.23776112e-01 9.35045858e-01 7.61148903e-01
1.15711800e+04 8.16380452e-01 7.20439155e-01 9.35144774e-01 7.58406753e-01
1.15712800e+04 8.14673327e-01 7.17269527e-01 9.35243690e-01 7.55835372e-01
1.15713800e+04 8.13095460e-01 7.14263641e-01 9.35342606e-01 7.53431493e-01
1.15714800e+04 8.11643870e-01 7.11417719e-01 9.35441522e-01 7.51191639e-01
1.15715800e+04 8.10315650e-01 7.08728078e-01 9.35540438e-01 7.49112418e-01
1.15716800e+04 8.09107892e-01 7.06191037e-01 9.35639354e-01 7.47190423e-01
1.15717800e+04 8.08017539e-01 7.03802722e-01 9.35738269e-01 7.45422034e-01
1.15718800e+04 8.07041462e-01 7.01559169e-01 9.35837185e-01 7.43803517e-01
1.15719800e+04 8.06176679e-01 6.99456599e-01 9.35936101e-01 7.42331321e-01
1.15720800e+04 8.05419984e-01 6.97490953e-01 9.36035017e-01 7.41001582e-01
1.15721800e+04 8.04768245e-01 6.95658264e-01 9.36133933e-01 7.39810518e-01
1.15722800e+04 8.04218259e-01 6.93954472e-01 9.36232849e-01 7.38754233e-01
1.15723800e+04 8.03766670e-01 6.92375328e-01 9.36331765e-01 7.37828613e-01
1.15724800e+04 8.03410273e-01 6.90916770e-01 9.36430681e-01 7.37029729e-01
1.15725800e+04 8.03145640e-01 6.89574456e-01 9.36529597e-01 7.36353333e-01
1.15726800e+04 8.02969340e-01 6.88344041e-01 9.36628512e-01 7.35795159e-01
1.15727800e+04 8.02878020e-01 6.87221277e-01 9.36727428e-01 7.35351026e-01
1.15728800e+04 8.02868250e-01 6.86201819e-01 9.36826344e-01 7.35016633e-01
1.15729800e+04 8.02936378e-01 6.85281040e-01 9.36925260e-01 7.34787359e-01
1.15730800e+04 8.03079050e-01 6.84454690e-01 9.37024176e-01 7.34658967e-01
1.15731800e+04 8.03292613e-01 6.83718144e-01 9.37123092e-01 7.34626799e-01
1.15732800e+04 8.03573563e-01 6.83066963e-01 9.37222008e-01 7.34686381e-01
1.15733800e+04 8.03918397e-01 6.82496708e-01 9.37320924e-01 7.34833218e-01
1.15734800e+04 8.04323462e-01 6.82002752e-01 9.37419840e-01 7.35062595e-01
1.15735800e+04 8.04785329e-01 6.81580752e-01 9.37518756e-01 7.35370082e-01
1.15736800e+04 8.05300420e-01 6.81226175e-01 9.37617671e-01 7.35751028e-01
1.15737800e+04 8.05865381e-01 6.80934771e-01 9.37716587e-01 7.36201067e-01
1.15738800e+04 8.06476782e-01 6.80702198e-01 9.37815503e-01 7.36715713e-01
1.15739800e+04 8.07131270e-01 6.80524205e-01 9.37914419e-01 7.37290566e-01
1.15740800e+04 8.07825638e-01 6.80396731e-01 9.38013335e-01 7.37921409e-01
1.15741800e+04 8.08556607e-01 6.80315623e-01 9.38112251e-01 7.38603907e-01
1.15742800e+04 8.09321121e-01 6.80277009e-01 9.38211167e-01 7.39334015e-01
1.15743800e+04 8.10116272e-01 6.80277205e-01 9.38310083e-01 7.40107874e-01
1.15744800e+04 8.10939228e-01 6.80312623e-01 9.38408999e-01 7.40921716e-01
1.15745800e+04 8.11787156e-01 6.80379676e-01 9.38507914e-01 7.41771752e-01
1.15746800e+04 8.12657521e-01 6.80475152e-01 9.38606830e-01 7.42654594e-01
1.15747800e+04 8.13547864e-01 6.80595935e-01 9.38705746e-01 7.43566939e-01
1.15748800e+04 8.14455874e-01 6.80739098e-01 9.38804662e-01 7.44505681e-01
1.15749800e+04 8.15379389e-01 6.80901903e-01 9.38903578e-01 7.45467903e-01
1.15750800e+04 8.16316471e-01 6.81081893e-01 9.39002494e-01 7.46450990e-01
1.15751800e+04 8.17265256e-01 6.81276710e-01 9.39101410e-01 7.47452417e-01
1.15752800e+04 8.18224030e-01 6.81484179e-01 9.39200326e-01 7.48469857e-01
1.15753800e+04 8.19191302e-01 6.81702414e-01 9.39299242e-01 7.49501285e-01
1.15754800e+04 8.20165582e-01 6.81929525e-01 9.39398157e-01 7.50544666e-01
1.15755800e+04 8.21145824e-01 6.82164191e-01 9.39497073e-01 7.51598582e-01
1.15756800e+04 8.22130763e-01 6.82404806e-01 9.39595989e-01 7.52661295e-01
1.15757800e+04 8.23119578e-01 6.82650331e-01 9.39694905e-01 7.53731687e-01
1.15758800e+04 8.24111449e-01 6.82899728e-01 9.39793821e-01 7.54808634e-01
1.15759800e+04 8.25105632e-01 6.83152052e-01 9.39892737e-01 7.55891113e-01
1.15760800e+04 8.26101528e-01 6.83406548e-01 9.39991653e-01 7.56978303e-01
1.15761800e+04 8.27098841e-01 6.83662838e-01 9.40090569e-01 7.58069803e-01
1.15762800e+04 8.28097049e-01 6.83920261e-01 9.40189485e-01 7.59164890e-01
1.15763800e+04 8.29096002e-01 6.84178629e-01 9.40288400e-01 7.60263368e-01
1.15764800e+04 8.30095477e-01 6.84437657e-01 9.40387316e-01 7.61364931e-01
1.15765800e+04 8.31095399e-01 6.84697252e-01 9.40486232e-01 7.62469486e-01
1.15766800e+04 8.32095768e-01 6.84957414e-01 9.40585148e-01 7.63577040e-01
1.15767800e+04 8.33096585e-01 6.85218142e-01 9.40684064e-01 7.64687604e-01
1.15768800e+04 8.34098072e-01 6.85479721e-01 9.40782980e-01 7.65801505e-01
1.15769800e+04 8.35100305e-01 6.85742243e-01 9.40881896e-01 7.66918858e-01
1.15770800e+04 8.36103656e-01 6.86006182e-01 9.40980812e-01 7.68040203e-01
1.15771800e+04 8.37108275e-01 6.86271726e-01 9.41079728e-01 7.69165765e-01
1.15772800e+04 8.38114608e-01 6.86539442e-01 9.41178644e-01 7.70296193e-01
1.15773800e+04 8.39123028e-01 6.86809803e-01 9.41277559e-01 7.71432034e-01
1.15774800e+04 8.40134057e-01 6.87083468e-01 9.41376475e-01 7.72574047e-01
1.15775800e+04 8.41148067e-01 6.87360910e-01 9.41475391e-01 7.73722785e-01
1.15776800e+04 8.42165656e-01 6.87642885e-01 9.41574307e-01 7.74879121e-01
1.15777800e+04 8.43187494e-01 6.87930243e-01 9.41673223e-01 7.76044038e-01
1.15778800e+04 8.44214103e-01 6.88223644e-01 9.41772139e-01 7.77218311e-01
1.15779800e+04 8.45246228e-01 6.88524033e-01 9.41871055e-01 7.78403037e-01
1.15780800e+04 8.46284540e-01 6.88832259e-01 9.41969971e-01 7.79599214e-01
1.15781800e+04 8.47329784e-01 6.89149268e-01 9.42068887e-01 7.80807947e-01
1.15782800e+04 8.48382707e-01 6.89476003e-01 9.42167802e-01 7.82030349e-01
1.15783800e+04 8.49443978e-01 6.89813314e-01 9.42266718e-01 7.83267431e-01
1.15784800e+04 8.50514493e-01 6.90162334e-01 9.42365634e-01 7.84520527e-01
1.15785800e+04 8.51594773e-01 6.90523725e-01 9.42464550e-01 7.85790444e-01
1.15786800e+04 8.52685712e-01 6.90898619e-01 9.42563466e-01 7.87078527e-01
1.15787800e+04 8.53787759e-01 6.91287583e-01 9.42662382e-01 7.88385482e-01
1.15788800e+04 8.54901584e-01 6.91691467e-01 9.42761298e-01 7.89712342e-01
1.15789800e+04 8.56027559e-01 6.92110743e-01 9.42860214e-01 7.91059712e-01
1.15790800e+04 8.57166057e-01 6.92545883e-01 9.42959130e-01 7.92428199e-01
1.15791800e+04 8.58317228e-01 6.92997077e-01 9.43058045e-01 7.93818091e-01
1.15792800e+04 8.59481146e-01 6.93464418e-01 9.43156961e-01 7.95229566e-01
1.15793800e+04 8.60657661e-01 6.93947718e-01 9.43255877e-01 7.96662478e-01
1.15794800e+04 8.61846328e-01 6.94446409e-01 9.43354793e-01 7.98116249e-01
1.15795800e+04 8.63046548e-01 6.94959738e-01 9.43453709e-01 7.99590077e-01
1.15796800e+04 8.64257577e-01 6.95486758e-01 9.43552625e-01 8.01082942e-01
1.15797800e+04 8.65478223e-01 6.96025961e-01 9.43651541e-01 8.02593165e-01
1.15798800e+04 8.66706993e-01 6.96575456e-01 9.43750457e-01 8.04118623e-01
1.15799800e+04 8.67942324e-01 6.97133261e-01 9.43849373e-01 8.05657077e-01
1.15800800e+04 8.69182127e-01 6.97696731e-01 9.43948289e-01 8.07205509e-01
1.15801800e+04 8.70424166e-01 6.98263035e-01 9.44047204e-01 8.08760672e-01
1.15802800e+04 8.71665758e-01 6.98828772e-01 9.44146120e-01 8.10318648e-01
1.15803800e+04 8.72904071e-01 6.99390354e-01 9.44245036e-01 8.11875279e-01
1.15804800e+04 8.74135972e-01 6.99943815e-01 9.44343952e-01 8.13425952e-01
1.15805800e+04 8.75357959e-01 7.00484717e-01 9.44442868e-01 8.14965484e-01
1.15806800e+04 8.76566454e-01 7.01008527e-01 9.44541784e-01 8.16488558e-01
1.15807800e+04 8.77757655e-01 7.01510429e-01 9.44640700e-01 8.17989503e-01
1.15808800e+04 8.78927387e-01 7.01985136e-01 9.44739616e-01 8.19462071e-01
1.15809800e+04 8.80071700e-01 7.02427642e-01 9.44838532e-01 8.20900319e-01
1.15810800e+04 8.81186419e-01 7.02832659e-01 9.44937447e-01 8.22297942e-01
1.15811800e+04 8.82267220e-01 7.03194711e-01 9.45036363e-01 8.23648389e-01
1.15812800e+04 8.83310080e-01 7.03508698e-01 9.45135279e-01 8.24945520e-01
1.15813800e+04 8.84310896e-01 7.03769426e-01 9.45234195e-01 8.26183059e-01
1.15814800e+04 8.85265794e-01 7.03971985e-01 9.45333111e-01 8.27355031e-01
1.15815800e+04 8.86171120e-01 7.04111749e-01 9.45432027e-01 8.28455771e-01
1.15816800e+04 8.87023446e-01 7.04184373e-01 9.45530943e-01 8.29479918e-01
1.15817800e+04 8.87819865e-01 7.04186174e-01 9.45629859e-01 8.30422871e-01
1.15818800e+04 8.88557692e-01 7.04113754e-01 9.45728775e-01 8.31280338e-01
1.15819800e+04 8.89234617e-01 7.03964184e-01 9.45827690e-01 8.32048569e-01
1.15820800e+04 8.89849000e-01 7.03735388e-01 9.45926606e-01 8.32724799e-01
1.15821800e+04 8.90399574e-01 7.03425759e-01 9.46025522e-01 8.33306814e-01
1.15822800e+04 8.90885668e-01 7.03034449e-01 9.46124438e-01 8.33793283e-01
1.15823800e+04 8.91307058e-01 7.02561173e-01 9.46223354e-01 8.34183541e-01
1.15824800e+04 8.91664191e-01 7.02006499e-01 9.46322270e-01 8.34477933e-01
1.15825800e+04 8.91958037e-01 7.01371654e-01 9.46421186e-01 8.34677591e-01
1.15826800e+04 8.92190012e-01 7.00658432e-01 9.46520102e-01 8.34784325e-01
1.15827800e+04 8.92362054e-01 6.99869288e-01 9.46619018e-01 8.34800746e-01
1.15828800e+04 8.92476698e-01 6.99007434e-01 9.46717933e-01 8.34730375e-01
1.15829800e+04 8.92536850e-01 6.98076551e-01 9.46816849e-01 8.34577317e-01
1.15830800e+04 8.92545716e-01 6.97080700e-01 9.46915765e-01 8.34346145e-01
1.15831800e+04 8.92507024e-01 6.96024603e-01 9.47014681e-01 8.34042247e-01
1.15832800e+04 8.92424798e-01 6.94913359e-01 9.47113597e-01 8.33671490e-01
1.15833800e+04 8.92303362e-01 6.93752444e-01 9.47212513e-01 8.33240219e-01
1.15834800e+04 8.92147040e-01 6.92547337e-01 9.47311429e-01 8.32754810e-01
1.15835800e+04 8.91960677e-01 6.91304174e-01 9.47410345e-01 8.32222464e-01
1.15836800e+04 8.91748969e-01 6.90028905e-01 9.47509261e-01 8.31650189e-01
1.15837800e+04 8.91516836e-01 6.88727762e-01 9.47608177e-01 8.31045365e-01
1.15838800e+04 8.91269273e-01 6.87407073e-01 9.47707092e-01 8.30415522e-01
1.15839800e+04 8.91011273e-01 6.86073163e-01 9.47806008e-01 8.29768224e-01
1.15840800e+04 8.90748354e-01 6.84733020e-01 9.47904924e-01 8.29111872e-01
1.15841800e+04 8.90482453e-01 6.83389101e-01 9.48003840e-01 8.28449411e-01
1.15842800e+04 8.90228181e-01 6.82059912e-01 9.48102756e-01 8.27803282e-01
1.15843800e+04 8.89993588e-01 6.80755654e-01 9.48201672e-01 8.27185934e-01
1.15844800e+04 8.89775246e-01 6.79471980e-01 9.48300588e-01 8.26592185e-01
1.15845800e+04 8.89563165e-01 6.78196239e-01 9.48399504e-01 8.26006705e-01
1.15850800e+04 8.88902688e-01 6.72324150e-01 9.48894083e-01 8.23679278e-01
1.15855800e+04 8.89215152e-01 6.67684561e-01 9.49388663e-01 8.22843175e-01
1.15860800e+04 8.90788147e-01 6.64641782e-01 9.49883242e-01 8.23976716e-01
1.15865800e+04 8.93745265e-01 6.63352377e-01 9.50377821e-01 8.27310605e-01
1.15870800e+04 8.98066679e-01 6.63791230e-01 9.50872401e-01 8.32853155e-01
1.15875800e+04 9.03633342e-01 6.65807534e-01 9.51366980e-01 8.40454228e-01
1.15880800e+04 9.10277531e-01 6.69188823e-01 9.51861560e-01 8.49881705e-01
1.15885800e+04 9.17824963e-01 6.73714319e-01 9.52356139e-01 8.60887143e-01
1.15890800e+04 9.26117533e-01 6.79183737e-01 9.52850719e-01 8.73242299e-01
1.15895800e+04 9.35018675e-01 6.85424081e-01 9.53345298e-01 8.86748557e-01
1.15900800e+04 9.44407705e-01 6.92282469e-01 9.53839878e-01 9.01228513e-01
1.15905800e+04 9.54168036e-01 6.99611212e-01 9.54334457e-01 9.16507093e-01
1.15910800e+04 9.64169217e-01 7.07245059e-01 9.54829037e-01 9.32381630e-01
1.15915800e+04 9.74244196e-01 7.14972391e-01 9.55323616e-01 9.48582771e-01
1.15920800e+04 9.84171206e-01 7.22512279e-01 9.55818196e-01 9.64741693e-01
1.15925800e+04 9.93670485e-01 7.29510329e-01 9.56312775e-01 9.80381311e-01
1.15930800e+04 1.00242515e+00 7.35565118e-01 9.56807354e-01 9.94948513e-01
1.15935800e+04 1.01012398e+00 7.40282402e-01 9.57301934e-01 1.00788548e+00
1.15940800e+04 1.01650652e+00 7.43332241e-01 9.57796513e-01 1.01870780e+00
1.15945800e+04 1.02095309e+00 7.43929642e-01 9.58291093e-01 1.02629045e+00
1.15955800e+04 1.02657154e+00 7.40976135e-01 9.59280252e-01 1.03596188e+00
1.15965800e+04 1.02727183e+00 7.31792425e-01 9.60269411e-01 1.03706776e+00
1.15975800e+04 1.02437048e+00 7.18046238e-01 9.61258570e-01 1.03164910e+00
1.15985800e+04 1.01908255e+00 7.01276783e-01 9.62247729e-01 1.02167404e+00
1.15995800e+04 1.01261481e+00 6.83012785e-01 9.63236887e-01 1.00920716e+00
1.16005800e+04 1.00631003e+00 6.64955211e-01 9.64226046e-01 9.96690215e-01
1.16015800e+04 1.00139242e+00 6.48654883e-01 9.65215205e-01 9.86479528e-01
1.16025800e+04 9.98497036e-01 6.34916251e-01 9.66204364e-01 9.79919375e-01
1.16035800e+04 9.97361620e-01 6.23407109e-01 9.67193523e-01 9.76654330e-01
1.16045800e+04 9.96965899e-01 6.12834996e-01 9.68182682e-01 9.74779827e-01
1.16055800e+04 9.96189857e-01 6.01781101e-01 9.69171841e-01 9.72068847e-01
1.16065800e+04 9.94602335e-01 5.89699242e-01 9.70161000e-01 9.67585604e-01
1.16075800e+04 9.92680783e-01 5.77194242e-01 9.71150159e-01 9.62253159e-01
1.16085800e+04 9.91340447e-01 5.65425513e-01 9.72139318e-01 9.57994374e-01
1.16095800e+04 9.91399889e-01 5.55429988e-01 9.73128477e-01 9.56648579e-01
1.16105800e+04 9.93382180e-01 5.47870284e-01 9.74117636e-01 9.59523467e-01
1.16115800e+04 9.97520270e-01 5.43041494e-01 9.75106795e-01 9.67361655e-01
1.16125800e+04 1.00381065e+00 5.40939178e-01 9.76095953e-01 9.80414666e-01
1.16135800e+04 1.01209329e+00 5.41360598e-01 9.77085112e-01 9.98586082e-01
1.16145800e+04 1.02209370e+00 5.43958060e-01 9.78074271e-01 1.02150032e+00
1.16155800e+04 1.03333265e+00 5.48124476e-01 9.79063430e-01 1.04825808e+00
1.16165800e+04 1.04496617e+00 5.52790709e-01 9.80052589e-01 1.07699244e+00
1.16175800e+04 1.05579170e+00 5.56433416e-01 9.81041748e-01 1.10479207e+00
1.16185800e+04 1.06454008e+00 5.57444834e-01 9.82030907e-01 1.12834803e+00
1.16195800e+04 1.07026923e+00 5.54631556e-01 9.83020066e-01 1.14494396e+00
1.16205800e+04 1.07257586e+00 5.47482716e-01 9.84009225e-01 1.15308093e+00
1.16215800e+04 1.07154734e+00 5.36108987e-01 9.84998384e-01 1.15247214e+00
1.16225800e+04 1.06761907e+00 5.21061933e-01 9.85987543e-01 1.14377440e+00
1.16235800e+04 1.06148701e+00 5.03223154e-01 9.86976702e-01 1.12844122e+00
1.16245800e+04 1.05403455e+00 4.83711736e-01 9.87965861e-01 1.10859860e+00
1.16255800e+04 1.04617524e+00 4.63684920e-01 9.88955019e-01 1.08665362e+00
1.16265800e+04 1.03865234e+00 4.44084267e-01 9.89944178e-01 1.06471828e+00
1.16275800e+04 1.03192206e+00 4.25487687e-01 9.90933337e-01 1.04421155e+00
1.16285800e+04 1.02615064e+00 4.08105759e-01 9.91922496e-01 1.02576631e+00
1.16295800e+04 1.02127843e+00 3.91862939e-01 9.92911655e-01 1.00934121e+00
1.16305800e+04 1.01710850e+00 3.76509744e-01 9.93900814e-01 9.94431265e-01
1.16315800e+04 1.01340297e+00 3.61744847e-01 9.94889973e-01 9.80338354e-01
1.16325800e+04 1.00996237e+00 3.47315554e-01 9.95879132e-01 9.66424939e-01
1.16335800e+04 1.00666624e+00 3.33069267e-01 9.96868291e-01 9.52269538e-01
1.16345800e+04 1.00346709e+00 3.18945833e-01 9.97857450e-01 9.37674782e-01
1.16355800e+04 1.00035694e+00 3.04935148e-01 9.98846609e-01 9.22571745e-01
1.16365800e+04 9.97333782e-01 2.91034662e-01 9.99835768e-01 9.06906781e-01
1.16375800e+04 9.94386512e-01 2.77230307e-01 1.00082493e+00 8.90582604e-01
1.16385800e+04 9.91502082e-01 2.63505556e-01 1.00181409e+00 8.73481382e-01
1.16395800e+04 9.88686083e-01 2.49867491e-01 1.00280324e+00 8.55550596e-01
1.16405800e+04 9.85975190e-01 2.36362573e-01 1.00379240e+00 8.36869989e-01
1.16415800e+04 9.83425833e-01 2.23062285e-01 1.00478156e+00 8.17622275e-01
1.16425800e+04 9.81086614e-01 2.10028194e-01 1.00577072e+00 7.97979206e-01
1.16435800e+04 9.78974231e-01 1.97281454e-01 1.00675988e+00 7.77979208e-01
1.16445800e+04 9.77069601e-01 1.84797890e-01 1.00774904e+00 7.57480977e-01
1.16455800e+04 9.75333290e-01 1.72527548e-01 1.00873820e+00 7.36210006e-01
1.16465800e+04 9.73730636e-01 1.60426520e-01 1.00972736e+00 7.13871684e-01
1.16475800e+04 9.72256345e-01 1.48488100e-01 1.01071652e+00 6.90291670e-01
1.16485800e+04 9.70950970e-01 1.36763658e-01 1.01170567e+00 6.65545595e-01
1.16495800e+04 9.69904261e-01 1.25366888e-01 1.01269483e+00 6.40042130e-01
1.16505800e+04 9.69244805e-01 1.14460681e-01 1.01368399e+00 6.14538504e-01
1.16515800e+04 9.69120273e-01 1.04232104e-01 1.01467315e+00 5.90093733e-01
1.16525800e+04 9.69674386e-01 9.48632168e-02 1.01566231e+00 5.67980813e-01
1.16535800e+04 9.71023356e-01 8.65012359e-02 1.01665147e+00 5.49562519e-01
1.16545800e+04 9.73232110e-01 7.92284098e-02 1.01764063e+00 5.36116779e-01
1.16555800e+04 9.76293568e-01 7.30357677e-02 1.01862979e+00 5.28617147e-01
1.16565800e+04 9.80120214e-01 6.78124488e-02 1.01961895e+00 5.27535918e-01
1.16575800e+04 9.84552377e-01 6.33561843e-02 1.02060810e+00 5.32729566e-01
1.16585800e+04 9.89380590e-01 5.94016260e-02 1.02159726e+00 5.43426983e-01
1.16595800e+04 9.94373619e-01 5.56558523e-02 1.02258642e+00 5.58282882e-01
1.16605800e+04 9.99302391e-01 5.18286799e-02 1.02357558e+00 5.75407770e-01
1.16615800e+04 1.00395886e+00 4.76565551e-02 1.02456474e+00 5.92339603e-01
1.16625800e+04 1.00817164e+00 4.29223832e-02 1.02555390e+00 6.05935022e-01
1.16635800e+04 1.01182318e+00 3.74772485e-02 1.02654306e+00 6.12188914e-01
