# # source: .\new_experimental\norm_Pt_foil_1.txt
# # site: Pt_foil_1
# # columns: Energy(eV) Abs_raw Preedge_normalized PredictedPost_raw Final_normalized
# 
1.15154990e+04 -1.24792603e-03 -5.14562753e-03 1.03014694e+00 -2.85936586e-03
1.15159980e+04 -4.72858657e-04 -3.69993872e-03 1.02992534e+00 -2.05633493e-03
1.15165010e+04 1.14122414e-04 -2.57874296e-03 1.02970197e+00 -1.43342796e-03
1.15170030e+04 -2.94414431e-04 -3.17971675e-03 1.02947903e+00 -1.76776536e-03
1.15175020e+04 -3.67884631e-04 -3.20175336e-03 1.02925743e+00 -1.78029524e-03
1.15180000e+04 -3.90183814e-04 -3.13548938e-03 1.02903628e+00 -1.74372236e-03
1.15184980e+04 -3.41582461e-04 -2.94658790e-03 1.02881512e+00 -1.63892568e-03
1.15189990e+04 -1.00321288e-03 -3.98555113e-03 1.02859264e+00 -2.21715737e-03
1.15195010e+04 -1.29742547e-03 -4.38877691e-03 1.02836970e+00 -2.44185608e-03
1.15199980e+04 4.12732402e-04 -1.32607211e-03 1.02814899e+00 -7.37923687e-04
1.15205020e+04 -7.18483204e-04 -3.17665082e-03 1.02792517e+00 -1.76800100e-03
1.15209980e+04 -4.99923189e-05 -1.91594016e-03 1.02770490e+00 -1.06650428e-03
1.15215000e+04 -8.23775128e-04 -3.14868418e-03 1.02748197e+00 -1.75298513e-03
1.15220020e+04 -4.52011434e-04 -2.39996296e-03 1.02725904e+00 -1.33635593e-03
1.15225020e+04 2.02492004e-04 -1.16260450e-03 1.02703700e+00 -6.47467273e-04
1.15229960e+04 -1.06921429e-03 -3.25829673e-03 1.02681762e+00 -1.81486305e-03
1.15234960e+04 2.29573902e-04 -9.06511364e-04 1.02659557e+00 -5.05003881e-04
1.15240000e+04 -4.52773404e-04 -1.98067730e-03 1.02637175e+00 -1.10358040e-03
1.15244950e+04 -5.27489550e-04 -2.00571109e-03 1.02615193e+00 -1.11770246e-03
1.15249990e+04 5.31140658e-05 -8.95335971e-04 1.02592811e+00 -4.99013940e-04
1.15254990e+04 5.70335653e-04 1.04564454e-04 1.02570607e+00 5.82879792e-05
1.15260030e+04 -3.78012059e-04 -1.42970551e-03 1.02548225e+00 -7.97095486e-04
1.15264990e+04 2.51379555e-04 -2.36625318e-04 1.02526198e+00 -1.31944935e-04
1.15270030e+04 6.17953806e-04 5.03540690e-04 1.02503816e+00 2.80824466e-04
1.15275000e+04 7.96551639e-04 9.17088092e-04 1.02481745e+00 5.11539692e-04
1.15279990e+04 1.17522302e-03 1.67712608e-03 1.02459585e+00 9.35625805e-04
1.15284990e+04 5.41476731e-04 6.86183853e-04 1.02437380e+00 3.82864691e-04
1.15290020e+04 4.67080418e-04 6.63387381e-04 1.02415043e+00 3.70203732e-04
1.15294990e+04 -1.82996820e-04 -3.56434225e-04 1.02392972e+00 -1.98939462e-04
1.15300030e+04 -1.26370408e-04 -1.52388635e-04 1.02370590e+00 -8.50673770e-05
1.15305000e+04 3.28442119e-04 7.38930569e-04 1.02348519e+00 4.12555207e-04
1.15310020e+04 4.14004918e-04 9.92606742e-04 1.02326225e+00 5.54273776e-04
1.15314980e+04 5.38940794e-04 1.31312391e-03 1.02304199e+00 7.33365849e-04
1.15320040e+04 -8.64618271e-05 3.37876894e-04 1.02281728e+00 1.88730767e-04
1.15325010e+04 6.04307134e-04 1.63733272e-03 1.02259657e+00 9.14722096e-04
1.15330000e+04 1.43696600e-03 3.18263820e-03 1.02237497e+00 1.77831137e-03
1.15335000e+04 2.19350647e-03 4.59649131e-03 1.02215292e+00 2.56871208e-03
1.15340040e+04 2.08072889e-03 4.50751682e-03 1.02192910e+00 2.51938971e-03
1.15345030e+04 2.93700305e-03 6.09366995e-03 1.02170750e+00 3.40647541e-03
1.15350010e+04 2.95017972e-03 6.22129695e-03 1.02148635e+00 3.47836755e-03
1.15355000e+04 3.09637130e-03 6.57921188e-03 1.02126475e+00 3.67905915e-03
1.15360000e+04 3.55032525e-03 7.46967754e-03 1.02104270e+00 4.17766158e-03
1.15364990e+04 3.40316042e-03 7.32017046e-03 1.02082110e+00 4.09468951e-03
1.15369990e+04 2.98809784e-03 6.70748801e-03 1.02059906e+00 3.75256491e-03
1.15375020e+04 1.99937688e-03 5.10317345e-03 1.02037568e+00 2.85546990e-03
1.15379990e+04 2.01122225e-04 2.09733587e-03 1.02015497e+00 1.17374398e-03
1.15384990e+04 3.70134126e-05 1.91873110e-03 1.01993293e+00 1.07395991e-03
1.15389990e+04 -2.11977082e-03 -1.70662776e-03 1.01971089e+00 -9.55391401e-04
1.15395000e+04 -2.05108456e-03 -1.48235365e-03 1.01948840e+00 -8.29971284e-04
1.15400020e+04 -3.50490322e-03 -3.89136367e-03 1.01926547e+00 -2.17912392e-03
1.15405010e+04 -4.33797643e-03 -5.22729453e-03 1.01904387e+00 -2.92769306e-03
1.15410000e+04 -5.26869428e-03 -6.73212248e-03 1.01882227e+00 -3.77110875e-03
1.15414980e+04 -5.73511067e-03 -7.43405324e-03 1.01860111e+00 -4.16496221e-03
1.15419960e+04 -6.37386198e-03 -8.43407376e-03 1.01837996e+00 -4.72597209e-03
1.15424960e+04 -6.28016456e-03 -8.16674805e-03 1.01815791e+00 -4.57690145e-03
1.15430030e+04 -5.28565135e-03 -6.33979712e-03 1.01793276e+00 -3.55359051e-03
1.15435030e+04 -4.10744310e-03 -4.19658029e-03 1.01771072e+00 -2.35264406e-03
1.15440010e+04 -2.60032606e-03 -1.48486709e-03 1.01748956e+00 -8.32562171e-04
1.15445010e+04 -1.95838501e-04 2.77945946e-03 1.01726752e+00 1.55868418e-03
1.15450010e+04 1.19985329e-03 5.29886013e-03 1.01704547e+00 2.97200091e-03
1.15454960e+04 3.83339499e-03 9.95833176e-03 1.01682565e+00 5.58625938e-03
1.15459980e+04 6.92462815e-03 1.54109513e-02 1.01660272e+00 8.64635276e-03
1.15465010e+04 1.02736512e-02 2.13096835e-02 1.01637934e+00 1.19577549e-02
1.15469990e+04 1.37592883e-02 2.74436661e-02 1.01615819e+00 1.54022172e-02
1.15474980e+04 1.69370893e-02 3.30453915e-02 1.01593659e+00 1.85490057e-02
1.15480020e+04 2.19136720e-02 4.17595432e-02 1.01571277e+00 2.34441661e-02
1.15485020e+04 2.54498377e-02 4.79813468e-02 1.01549072e+00 2.69414062e-02
1.15489960e+04 2.97220170e-02 5.54749787e-02 1.01527134e+00 3.11539366e-02
1.15495020e+04 3.52935837e-02 6.52187023e-02 1.01504663e+00 3.66317413e-02
1.15500000e+04 3.94767585e-02 7.25592240e-02 1.01482548e+00 4.07611637e-02
1.15504980e+04 4.49439407e-02 8.21207084e-02 1.01460432e+00 4.61397436e-02
1.15509960e+04 5.07609649e-02 9.22873187e-02 1.01438317e+00 5.18600669e-02
1.15515000e+04 5.50911444e-02 9.98833793e-02 1.01415935e+00 5.61375771e-02
1.15520030e+04 6.17360391e-02 1.11483019e-01 1.01393597e+00 6.26669309e-02
1.15524990e+04 6.68295965e-02 1.20397820e-01 1.01371570e+00 6.76887724e-02
1.15530000e+04 7.35424128e-02 1.32114524e-01 1.01349322e+00 7.42878161e-02
1.15535010e+04 8.09216831e-02 1.44984001e-01 1.01327073e+00 8.15372634e-02
1.15540020e+04 8.84449672e-02 1.58102580e-01 1.01304824e+00 8.89291299e-02
1.15545010e+04 9.87678055e-02 1.76063161e-01 1.01282664e+00 9.90472333e-02
1.15550000e+04 1.09813139e-01 1.95273449e-01 1.01260504e+00 1.09871697e-01
1.15555000e+04 1.23339850e-01 2.18776016e-01 1.01238300e+00 1.23115086e-01
1.15559990e+04 1.37443857e-01 2.43276928e-01 1.01216140e+00 1.36924540e-01
1.15565000e+04 1.54886193e-01 2.73552609e-01 1.01193891e+00 1.53989219e-01
1.15569990e+04 1.74745040e-01 3.08007735e-01 1.01171731e+00 1.73412302e-01
1.15574990e+04 1.98685111e-01 3.49522414e-01 1.01149527e+00 1.96816853e-01
1.15579970e+04 2.27576558e-01 3.99601125e-01 1.01127411e+00 2.25051889e-01
1.15585020e+04 2.60144489e-01 4.56040566e-01 1.01104985e+00 2.56879307e-01
1.15590010e+04 3.01014343e-01 5.26838678e-01 1.01082825e+00 2.96805650e-01
1.15595030e+04 3.50773425e-01 6.13013225e-01 1.01060532e+00 3.45409000e-01
1.15599990e+04 4.11203904e-01 7.17644949e-01 1.01038505e+00 4.04428649e-01
1.15605000e+04 4.86478179e-01 8.47953213e-01 1.01016256e+00 4.77939965e-01
1.15609990e+04 5.78131009e-01 1.00659124e+00 1.00994096e+00 5.67444661e-01
1.15614970e+04 6.87830403e-01 1.19644440e+00 1.00971981e+00 6.74577226e-01
1.15620020e+04 8.16304561e-01 1.41877397e+00 1.00949554e+00 8.00059209e-01
1.15624980e+04 9.55629676e-01 1.65987067e+00 1.00927527e+00 9.36163486e-01
1.15629990e+04 1.09233199e+00 1.89643174e+00 1.00905279e+00 1.06975393e+00
1.15634950e+04 1.21169551e+00 2.10300064e+00 1.00883252e+00 1.18646419e+00
1.15640020e+04 1.29332474e+00 2.24430241e+00 1.00860737e+00 1.26638771e+00
1.15644950e+04 1.33831551e+00 2.32222725e+00 1.00838843e+00 1.31056386e+00
1.15650010e+04 1.34183695e+00 2.32842484e+00 1.00816372e+00 1.31427323e+00
1.15654970e+04 1.32210625e+00 2.29440085e+00 1.00794346e+00 1.29527304e+00
1.15660010e+04 1.29061883e+00 2.24004277e+00 1.00771964e+00 1.26478893e+00
1.15665000e+04 1.24829036e+00 2.16693177e+00 1.00749804e+00 1.22370298e+00
1.15670030e+04 1.21129548e+00 2.10304717e+00 1.00727466e+00 1.18781660e+00
1.15675020e+04 1.17140857e+00 2.03415936e+00 1.00705306e+00 1.14909095e+00
1.15680020e+04 1.13964893e+00 1.97932960e+00 1.00683102e+00 1.11829595e+00
1.15685050e+04 1.11066025e+00 1.92929343e+00 1.00660764e+00 1.09020093e+00
1.15690020e+04 1.08821818e+00 1.89057974e+00 1.00638693e+00 1.06849396e+00
1.15694990e+04 1.06763278e+00 1.85507755e+00 1.00616622e+00 1.04859544e+00
1.15700010e+04 1.05041346e+00 1.82539877e+00 1.00594329e+00 1.03198450e+00
1.15705020e+04 1.03676551e+00 1.80189722e+00 1.00572080e+00 1.01886075e+00
1.15709970e+04 1.02083327e+00 1.77444325e+00 1.00550097e+00 1.00349568e+00
1.15715020e+04 1.00754936e+00 1.75157221e+00 1.00527671e+00 9.90721105e-01
1.15719970e+04 9.98179244e-01 1.73546882e+00 1.00505689e+00 9.81767798e-01
1.15724990e+04 9.87943948e-01 1.71787038e+00 1.00483395e+00 9.71967942e-01
1.15730020e+04 9.81983351e-01 1.70766616e+00 1.00461058e+00 9.66349553e-01
1.15734980e+04 9.74923358e-01 1.69555882e+00 1.00439031e+00 9.59650091e-01
1.15740020e+04 9.74316890e-01 1.69461590e+00 1.00416649e+00 9.59270783e-01
1.15744980e+04 9.74045062e-01 1.69425013e+00 1.00394622e+00 9.59215661e-01
1.15750010e+04 9.76487484e-01 1.69858071e+00 1.00372285e+00 9.61821971e-01
1.15755020e+04 9.81234630e-01 1.70689737e+00 1.00350036e+00 9.66685988e-01
1.15759990e+04 9.87461358e-01 1.71777244e+00 1.00327965e+00 9.72999482e-01
1.15765010e+04 9.96085019e-01 1.73279456e+00 1.00305672e+00 9.81665945e-01
1.15770020e+04 1.00577757e+00 1.74966535e+00 1.00283423e+00 9.91382350e-01
1.15775000e+04 1.01271176e+00 1.76176434e+00 1.00261307e+00 9.98396710e-01
1.15780010e+04 1.01807377e+00 1.77114453e+00 1.00239059e+00 1.00387328e+00
1.15785020e+04 1.02442078e+00 1.78222850e+00 1.00216810e+00 1.01031744e+00
1.15789980e+04 1.02507874e+00 1.78347099e+00 1.00194783e+00 1.01118218e+00
1.15795000e+04 1.02464642e+00 1.78282887e+00 1.00172490e+00 1.01098044e+00
1.15800010e+04 1.01785812e+00 1.77119255e+00 1.00150241e+00 1.00454287e+00
1.15805030e+04 1.01168206e+00 1.76061541e+00 1.00127948e+00 9.98704393e-01
1.15810010e+04 1.00013280e+00 1.74074336e+00 1.00105832e+00 9.87589404e-01
1.15815020e+04 9.90892061e-01 1.72486501e+00 1.00083584e+00 9.78737950e-01
1.15820000e+04 9.80262023e-01 1.70658295e+00 1.00061468e+00 9.68518572e-01
1.15824950e+04 9.71198759e-01 1.69101031e+00 1.00039486e+00 9.59832913e-01
1.15829990e+04 9.65849660e-01 1.68186401e+00 1.00017104e+00 9.54795474e-01
1.15834990e+04 9.61279490e-01 1.67406419e+00 9.99948992e-01 9.50519713e-01
1.15840010e+04 9.58836878e-01 1.66994486e+00 9.99726060e-01 9.48333271e-01
1.15845000e+04 9.59881376e-01 1.67185658e+00 9.99504461e-01 9.49570703e-01
1.15850040e+04 9.58803990e-01 1.67009911e+00 9.99280641e-01 9.48725711e-01
1.15854990e+04 9.58778619e-01 1.67015943e+00 9.99060817e-01 9.48910499e-01
1.15860030e+04 9.60022499e-01 1.67241708e+00 9.98836997e-01 9.50346711e-01
1.15865000e+04 9.61585842e-01 1.67522584e+00 9.98616286e-01 9.52094467e-01
1.15869980e+04 9.65157664e-01 1.68150890e+00 9.98395130e-01 9.55817976e-01
1.15875020e+04 9.70302723e-01 1.69051447e+00 9.98171310e-01 9.61092325e-01
1.15880010e+04 9.75276836e-01 1.69922329e+00 9.97949710e-01 9.66198100e-01
1.15884990e+04 9.85082696e-01 1.71628944e+00 9.97728555e-01 9.76058025e-01
1.15889980e+04 9.94484426e-01 1.73265677e+00 9.97506955e-01 9.85523935e-01
1.15895000e+04 1.00402184e+00 1.74925942e+00 9.97284023e-01 9.95127707e-01
1.15900010e+04 1.01708363e+00 1.77195802e+00 9.97061536e-01 1.00820270e+00
1.15904980e+04 1.03023280e+00 1.79480692e+00 9.96840824e-01 1.02136613e+00
1.15909990e+04 1.04214816e+00 1.81552253e+00 9.96618336e-01 1.03332089e+00
1.15914980e+04 1.05174584e+00 1.83222879e+00 9.96396737e-01 1.04299651e+00
1.15920000e+04 1.06293416e+00 1.85168703e+00 9.96173805e-01 1.05424307e+00
1.15924990e+04 1.06607540e+00 1.85722551e+00 9.95952205e-01 1.05756585e+00
1.15929960e+04 1.06879772e+00 1.86203898e+00 9.95731493e-01 1.06047611e+00
1.15935010e+04 1.06887934e+00 1.86228646e+00 9.95507229e-01 1.06078916e+00
1.15939980e+04 1.06413889e+00 1.85419148e+00 9.95286518e-01 1.05634683e+00
1.15944990e+04 1.05790746e+00 1.84351836e+00 9.95064030e-01 1.05043540e+00
1.15950020e+04 1.05109807e+00 1.83184596e+00 9.94840654e-01 1.04395327e+00
1.15955010e+04 1.04188691e+00 1.81601837e+00 9.94619054e-01 1.03509931e+00
1.15960010e+04 1.03486514e+00 1.80397798e+00 9.94397011e-01 1.02840183e+00
1.15964960e+04 1.02563118e+00 1.78811010e+00 9.94177187e-01 1.01951826e+00
1.15969990e+04 1.01850050e+00 1.77588197e+00 9.93953811e-01 1.01271004e+00
1.15975020e+04 1.01116803e+00 1.76330479e+00 9.93730435e-01 1.00570055e+00
1.15980000e+04 1.00484745e+00 1.75247685e+00 9.93509280e-01 9.99685008e-01
1.15985020e+04 1.00038488e+00 1.74486357e+00 9.93286348e-01 9.95502895e-01
1.15990010e+04 9.95177714e-01 1.73596171e+00 9.93064748e-01 9.90583180e-01
1.15995010e+04 9.92922202e-01 1.73216558e+00 9.92842704e-01 9.88576125e-01
1.16000040e+04 9.89632591e-01 1.72658139e+00 9.92619328e-01 9.85548735e-01
1.16005040e+04 9.88148704e-01 1.72411995e+00 9.92397285e-01 9.84302197e-01
1.16010000e+04 9.86499201e-01 1.72137120e+00 9.92177017e-01 9.82889938e-01
1.16015020e+04 9.85120538e-01 1.71909219e+00 9.91954085e-01 9.81747386e-01
1.16020000e+04 9.83247727e-01 1.71595760e+00 9.91732930e-01 9.80114516e-01
1.16024990e+04 9.79256453e-01 1.70915889e+00 9.91511330e-01 9.76388242e-01
1.16029940e+04 9.77151296e-01 1.70562178e+00 9.91291507e-01 9.74523059e-01
1.16034980e+04 9.72920304e-01 1.69840948e+00 9.91067687e-01 9.70559909e-01
1.16039940e+04 9.69814827e-01 1.69314232e+00 9.90847419e-01 9.67704706e-01
1.16044990e+04 9.65610735e-01 1.68597676e+00 9.90623155e-01 9.63766198e-01
1.16050010e+04 9.61652866e-01 1.67923646e+00 9.90400223e-01 9.60068614e-01
1.16054980e+04 9.59647677e-01 1.67587269e+00 9.90179512e-01 9.58299056e-01
1.16060000e+04 9.56822256e-01 1.67109120e+00 9.89956580e-01 9.55719664e-01
1.16064980e+04 9.55949937e-01 1.66968718e+00 9.89735424e-01 9.55070133e-01
1.16069990e+04 9.55028949e-01 1.66819960e+00 9.89512936e-01 9.54373518e-01
1.16075010e+04 9.55407773e-01 1.66896053e+00 9.89290004e-01 9.54963561e-01
1.16080010e+04 9.58315503e-01 1.67409532e+00 9.89067961e-01 9.58056263e-01
