# # source: .\new_experimental\norm_Pt_MoS_Iso_OCP.txt
# # site: Pt_MoS_Iso_OCP
# # columns: Energy(eV) Abs_raw Preedge_normalized PredictedPost_raw Final_normalized
# 
1.15155030e+04 1.12021302e-02 1.47296969e-02 1.19192687e+00 1.18854771e-02
1.15160020e+04 1.05585799e-02 1.40091225e-02 1.19065108e+00 1.13166498e-02
1.15165010e+04 1.09306180e-02 1.43352262e-02 1.18937529e+00 1.15930089e-02
1.15170010e+04 8.50339503e-03 1.17762613e-02 1.18809694e+00 9.53422156e-03
1.15175000e+04 7.40438890e-03 1.05862884e-02 1.18682115e+00 8.58039505e-03
1.15179980e+04 8.38176133e-03 1.15363723e-02 1.18554792e+00 9.36091177e-03
1.15185010e+04 6.81926040e-03 9.86825620e-03 1.18426190e+00 8.01641253e-03
1.15190010e+04 4.67323923e-03 7.59910145e-03 1.18298355e+00 6.18002539e-03
1.15195010e+04 5.08231054e-03 7.96325725e-03 1.18170520e+00 6.48347271e-03
1.15200010e+04 6.45420798e-03 9.31971382e-03 1.18042685e+00 7.59642044e-03
1.15204980e+04 5.11700395e-03 7.88448085e-03 1.17915618e+00 6.43378591e-03
1.15209980e+04 2.09230948e-03 4.70975431e-03 1.17787783e+00 3.84753282e-03
1.15215020e+04 2.90316270e-03 5.48753212e-03 1.17658925e+00 4.48803484e-03
1.15219980e+04 -1.00168536e-04 2.33528230e-03 1.17532113e+00 1.91208102e-03
1.15225020e+04 1.23757986e-03 3.65608493e-03 1.17403256e+00 2.99694908e-03
1.15229980e+04 1.95472100e-04 2.52509677e-03 1.17276444e+00 2.07219194e-03
1.15235020e+04 9.91724099e-04 3.28782638e-03 1.17147586e+00 2.70120872e-03
1.15240000e+04 1.02373488e-04 2.31404192e-03 1.17020263e+00 1.90332277e-03
1.15244980e+04 1.07463983e-03 3.25886338e-03 1.16892939e+00 2.68348941e-03
1.15250000e+04 -1.81405710e-03 2.24067869e-04 1.16764593e+00 1.84718481e-04
1.15255020e+04 -2.48178006e-03 -5.21763840e-04 1.16636247e+00 -4.30628080e-04
1.15259990e+04 -3.34818673e-03 -1.47178711e-03 1.16509179e+00 -1.21609239e-03
1.15264990e+04 -8.38357360e-04 1.05743647e-03 1.16381345e+00 8.74727161e-04
1.15270000e+04 -3.02103405e-03 -1.24961079e-03 1.16253254e+00 -1.03488338e-03
1.15275000e+04 -3.07185099e-03 -1.35942162e-03 1.16125419e+00 -1.12711624e-03
1.15279990e+04 -3.41728458e-03 -1.77275322e-03 1.15997840e+00 -1.47150006e-03
1.15284980e+04 -4.52418074e-03 -2.97085774e-03 1.15870261e+00 -2.46883402e-03
1.15290000e+04 -1.45825924e-03 1.31251652e-04 1.15741915e+00 1.09198437e-04
1.15295000e+04 -3.92285927e-03 -2.46623449e-03 1.15614080e+00 -2.05421642e-03
1.15300030e+04 -5.25436154e-03 -3.89628041e-03 1.15485478e+00 -3.24912038e-03
1.15305000e+04 -4.63598552e-03 -3.31606790e-03 1.15358411e+00 -2.76845422e-03
1.15309950e+04 -1.91671475e-03 -5.70416993e-04 1.15231854e+00 -4.76763812e-04
1.15315000e+04 -6.34266879e-03 -5.18987372e-03 1.15102741e+00 -4.34285313e-03
1.15320020e+04 -5.28760176e-03 -4.16017632e-03 1.14974395e+00 -3.48526003e-03
1.15325000e+04 -4.34033993e-03 -3.24112482e-03 1.14847072e+00 -2.71844692e-03
1.15329970e+04 -6.68107646e-03 -5.71061105e-03 1.14720004e+00 -4.79522406e-03
1.15335000e+04 -5.47362604e-03 -4.52398028e-03 1.14591402e+00 -3.80325015e-03
1.15340020e+04 -4.55496015e-03 -3.63485962e-03 1.14463056e+00 -3.05935080e-03
1.15344980e+04 -6.02845460e-03 -5.21044035e-03 1.14336244e+00 -4.39054091e-03
1.15350000e+04 -5.73716369e-03 -4.96790026e-03 1.14207898e+00 -4.19107176e-03
1.15355000e+04 -5.76283680e-03 -5.05179754e-03 1.14080063e+00 -4.26683021e-03
1.15360000e+04 -6.38150391e-03 -5.74684192e-03 1.13952228e+00 -4.85955457e-03
1.15364990e+04 -5.32511912e-03 -4.71544180e-03 1.13824649e+00 -3.99205914e-03
1.15370040e+04 -7.14635886e-03 -6.65044709e-03 1.13695536e+00 -5.63688909e-03
1.15375030e+04 -2.77352645e-03 -2.20107419e-03 1.13567957e+00 -1.86780653e-03
1.15380030e+04 -5.99463477e-03 -5.57822732e-03 1.13440122e+00 -4.73918426e-03
1.15385030e+04 -4.20211136e-03 -3.78826832e-03 1.13312287e+00 -3.22224751e-03
1.15390000e+04 -4.34906884e-03 -3.99681817e-03 1.13185219e+00 -3.40361841e-03
1.15395020e+04 -3.02271139e-03 -2.68752545e-03 1.13056873e+00 -2.29135873e-03
1.15399980e+04 -1.04235705e-03 -7.03526021e-04 1.12930061e+00 -6.00522312e-04
1.15404980e+04 -4.90308192e-03 -4.73987605e-03 1.12802226e+00 -4.05069136e-03
1.15410010e+04 -2.26628863e-03 -2.08014648e-03 1.12673624e+00 -1.77980723e-03
1.15415010e+04 1.53670930e-03 1.78183294e-03 1.12545790e+00 1.52637215e-03
1.15419980e+04 2.98443774e-03 3.21678652e-03 1.12418722e+00 2.75884700e-03
1.15424990e+04 2.25850293e-03 2.41107581e-03 1.12290631e+00 2.07029817e-03
1.15430030e+04 -3.77155227e-04 -3.63164499e-04 1.12161774e+00 -3.12209266e-04
1.15434960e+04 5.10210387e-03 5.22719496e-03 1.12035729e+00 4.49904892e-03
1.15439990e+04 4.77344427e-03 4.83069136e-03 1.11907127e+00 4.16276484e-03
1.15445020e+04 7.25094954e-03 7.32625667e-03 1.11778525e+00 6.32085624e-03
1.15450030e+04 9.88141275e-03 9.97969213e-03 1.11650435e+00 8.62046458e-03
1.15454970e+04 1.00779180e-02 1.01254640e-02 1.11524134e+00 8.75672182e-03
1.15459990e+04 1.33566401e-02 1.34468883e-02 1.11395788e+00 1.16431487e-02
1.15465010e+04 1.95427788e-02 1.97647329e-02 1.11267442e+00 1.71341375e-02
1.15470030e+04 1.63535915e-02 1.64202483e-02 1.11139096e+00 1.42519503e-02
1.15475040e+04 1.90081552e-02 1.90985220e-02 1.11011005e+00 1.65965267e-02
1.15480020e+04 2.56671640e-02 2.59041720e-02 1.10883682e+00 2.25375928e-02
1.15485020e+04 2.92876285e-02 2.95780302e-02 1.10755847e+00 2.57649996e-02
1.15489960e+04 2.95996169e-02 2.98428203e-02 1.10629546e+00 2.60266445e-02
1.15495050e+04 3.66775879e-02 3.70789944e-02 1.10499410e+00 3.23772563e-02
1.15500020e+04 4.31571227e-02 4.36997912e-02 1.10372343e+00 3.82043915e-02
1.15505010e+04 4.63604334e-02 4.69438402e-02 1.10244764e+00 4.10900907e-02
1.15510040e+04 5.09747034e-02 5.16415822e-02 1.10116162e+00 4.52571743e-02
1.15515030e+04 6.01009377e-02 6.09898711e-02 1.09988583e+00 5.35144968e-02
1.15520000e+04 6.72456720e-02 6.82962308e-02 1.09861515e+00 5.99977314e-02
1.15524990e+04 7.59122546e-02 7.71707969e-02 1.09733936e+00 6.78763044e-02
1.15530020e+04 7.96481669e-02 8.09632923e-02 1.09605334e+00 7.12993134e-02
1.15535010e+04 9.34054239e-02 9.50843716e-02 1.09477755e+00 8.38368064e-02
1.15540000e+04 1.03926833e-01 1.05870545e-01 1.09350176e+00 9.34608607e-02
1.15545010e+04 1.13847205e-01 1.16037053e-01 1.09222085e+00 1.02561209e-01
1.15550000e+04 1.34079638e-01 1.36831530e-01 1.09094506e+00 1.21088517e-01
1.15555010e+04 1.54917649e-01 1.58249894e-01 1.08966416e+00 1.40214626e-01
1.15560010e+04 1.66225808e-01 1.69846788e-01 1.08838581e+00 1.50674559e-01
1.15564950e+04 1.91332717e-01 1.95665536e-01 1.08712280e+00 1.73789640e-01
1.15570030e+04 2.14265853e-01 2.19242357e-01 1.08582400e+00 1.94973938e-01
1.15575010e+04 2.42859296e-01 2.48653912e-01 1.08455077e+00 2.21401180e-01
1.15579960e+04 2.81499064e-01 2.88419681e-01 1.08328520e+00 2.57122156e-01
1.15585000e+04 3.21876815e-01 3.29975603e-01 1.08199663e+00 2.94534868e-01
1.15590000e+04 3.64556587e-01 3.73904477e-01 1.08071828e+00 3.34158259e-01
1.15594980e+04 4.30504742e-01 4.41814269e-01 1.07944504e+00 3.95336067e-01
1.15599990e+04 4.91385613e-01 5.04501309e-01 1.07816414e+00 4.51989195e-01
1.15605010e+04 5.79932297e-01 5.95700972e-01 1.07688068e+00 5.34361139e-01
1.15609970e+04 6.76872932e-01 6.95552235e-01 1.07561256e+00 6.24699718e-01
1.15615000e+04 7.86864667e-01 8.08853322e-01 1.07432654e+00 7.27368617e-01
1.15620050e+04 9.12208379e-01 9.37976120e-01 1.07303541e+00 8.44544694e-01
1.15624970e+04 1.03802557e+00 1.06758839e+00 1.07177751e+00 9.62426055e-01
1.15630020e+04 1.15258692e+00 1.18559875e+00 1.07048638e+00 1.07015994e+00
1.15635000e+04 1.25445736e+00 1.29053049e+00 1.06921315e+00 1.16632544e+00
1.15640000e+04 1.31790648e+00 1.35586453e+00 1.06793480e+00 1.22690558e+00
1.15645020e+04 1.34895555e+00 1.38780643e+00 1.06665134e+00 1.25738988e+00
1.15650020e+04 1.35530503e+00 1.39429284e+00 1.06537299e+00 1.26485224e+00
1.15655010e+04 1.33586470e+00 1.37420006e+00 1.06409720e+00 1.24818824e+00
1.15660030e+04 1.30895527e+00 1.34640920e+00 1.06281374e+00 1.22449067e+00
1.15664980e+04 1.26498221e+00 1.30103314e+00 1.06154817e+00 1.18469918e+00
1.15669960e+04 1.23824370e+00 1.27341889e+00 1.06027494e+00 1.16101090e+00
1.15674980e+04 1.19160826e+00 1.22529815e+00 1.05899148e+00 1.11855449e+00
1.15680010e+04 1.17473856e+00 1.20785424e+00 1.05770546e+00 1.10403298e+00
1.15684990e+04 1.14892700e+00 1.18119531e+00 1.05643223e+00 1.08102711e+00
1.15689980e+04 1.11700935e+00 1.14824326e+00 1.05515644e+00 1.05219910e+00
1.15695000e+04 1.10508599e+00 1.13589722e+00 1.05387297e+00 1.04221234e+00
1.15700030e+04 1.08351917e+00 1.11361240e+00 1.05258696e+00 1.02307198e+00
1.15705030e+04 1.07739270e+00 1.10724095e+00 1.05130861e+00 1.01851312e+00
1.15709970e+04 1.06348960e+00 1.09285549e+00 1.05004560e+00 1.00654603e+00
1.15715000e+04 1.05138983e+00 1.08032753e+00 1.04875958e+00 9.96284618e-01
1.15720040e+04 1.04820488e+00 1.07698718e+00 1.04747101e+00 9.94483125e-01
1.15725010e+04 1.02407253e+00 1.05205899e+00 1.04620033e+00 9.72699792e-01
1.15729990e+04 1.01586324e+00 1.04354118e+00 1.04492710e+00 9.66055293e-01
1.15734990e+04 1.01182136e+00 1.03931812e+00 1.04364875e+00 9.63379700e-01
1.15740040e+04 1.00943909e+00 1.03680492e+00 1.04235762e+00 9.62296543e-01
1.15745030e+04 1.00485364e+00 1.03202177e+00 1.04108183e+00 9.59086224e-01
1.15749950e+04 1.00941564e+00 1.03666690e+00 1.03982393e+00 9.64623483e-01
1.15755000e+04 1.02118411e+00 1.04873762e+00 1.03853280e+00 9.77125848e-01
1.15760010e+04 1.01405732e+00 1.04133511e+00 1.03725190e+00 9.71483602e-01
1.15765010e+04 1.02892720e+00 1.05660276e+00 1.03597355e+00 9.87001048e-01
1.15770000e+04 1.03814262e+00 1.06604297e+00 1.03469776e+00 9.97105467e-01
1.15775010e+04 1.03725445e+00 1.06507005e+00 1.03341685e+00 9.97488850e-01
1.15779970e+04 1.04616358e+00 1.07419494e+00 1.03214873e+00 1.00732953e+00
1.15785000e+04 1.04895363e+00 1.07701262e+00 1.03086271e+00 1.01129174e+00
1.15789980e+04 1.05286754e+00 1.08098913e+00 1.02958948e+00 1.01634064e+00
1.15795030e+04 1.05434182e+00 1.08245053e+00 1.02829835e+00 1.01905346e+00
1.15800010e+04 1.03127430e+00 1.05861964e+00 1.02702511e+00 9.97912864e-01
1.15804990e+04 1.03791131e+00 1.06540263e+00 1.02575188e+00 1.00561313e+00
1.15810020e+04 1.02268809e+00 1.04965560e+00 1.02446586e+00 9.92053086e-01
1.15814990e+04 1.01400095e+00 1.04064543e+00 1.02319518e+00 9.84817386e-01
1.15820020e+04 1.00863627e+00 1.03505874e+00 1.02190916e+00 9.80822305e-01
1.15824990e+04 9.99880671e-01 1.02597801e+00 1.02063849e+00 9.73486007e-01
1.15830000e+04 9.89615597e-01 1.01534114e+00 1.01935758e+00 9.64662230e-01
1.15834990e+04 9.81351942e-01 1.00676719e+00 1.01808179e+00 9.57772671e-01
1.15840000e+04 9.79887321e-01 1.00520018e+00 1.01680089e+00 9.57544751e-01
1.15845040e+04 9.79455074e-01 1.00469681e+00 1.01551231e+00 9.58338363e-01
1.15850010e+04 9.78421402e-01 1.00357440e+00 1.01424163e+00 9.58525101e-01
1.15854990e+04 9.76362435e-01 1.00139519e+00 1.01296840e+00 9.57704179e-01
1.15860010e+04 9.77544926e-01 1.00255621e+00 1.01168494e+00 9.60089976e-01
1.15864960e+04 9.77345536e-01 1.00229386e+00 1.01041937e+00 9.61099372e-01
1.15869980e+04 9.83036919e-01 1.00810180e+00 1.00913591e+00 9.67957891e-01
1.15874970e+04 9.85950086e-01 1.01104682e+00 1.00786012e+00 9.72074386e-01
1.15880010e+04 9.85043655e-01 1.01005475e+00 1.00657155e+00 9.72424405e-01
1.15885030e+04 9.95567357e-01 1.02084294e+00 1.00528809e+00 9.84126751e-01
1.15889960e+04 9.99067376e-01 1.02439347e+00 1.00402763e+00 9.88850002e-01
1.15895020e+04 1.01074827e+00 1.03637382e+00 1.00273395e+00 1.00176860e+00
1.15899990e+04 1.01332208e+00 1.03896933e+00 1.00146327e+00 1.00561420e+00
1.15905020e+04 1.02390115e+00 1.04981446e+00 1.00017725e+00 1.01748186e+00
1.15910000e+04 1.03759893e+00 1.06387436e+00 9.98904016e-01 1.03248767e+00
1.15915070e+04 1.05089348e+00 1.07751765e+00 9.97607772e-01 1.04715415e+00
1.15920020e+04 1.05250149e+00 1.07911802e+00 9.96342207e-01 1.05010720e+00
1.15925010e+04 1.05881371e+00 1.08556615e+00 9.95066416e-01 1.05780328e+00
1.15929970e+04 1.06388672e+00 1.09073749e+00 9.93798295e-01 1.06426566e+00
1.15934990e+04 1.04861518e+00 1.07494077e+00 9.92514834e-01 1.05027581e+00
1.15939980e+04 1.04631575e+00 1.07251362e+00 9.91239043e-01 1.04931995e+00
1.15944920e+04 1.03915168e+00 1.06507350e+00 9.89976035e-01 1.04343617e+00
1.15950000e+04 1.03423256e+00 1.05994543e+00 9.88677233e-01 1.03984425e+00
1.15955010e+04 1.03654428e+00 1.06227036e+00 9.87396329e-01 1.04354431e+00
1.15959990e+04 1.01803234e+00 1.04313452e+00 9.86123094e-01 1.02613487e+00
1.15964960e+04 1.01070084e+00 1.03552149e+00 9.84852417e-01 1.02002580e+00
1.15969980e+04 9.98728434e-01 1.02312491e+00 9.83568955e-01 1.00919558e+00
1.15975020e+04 9.92339423e-01 1.01648241e+00 9.82280381e-01 1.00402465e+00
1.15979970e+04 9.91389661e-01 1.01544671e+00 9.81014816e-01 1.00436044e+00
1.15985020e+04 9.80526684e-01 1.00419318e+00 9.79723685e-01 9.94604411e-01
1.15989990e+04 9.81348475e-01 1.00498304e+00 9.78453007e-01 9.96744375e-01
1.15994990e+04 9.85251205e-01 1.00894780e+00 9.77174659e-01 1.00205163e+00
1.16000030e+04 9.69020258e-01 9.92162084e-01 9.75886085e-01 9.86747343e-01
1.16005020e+04 9.68178031e-01 9.91236750e-01 9.74610294e-01 9.87182674e-01
1.16010050e+04 9.66937278e-01 9.89900232e-01 9.73324276e-01 9.87220035e-01
1.16015010e+04 9.67525367e-01 9.90449345e-01 9.72056155e-01 9.89121506e-01
1.16020010e+04 9.66707375e-01 9.89548874e-01 9.70777807e-01 9.89589522e-01
1.16025010e+04 9.57732077e-01 9.80241380e-01 9.69499459e-01 9.81639819e-01
1.16029990e+04 9.59719637e-01 9.82232576e-01 9.68226224e-01 9.84993097e-01
1.16034990e+04 9.51055626e-01 9.73245899e-01 9.66947877e-01 9.77337128e-01
1.16040010e+04 9.47820532e-01 9.69854101e-01 9.65664415e-01 9.75291498e-01
1.16044980e+04 9.41366508e-01 9.63145410e-01 9.64393738e-01 9.69886478e-01
1.16050010e+04 9.37560545e-01 9.59165153e-01 9.63107720e-01 9.67234000e-01
1.16055000e+04 9.40372391e-01 9.62005754e-01 9.61831928e-01 9.71451114e-01
1.16060020e+04 9.37711390e-01 9.59205625e-01 9.60548467e-01 9.69984080e-01
1.16065020e+04 9.32685758e-01 9.53968706e-01 9.59270119e-01 9.66039868e-01
1.16070060e+04 9.29289531e-01 9.50410614e-01 9.57981545e-01 9.63797860e-01
1.16074970e+04 9.23853168e-01 9.44751426e-01 9.56726207e-01 9.59380747e-01
1.16079960e+04 9.30343864e-01 9.51383495e-01 9.55450416e-01 9.67472037e-01
