# # source: .\new_experimental\norm_sim_XANESAds14.txt
# # site: sim_XANESAds14
# # columns: Energy(eV) Abs_raw Preedge_normalized PredictedPost_raw Final_normalized
# 
1.15245000e+04 4.38735837e-03 1.12839526e-01 8.98692245e-01 8.37164209e-02
1.15250000e+04 3.91516628e-03 1.08511026e-01 8.99144413e-01 8.07039685e-02
1.15255000e+04 3.45234025e-03 1.04194652e-01 8.99596581e-01 7.76856357e-02
1.15260000e+04 2.99927437e-03 9.98909161e-02 9.00048750e-01 7.46617604e-02
1.15265000e+04 2.55638361e-03 9.56003539e-02 9.00500918e-01 7.16327036e-02
1.15270000e+04 2.12410975e-03 9.13235379e-02 9.00953087e-01 6.85988562e-02
1.15275000e+04 1.70291766e-03 8.70610701e-02 9.01405255e-01 6.55606355e-02
1.15280000e+04 1.29329979e-03 8.28135880e-02 9.01857424e-01 6.25184900e-02
1.15285000e+04 8.95779856e-04 7.85817696e-02 9.02309592e-01 5.94729033e-02
1.15290000e+04 5.10912147e-04 7.43663328e-02 9.02761760e-01 5.64243938e-02
1.15295000e+04 1.39285202e-04 7.01680394e-02 9.03213929e-01 5.33735190e-02
1.15300000e+04 -2.18476675e-04 6.59876978e-02 9.03666097e-01 5.03208774e-02
1.15305000e+04 -5.61706713e-04 6.18261712e-02 9.04118266e-01 4.72671155e-02
1.15310000e+04 -8.89698661e-04 5.76843742e-02 9.04570434e-01 4.42129256e-02
1.15315000e+04 -1.20169709e-03 5.35632848e-02 9.05022602e-01 4.11590560e-02
1.15320000e+04 -1.49689816e-03 4.94639437e-02 9.05474771e-01 3.81063110e-02
1.15325000e+04 -1.77444290e-03 4.53874632e-02 9.05926939e-01 3.50555582e-02
1.15330000e+04 -2.03341346e-03 4.13350316e-02 9.06379108e-01 3.20077333e-02
1.15335000e+04 -2.27282720e-03 3.73079211e-02 9.06831276e-01 2.89638465e-02
1.15340000e+04 -2.49163294e-03 3.33074929e-02 9.07283445e-01 2.59249877e-02
1.15345000e+04 -2.68870276e-03 2.93352072e-02 9.07735613e-01 2.28923359e-02
1.15350000e+04 -2.86282530e-03 2.53926325e-02 9.08187781e-01 1.98671663e-02
1.15355000e+04 -3.01269980e-03 2.14814529e-02 9.08639950e-01 1.68508587e-02
1.15360000e+04 -3.13692567e-03 1.76034818e-02 9.09092118e-01 1.38449087e-02
1.15365000e+04 -3.23399207e-03 1.37606755e-02 9.09544287e-01 1.08509402e-02
1.15370000e+04 -3.30227194e-03 9.95514053e-03 9.09996455e-01 7.87071322e-03
1.15375000e+04 -3.34000410e-03 6.18915717e-03 9.10448623e-01 4.90614385e-03
1.15380000e+04 -3.34528510e-03 2.46518992e-03 9.10900792e-01 1.95931487e-03
1.15385000e+04 -3.31604982e-03 -1.21408740e-03 9.11352960e-01 -9.67502096e-04
1.15390000e+04 -3.25005807e-03 -4.84577430e-03 9.11805129e-01 -3.87183016e-03
1.15395000e+04 -3.14487371e-03 -8.42671661e-03 9.12257297e-01 -6.75096287e-03
1.15400000e+04 -2.99784532e-03 -1.19534814e-02 9.12709466e-01 -9.60194092e-03
1.15405000e+04 -2.80607785e-03 -1.54223203e-02 9.13161634e-01 -1.24215193e-02
1.15410000e+04 -2.56641030e-03 -1.88291405e-02 9.13613802e-01 -1.52061402e-02
1.15415000e+04 -2.27537844e-03 -2.21694569e-02 9.14065971e-01 -1.79518894e-02
1.15420000e+04 -1.92918431e-03 -2.54383520e-02 9.14518139e-01 -2.06544597e-02
1.15425000e+04 -1.52365296e-03 -2.86304203e-02 9.14970308e-01 -2.33091001e-02
1.15430000e+04 -1.05418405e-03 -3.17397054e-02 9.15422476e-01 -2.59105582e-02
1.15435000e+04 -5.15698974e-04 -3.47596319e-02 9.15874644e-01 -2.84530177e-02
1.15440000e+04 9.74210125e-05 -3.76829249e-02 9.16326813e-01 -3.09300248e-02
1.15445000e+04 7.91410758e-04 -4.05015119e-02 9.16778981e-01 -3.33343986e-02
1.15450000e+04 1.57319944e-03 -4.32064212e-02 9.17231150e-01 -3.56581377e-02
1.15455000e+04 2.45051712e-03 -4.57876444e-02 9.17683318e-01 -3.78922943e-02
1.15460000e+04 3.43200273e-03 -4.82339963e-02 9.18135486e-01 -4.00268455e-02
1.15465000e+04 4.52734341e-03 -5.05329344e-02 9.18587655e-01 -4.20505282e-02
1.15470000e+04 5.74743470e-03 -5.26703518e-02 9.19039823e-01 -4.39506491e-02
1.15475000e+04 7.10456600e-03 -5.46303367e-02 9.19491992e-01 -4.57128634e-02
1.15480000e+04 8.61265081e-03 -5.63948746e-02 9.19944160e-01 -4.73209019e-02
1.15485000e+04 1.02874912e-02 -5.79435059e-02 9.20396329e-01 -4.87562563e-02
1.15490000e+04 1.21471040e-02 -5.92529032e-02 9.20848497e-01 -4.99977905e-02
1.15495000e+04 1.42121107e-02 -6.02963669e-02 9.21300665e-01 -5.10212779e-02
1.15500000e+04 1.65062081e-02 -6.10432156e-02 9.21752834e-01 -5.17988396e-02
1.15505000e+04 1.90567462e-02 -6.14580378e-02 9.22205002e-01 -5.22982562e-02
1.15510000e+04 2.18954329e-02 -6.14997800e-02 9.22657171e-01 -5.24821285e-02
1.15515000e+04 2.50592122e-02 -6.11206086e-02 9.23109339e-01 -5.23068297e-02
1.15520000e+04 2.85913460e-02 -6.02645106e-02 9.23561507e-01 -5.17212155e-02
1.15525000e+04 3.25427619e-02 -5.88655473e-02 9.24013676e-01 -5.06650137e-02
1.15530000e+04 3.69737598e-02 -5.68456456e-02 9.24465844e-01 -4.90667871e-02
1.15535000e+04 4.19561645e-02 -5.41118104e-02 9.24918013e-01 -4.68413596e-02
1.15540000e+04 4.75760672e-02 -5.05525750e-02 9.25370181e-01 -4.38865369e-02
1.15545000e+04 5.39373723e-02 -4.60334094e-02 9.25822350e-01 -4.00788622e-02
1.15550000e+04 6.11663785e-02 -4.03907884e-02 9.26274518e-01 -3.52681288e-02
1.15555000e+04 6.94177016e-02 -3.34245234e-02 9.26726686e-01 -2.92702755e-02
1.15560000e+04 7.88821567e-02 -2.48875565e-02 9.27178855e-01 -2.18579294e-02
1.15565000e+04 8.97970988e-02 -1.44725727e-02 9.27631023e-01 -1.27479799e-02
1.15570000e+04 1.02460197e-01 -1.79416467e-03 9.28083192e-01 -1.58500457e-03
1.15575000e+04 1.17247852e-01 1.36350117e-02 9.28535360e-01 1.20809215e-02
1.15580000e+04 1.34639736e-01 3.24360105e-02 9.28987528e-01 2.88238554e-02
1.15585000e+04 1.55251427e-01 5.54058542e-02 9.29439697e-01 4.93814875e-02
1.15590000e+04 1.79877098e-01 8.35727939e-02 9.29891865e-01 7.47069689e-02
1.15590200e+04 1.80774304e-01 8.45857661e-02 9.29909952e-01 7.56214618e-02
1.15590500e+04 1.82380385e-01 8.64422099e-02 9.29937082e-01 7.72949346e-02
1.15591100e+04 1.85823494e-01 9.04541170e-02 9.29991342e-01 8.09111430e-02
1.15591100e+04 1.85926987e-01 9.05881152e-02 9.29991342e-01 8.10310042e-02
1.15591800e+04 1.89378104e-01 9.45360477e-02 9.30054646e-01 8.45976186e-02
1.15591900e+04 1.90045027e-01 9.53252038e-02 9.30063689e-01 8.53088837e-02
1.15591900e+04 1.90384460e-01 9.57646843e-02 9.30063689e-01 8.57021856e-02
1.15592900e+04 1.96188066e-01 1.02535473e-01 9.30154123e-01 9.18161210e-02
1.15593100e+04 1.97065277e-01 1.03522556e-01 9.30172210e-01 9.27110422e-02
1.15594000e+04 2.02340482e-01 1.09683541e-01 9.30253600e-01 9.82812241e-02
1.15595000e+04 2.08699323e-01 1.17173219e-01 9.30344034e-01 1.05054840e-01
1.15596000e+04 2.15309718e-01 1.24988598e-01 9.30434467e-01 1.12128720e-01
1.15597000e+04 2.22183781e-01 1.33145360e-01 9.30524901e-01 1.19517479e-01
1.15598000e+04 2.29334244e-01 1.41659991e-01 9.30615335e-01 1.27236487e-01
1.15599000e+04 2.36774420e-01 1.50549728e-01 9.30705768e-01 1.35301827e-01
1.15600000e+04 2.44518293e-01 1.59832676e-01 9.30796202e-01 1.43730401e-01
1.15601000e+04 2.52580456e-01 1.69527730e-01 9.30886636e-01 1.52539863e-01
1.15602000e+04 2.60976161e-01 1.79654637e-01 9.30977069e-01 1.61748673e-01
1.15603000e+04 2.69721311e-01 1.90233989e-01 9.31067503e-01 1.71376101e-01
1.15604000e+04 2.78832448e-01 2.01287200e-01 9.31157937e-01 1.81442201e-01
1.15605000e+04 2.88326727e-01 2.12836485e-01 9.31248370e-01 1.91967798e-01
1.15606000e+04 2.98221923e-01 2.24904858e-01 9.31338804e-01 2.02974489e-01
1.15607000e+04 3.08536343e-01 2.37516019e-01 9.31429238e-01 2.14484542e-01
1.15608000e+04 3.19288804e-01 2.50694334e-01 9.31519672e-01 2.26520879e-01
1.15609000e+04 3.30498541e-01 2.64464708e-01 9.31610105e-01 2.39106965e-01
1.15610000e+04 3.42185111e-01 2.78852460e-01 9.31700539e-01 2.52266699e-01
1.15611000e+04 3.54368264e-01 2.93883163e-01 9.31790973e-01 2.66024261e-01
1.15612000e+04 3.67067787e-01 3.09582435e-01 9.31881406e-01 2.80403937e-01
1.15613000e+04 3.80303295e-01 3.25975674e-01 9.31971840e-01 2.95429866e-01
1.15614000e+04 3.94094024e-01 3.43087785e-01 9.32062274e-01 3.11125803e-01
1.15615000e+04 4.08458517e-01 3.60942776e-01 9.32152707e-01 3.27514744e-01
1.15616000e+04 4.23414297e-01 3.79563335e-01 9.32243141e-01 3.44618541e-01
1.15617000e+04 4.38977447e-01 3.98970287e-01 9.32333575e-01 3.62457408e-01
1.15618000e+04 4.55162189e-01 4.19182045e-01 9.32424008e-01 3.81049416e-01
1.15619000e+04 4.71980310e-01 4.40213869e-01 9.32514442e-01 4.00409810e-01
1.15620000e+04 4.89440585e-01 4.62077122e-01 9.32604876e-01 4.20550324e-01
1.15621000e+04 5.07548066e-01 4.84778344e-01 9.32695309e-01 4.41478331e-01
1.15622000e+04 5.26303333e-01 5.08318286e-01 9.32785743e-01 4.63195947e-01
1.15623000e+04 5.45701686e-01 5.32690864e-01 9.32876177e-01 4.85699057e-01
1.15624000e+04 5.65732232e-01 5.57881974e-01 9.32966610e-01 5.08976223e-01
1.15625000e+04 5.86376966e-01 5.83868302e-01 9.33057044e-01 5.33007571e-01
1.15626000e+04 6.07609813e-01 6.10616089e-01 9.33147478e-01 5.57763635e-01
1.15627000e+04 6.29395682e-01 6.38079903e-01 9.33237912e-01 5.83204211e-01
1.15628000e+04 6.51689548e-01 6.66201443e-01 9.33328345e-01 6.09277230e-01
1.15629000e+04 6.74435654e-01 6.94908523e-01 9.33418779e-01 6.35917784e-01
1.15630000e+04 6.97566930e-01 7.24114299e-01 9.33509213e-01 6.63047390e-01
1.15631000e+04 7.21004248e-01 7.53716325e-01 9.33599646e-01 6.90573077e-01
1.15632000e+04 7.44656795e-01 7.83597017e-01 9.33690080e-01 7.18387772e-01
1.15633000e+04 7.68421762e-01 8.13623265e-01 9.33780514e-01 7.46369892e-01
1.15634000e+04 7.92394758e-01 8.43918859e-01 9.33870947e-01 7.74633374e-01
1.15635000e+04 8.16241925e-01 8.74051536e-01 9.33961381e-01 8.02781715e-01
1.15636000e+04 8.39830282e-01 9.03849118e-01 9.34051815e-01 8.30656469e-01
1.15637000e+04 8.63020216e-01 9.33130842e-01 9.34142248e-01 8.58090908e-01
1.15638000e+04 8.85668242e-01 9.61710932e-01 9.34232682e-01 8.84913284e-01
1.15639000e+04 9.07629310e-01 9.89401583e-01 9.34323116e-01 9.10949559e-01
1.15640000e+04 9.28760455e-01 1.01601769e+00 9.34413549e-01 9.36027762e-01
1.15641000e+04 9.48922588e-01 1.04137917e+00 9.34503983e-01 9.59980122e-01
1.15642000e+04 9.67982503e-01 1.06531356e+00 9.34594417e-01 9.82645484e-01
1.15643000e+04 9.85813552e-01 1.08765687e+00 9.34684850e-01 1.00387014e+00
1.15644000e+04 1.00230346e+00 1.10826375e+00 9.34775284e-01 1.02351718e+00
1.15645000e+04 1.01736090e+00 1.12701593e+00 9.34865718e-01 1.04147442e+00
1.15646000e+04 1.03091673e+00 1.14382391e+00 9.34956151e-01 1.05765599e+00
1.15647000e+04 1.04292588e+00 1.15862932e+00 9.35046585e-01 1.07200461e+00
1.15648000e+04 1.05336593e+00 1.17140314e+00 9.35137019e-01 1.08449001e+00
1.15649000e+04 1.06223613e+00 1.18214439e+00 9.35227453e-01 1.09510787e+00
1.15650000e+04 1.06955688e+00 1.19087951e+00 9.35317886e-01 1.10387924e+00
1.15651000e+04 1.07536732e+00 1.19765914e+00 9.35408320e-01 1.11084766e+00
1.15652000e+04 1.07972375e+00 1.20255620e+00 9.35498754e-01 1.11607749e+00
1.15653000e+04 1.08269636e+00 1.20566155e+00 9.35589187e-01 1.11964989e+00
1.15654000e+04 1.08436686e+00 1.20708102e+00 9.35679621e-01 1.12166011e+00
1.15655000e+04 1.08482549e+00 1.20693140e+00 9.35770055e-01 1.12221387e+00
1.15656000e+04 1.08416819e+00 1.20533693e+00 9.35860488e-01 1.12142406e+00
1.15657000e+04 1.08249413e+00 1.20242601e+00 9.35950922e-01 1.11940770e+00
1.15658000e+04 1.07990312e+00 1.19832789e+00 9.36041356e-01 1.11628293e+00
1.15659000e+04 1.07649404e+00 1.19317056e+00 9.36131789e-01 1.11216699e+00
1.15660000e+04 1.07236299e+00 1.18707845e+00 9.36222223e-01 1.10717410e+00
1.15661000e+04 1.06760175e+00 1.18017041e+00 9.36312657e-01 1.10141353e+00
1.15662000e+04 1.06229725e+00 1.17255900e+00 9.36403090e-01 1.09498897e+00
1.15663000e+04 1.05653035e+00 1.16434887e+00 9.36493524e-01 1.08799698e+00
1.15664000e+04 1.05037611e+00 1.15563726e+00 9.36583958e-01 1.08052741e+00
1.15665000e+04 1.04390288e+00 1.14651261e+00 9.36674391e-01 1.07266213e+00
1.15666000e+04 1.03717292e+00 1.13705557e+00 9.36764825e-01 1.06447589e+00
1.15667000e+04 1.03024225e+00 1.12733868e+00 9.36855259e-01 1.05603604e+00
1.15668000e+04 1.02316088e+00 1.11742665e+00 9.36945693e-01 1.04740276e+00
1.15669000e+04 1.01597334e+00 1.10737716e+00 9.37036126e-01 1.03862982e+00
1.15670000e+04 1.00871890e+00 1.09724106e+00 9.37126560e-01 1.02976463e+00
1.15671000e+04 1.00143228e+00 1.08706329e+00 9.37216994e-01 1.02084926e+00
1.15672000e+04 9.94143650e-01 1.07688291e+00 9.37307427e-01 1.01192031e+00
1.15673000e+04 9.86879379e-01 1.06673407e+00 9.37397861e-01 1.00300986e+00
1.15674000e+04 9.79662564e-01 1.05664668e+00 9.37488295e-01 9.94146074e-01
1.15675000e+04 9.72512947e-01 1.04664629e+00 9.37578728e-01 9.85353115e-01
1.15676000e+04 9.65447664e-01 1.03675510e+00 9.37669162e-01 9.76652011e-01
1.15677000e+04 9.58481464e-01 1.02699219e+00 9.37759596e-01 9.68060936e-01
1.15678000e+04 9.51627014e-01 1.01737397e+00 9.37850029e-01 9.59595564e-01
1.15679000e+04 9.44895115e-01 1.00791442e+00 9.37940463e-01 9.51269333e-01
1.15680000e+04 9.38294856e-01 9.98625315e-01 9.38030897e-01 9.43093616e-01
1.15681000e+04 9.31834210e-01 9.89516971e-01 9.38121330e-01 9.35078451e-01
1.15682000e+04 9.25519507e-01 9.80597588e-01 9.38211764e-01 9.27231894e-01
1.15683000e+04 9.19356410e-01 9.71874497e-01 9.38302198e-01 9.19561198e-01
1.15684000e+04 9.13349390e-01 9.63353486e-01 9.38392631e-01 9.12072175e-01
1.15685000e+04 9.07502170e-01 9.55039376e-01 9.38483065e-01 9.04769736e-01
1.15686000e+04 9.01817657e-01 9.46935931e-01 9.38573499e-01 8.97657801e-01
1.15687000e+04 8.96298235e-01 9.39046237e-01 9.38663932e-01 8.90739657e-01
1.15688000e+04 8.90945542e-01 9.31372416e-01 9.38754366e-01 8.84017686e-01
1.15689000e+04 8.85760919e-01 9.23916204e-01 9.38844800e-01 8.77493907e-01
1.15690000e+04 8.80745112e-01 9.16678565e-01 9.38935234e-01 8.71169612e-01
1.15691000e+04 8.75898419e-01 9.09659886e-01 9.39025667e-01 8.65045547e-01
1.15692000e+04 8.71220839e-01 9.02860166e-01 9.39116101e-01 8.59122092e-01
1.15693000e+04 8.66712074e-01 8.96279021e-01 9.39206535e-01 8.53399259e-01
1.15694000e+04 8.62371529e-01 8.89915677e-01 9.39296968e-01 8.47876694e-01
1.15695000e+04 8.58198235e-01 8.83768881e-01 9.39387402e-01 8.42553583e-01
1.15696000e+04 8.54191074e-01 8.77837187e-01 9.39477836e-01 8.37428924e-01
1.15697000e+04 8.50348855e-01 8.72119050e-01 9.39568269e-01 8.32501623e-01
1.15698000e+04 8.46669863e-01 8.66612253e-01 9.39658703e-01 8.27769934e-01
1.15699000e+04 8.43152610e-01 8.61314866e-01 9.39749137e-01 8.23232388e-01
1.15700000e+04 8.39795158e-01 8.56224381e-01 9.39839570e-01 8.18886955e-01
1.15701000e+04 8.36595644e-01 8.51338387e-01 9.39930004e-01 8.14731695e-01
1.15702000e+04 8.33551983e-01 8.46654183e-01 9.40020438e-01 8.10764384e-01
1.15703000e+04 8.30662014e-01 8.42168972e-01 9.40110871e-01 8.06982700e-01
1.15704000e+04 8.27923577e-01 8.37879957e-01 9.40201305e-01 8.03384317e-01
1.15705000e+04 8.25334288e-01 8.33784050e-01 9.40291739e-01 7.99966622e-01
1.15706000e+04 8.22891762e-01 8.29878165e-01 9.40382172e-01 7.96727000e-01
1.15707000e+04 8.20593615e-01 8.26159216e-01 9.40472606e-01 7.93662824e-01
1.15708000e+04 8.18437390e-01 8.22624019e-01 9.40563040e-01 7.90771372e-01
1.15709000e+04 8.16420479e-01 8.19269199e-01 9.40653474e-01 7.88049728e-01
1.15710000e+04 8.14540348e-01 8.16091475e-01 9.40743907e-01 7.85495060e-01
1.15711000e+04 8.12794391e-01 8.13087472e-01 9.40834341e-01 7.83104437e-01
1.15712000e+04 8.11179850e-01 8.10253621e-01 9.40924775e-01 7.80874736e-01
1.15713000e+04 8.09694119e-01 8.07586545e-01 9.41015208e-01 7.78803009e-01
1.15714000e+04 8.08334366e-01 8.05082580e-01 9.41105642e-01 7.76886023e-01
1.15715000e+04 8.07097835e-01 8.02738157e-01 9.41196076e-01 7.75120631e-01
1.15716000e+04 8.05981621e-01 8.00549513e-01 9.41286509e-01 7.73503488e-01
1.15717000e+04 8.04982966e-01 7.98513080e-01 9.41376943e-01 7.72031431e-01
1.15718000e+04 8.04098742e-01 7.96624806e-01 9.41467377e-01 7.70700820e-01
1.15719000e+04 8.03325970e-01 7.94880833e-01 9.41557810e-01 7.69508192e-01
1.15720000e+04 8.02661743e-01 7.93277399e-01 9.41648244e-01 7.68450170e-01
1.15721000e+04 8.02102783e-01 7.91810261e-01 9.41738678e-01 7.67522899e-01
1.15722000e+04 8.01645962e-01 7.90475366e-01 9.41829111e-01 7.66722704e-01
1.15723000e+04 8.01288076e-01 7.89268568e-01 9.41919545e-01 7.66045804e-01
1.15724000e+04 8.01025773e-01 7.88185525e-01 9.42009979e-01 7.65488222e-01
1.15725000e+04 8.00855699e-01 7.87221896e-01 9.42100412e-01 7.65045971e-01
1.15726000e+04 8.00774429e-01 7.86373246e-01 9.42190846e-01 7.64714960e-01
1.15727000e+04 8.00778536e-01 7.85635137e-01 9.42281280e-01 7.64491086e-01
1.15728000e+04 8.00864368e-01 7.85002842e-01 9.42371713e-01 7.64369957e-01
1.15729000e+04 8.01028498e-01 7.84471924e-01 9.42462147e-01 7.64347447e-01
1.15730000e+04 8.01267277e-01 7.84037657e-01 9.42552581e-01 7.64419140e-01
1.15731000e+04 8.01576905e-01 7.83695122e-01 9.42643015e-01 7.64580420e-01
1.15732000e+04 8.01953881e-01 7.83439785e-01 9.42733448e-01 7.64827036e-01
1.15733000e+04 8.02394404e-01 7.83266726e-01 9.42823882e-01 7.65154348e-01
1.15734000e+04 8.02894825e-01 7.83171219e-01 9.42914316e-01 7.65557893e-01
1.15735000e+04 8.03451418e-01 7.83148442e-01 9.43004749e-01 7.66033102e-01
1.15736000e+04 8.04060533e-01 7.83193667e-01 9.43095183e-01 7.66575490e-01
1.15737000e+04 8.04718520e-01 7.83302169e-01 9.43185617e-01 7.67180557e-01
1.15738000e+04 8.05421802e-01 7.83469318e-01 9.43276050e-01 7.67843889e-01
1.15739000e+04 8.06166730e-01 7.83690386e-01 9.43366484e-01 7.68560964e-01
1.15740000e+04 8.06949950e-01 7.83961034e-01 9.43456918e-01 7.69327629e-01
1.15741000e+04 8.07768110e-01 7.84276921e-01 9.43547351e-01 7.70139717e-01
1.15742000e+04 8.08617858e-01 7.84633705e-01 9.43637785e-01 7.70993052e-01
1.15743000e+04 8.09495991e-01 7.85027241e-01 9.43728219e-01 7.71883637e-01
1.15744000e+04 8.10399602e-01 7.85453764e-01 9.43818652e-01 7.72807845e-01
1.15745000e+04 8.11325711e-01 7.85909418e-01 9.43909086e-01 7.73761941e-01
1.15746000e+04 8.12271638e-01 7.86390730e-01 9.43999520e-01 7.74742564e-01
1.15747000e+04 8.13234774e-01 7.86894324e-01 9.44089953e-01 7.75746438e-01
1.15748000e+04 8.14212586e-01 7.87416920e-01 9.44180387e-01 7.76770372e-01
1.15749000e+04 8.15202989e-01 7.87955817e-01 9.44270821e-01 7.77811742e-01
1.15750000e+04 8.16203747e-01 7.88508122e-01 9.44361255e-01 7.78867721e-01
1.15751000e+04 8.17213073e-01 7.89071520e-01 9.44451688e-01 7.79936052e-01
1.15752000e+04 8.18229178e-01 7.89643695e-01 9.44542122e-01 7.81014469e-01
1.15753000e+04 8.19250572e-01 7.90222719e-01 9.44632556e-01 7.82101082e-01
1.15754000e+04 8.20275841e-01 7.90806759e-01 9.44722989e-01 7.83194092e-01
1.15755000e+04 8.21303791e-01 7.91394271e-01 9.44813423e-01 7.84291983e-01
1.15756000e+04 8.22333455e-01 7.91984002e-01 9.44903857e-01 7.85393521e-01
1.15757000e+04 8.23363864e-01 7.92574697e-01 9.44994290e-01 7.86497468e-01
1.15758000e+04 8.24394347e-01 7.93165489e-01 9.45084724e-01 7.87602968e-01
1.15759000e+04 8.25424384e-01 7.93755701e-01 9.45175158e-01 7.88709352e-01
1.15760000e+04 8.26453452e-01 7.94344660e-01 9.45265591e-01 7.89815951e-01
1.15761000e+04 8.27481253e-01 7.94931980e-01 9.45356025e-01 7.90922381e-01
1.15762000e+04 8.28507565e-01 7.95517370e-01 9.45446459e-01 7.92028354e-01
1.15763000e+04 8.29532386e-01 7.96100831e-01 9.45536892e-01 7.93133870e-01
1.15764000e+04 8.30555568e-01 7.96682169e-01 9.45627326e-01 7.94238734e-01
1.15765000e+04 8.31577335e-01 7.97261676e-01 9.45717760e-01 7.95343235e-01
1.15766000e+04 8.32597836e-01 7.97839542e-01 9.45808193e-01 7.96447563e-01
1.15767000e+04 8.33617219e-01 7.98415961e-01 9.45898627e-01 7.97551912e-01
1.15768000e+04 8.34635857e-01 7.98991416e-01 9.45989061e-01 7.98656764e-01
1.15769000e+04 8.35654048e-01 7.99566292e-01 9.46079494e-01 7.99762505e-01
1.15770000e+04 8.36672313e-01 8.00141265e-01 9.46169928e-01 8.00869813e-01
1.15771000e+04 8.37690951e-01 8.00716720e-01 9.46260362e-01 8.01979078e-01
1.15772000e+04 8.38710558e-01 8.01293429e-01 9.46350796e-01 8.03091077e-01
1.15773000e+04 8.39731654e-01 8.01872067e-01 9.46441229e-01 8.04206492e-01
1.15774000e+04 8.40754911e-01 8.02453502e-01 9.46531663e-01 8.05326202e-01
1.15775000e+04 8.41780776e-01 8.03038313e-01 9.46622097e-01 8.06450797e-01
1.15776000e+04 8.42809993e-01 8.03627465e-01 9.46712530e-01 8.07581255e-01
1.15777000e+04 8.43843307e-01 8.04221922e-01 9.46802964e-01 8.08718559e-01
1.15778000e+04 8.44881389e-01 8.04822553e-01 9.46893398e-01 8.09863595e-01
1.15779000e+04 8.45924985e-01 8.05430321e-01 9.46983831e-01 8.11017350e-01
1.15780000e+04 8.46974912e-01 8.06046288e-01 9.47074265e-01 8.12180912e-01
1.15781000e+04 8.48031917e-01 8.06671419e-01 9.47164699e-01 8.13355271e-01
1.15782000e+04 8.49096969e-01 8.07306967e-01 9.47255132e-01 8.14541716e-01
1.15783000e+04 8.50170736e-01 8.07953801e-01 9.47345566e-01 8.15741147e-01
1.15784000e+04 8.51254188e-01 8.08613174e-01 9.47436000e-01 8.16954857e-01
1.15785000e+04 8.52347996e-01 8.09285955e-01 9.47526433e-01 8.18183753e-01
1.15786000e+04 8.53453053e-01 8.09973301e-01 9.47616867e-01 8.19429035e-01
1.15787000e+04 8.54570105e-01 8.10676177e-01 9.47707301e-01 8.20691714e-01
1.15788000e+04 8.55699747e-01 8.11395354e-01 9.47797734e-01 8.21972607e-01
1.15789000e+04 8.56842575e-01 8.12131605e-01 9.47888168e-01 8.23272532e-01
1.15790000e+04 8.57999186e-01 8.12885700e-01 9.47978602e-01 8.24592311e-01
1.15791000e+04 8.59169877e-01 8.13658025e-01 9.48069036e-01 8.25932376e-01
1.15792000e+04 8.60354872e-01 8.14448871e-01 9.48159469e-01 8.27293061e-01
1.15793000e+04 8.61554171e-01 8.15258236e-01 9.48249903e-01 8.28674409e-01
1.15794000e+04 8.62767699e-01 8.16086025e-01 9.48340337e-01 8.30076363e-01
1.15795000e+04 8.63995084e-01 8.16931755e-01 9.48430770e-01 8.31498474e-01
1.15796000e+04 8.65235656e-01 8.17794558e-01 9.48521204e-01 8.32939899e-01
1.15797000e+04 8.66488520e-01 8.18673277e-01 9.48611638e-01 8.34399497e-01
1.15798000e+04 8.67752633e-01 8.19566560e-01 9.48702071e-01 8.35875928e-01
1.15799000e+04 8.69026506e-01 8.20472480e-01 9.48792505e-01 8.37367258e-01
1.15800000e+04 8.70308424e-01 8.21388818e-01 9.48882939e-01 8.38871250e-01
1.15801000e+04 8.71596228e-01 8.22312775e-01 9.48973372e-01 8.40385073e-01
1.15802000e+04 8.72887683e-01 8.23241459e-01 9.49063806e-01 8.41905786e-01
1.15803000e+04 8.74180031e-01 8.24171300e-01 9.49154240e-01 8.43429751e-01
1.15804000e+04 8.75470294e-01 8.25098441e-01 9.49244673e-01 8.44953024e-01
1.15805000e+04 8.76755118e-01 8.26018540e-01 9.49335107e-01 8.46471156e-01
1.15806000e+04 8.78031151e-01 8.26927257e-01 9.49425541e-01 8.47979684e-01
1.15807000e+04 8.79294445e-01 8.27819480e-01 9.49515974e-01 8.49473343e-01
1.15808000e+04 8.80541051e-01 8.28690096e-01 9.49606408e-01 8.50946853e-01
1.15809000e+04 8.81766797e-01 8.29533704e-01 9.49696842e-01 8.52394623e-01
1.15810000e+04 8.82967437e-01 8.30344806e-01 9.49787275e-01 8.53810946e-01
1.15811000e+04 8.84138426e-01 8.31117517e-01 9.49877709e-01 8.55189703e-01
1.15812000e+04 8.85275443e-01 8.31846243e-01 9.49968143e-01 8.56525056e-01
1.15813000e+04 8.86374093e-01 8.32525294e-01 9.50058577e-01 8.57811053e-01
1.15814000e+04 8.87430130e-01 8.33149171e-01 9.50149010e-01 8.59041924e-01
1.15815000e+04 8.88439307e-01 8.33712376e-01 9.50239444e-01 8.60211881e-01
1.15816000e+04 8.89397824e-01 8.34209989e-01 9.50329878e-01 8.61315720e-01
1.15817000e+04 8.90301956e-01 8.34637188e-01 9.50420311e-01 8.62348323e-01
1.15818000e+04 8.91148501e-01 8.34989825e-01 9.50510745e-01 8.63305254e-01
1.15819000e+04 8.91934477e-01 8.35264042e-01 9.50601179e-01 8.64182365e-01
1.15820000e+04 8.92657428e-01 8.35456655e-01 9.50691612e-01 8.64976196e-01
1.15821000e+04 8.93315340e-01 8.35565061e-01 9.50782046e-01 8.65683877e-01
1.15822000e+04 8.93906873e-01 8.35587522e-01 9.50872480e-01 8.66303429e-01
1.15823000e+04 8.94430985e-01 8.35522689e-01 9.50962913e-01 8.66833270e-01
1.15824000e+04 8.94887525e-01 8.35370369e-01 9.51053347e-01 8.67273012e-01
1.15825000e+04 8.95276644e-01 8.35130754e-01 9.51143781e-01 8.67622672e-01
1.15826000e+04 8.95599086e-01 8.34804810e-01 9.51234214e-01 8.67883063e-01
1.15827000e+04 8.95856415e-01 8.34394561e-01 9.51324648e-01 8.68056110e-01
1.15828000e+04 8.96050420e-01 8.33902323e-01 9.51415082e-01 8.68144039e-01
1.15829000e+04 8.96183634e-01 8.33331375e-01 9.51505515e-01 8.68150092e-01
1.15830000e+04 8.96258962e-01 8.32685479e-01 9.51595949e-01 8.68078020e-01
1.15831000e+04 8.96279830e-01 8.31969073e-01 9.51686383e-01 8.67932290e-01
1.15832000e+04 8.96250039e-01 8.31187075e-01 9.51776817e-01 8.67717883e-01
1.15833000e+04 8.96173686e-01 8.30344791e-01 9.51867250e-01 8.67440199e-01
1.15834000e+04 8.96055241e-01 8.29448008e-01 9.51957684e-01 8.67105156e-01
1.15835000e+04 8.95899472e-01 8.28502900e-01 9.52048118e-01 8.66719094e-01
1.15836000e+04 8.95711221e-01 8.27515736e-01 9.52138551e-01 8.66288468e-01
1.15837000e+04 8.95495703e-01 8.26493269e-01 9.52228985e-01 8.65820259e-01
1.15838000e+04 8.95257910e-01 8.25441961e-01 9.52319419e-01 8.65321163e-01
1.15839000e+04 8.95003354e-01 8.24368949e-01 9.52409852e-01 8.64798605e-01
1.15840000e+04 8.94737103e-01 8.23280794e-01 9.52500286e-01 8.64259420e-01
1.15841000e+04 8.94459676e-01 8.22178170e-01 9.52590720e-01 8.63704283e-01
1.15842000e+04 8.94185155e-01 8.21079308e-01 9.52681153e-01 8.63152325e-01
1.15843000e+04 8.93932313e-01 8.20008515e-01 9.52771587e-01 8.62629123e-01
1.15844000e+04 8.93691540e-01 8.18953349e-01 9.52862021e-01 8.62121640e-01
1.15849000e+04 8.92738514e-01 8.14002289e-01 9.53314189e-01 8.59916632e-01
1.15854000e+04 8.92639399e-01 8.10156831e-01 9.53766358e-01 8.58868170e-01
1.15859000e+04 8.93757007e-01 8.07886723e-01 9.54218526e-01 8.59488270e-01
1.15864000e+04 8.96273489e-01 8.07427807e-01 9.54670694e-01 8.62046478e-01
1.15869000e+04 9.00206352e-01 8.08802749e-01 9.55122863e-01 8.66587774e-01
1.15874000e+04 9.05452415e-01 8.11877955e-01 9.55575031e-01 8.72989758e-01
1.15879000e+04 9.11844947e-01 8.16437553e-01 9.56027200e-01 8.81039486e-01
1.15884000e+04 9.19202768e-01 8.22246956e-01 9.56479368e-01 8.90500683e-01
1.15889000e+04 9.27360189e-01 8.29091642e-01 9.56931536e-01 9.01155468e-01
1.15894000e+04 9.36175291e-01 8.36787858e-01 9.57383705e-01 9.12816369e-01
1.15899000e+04 9.45524776e-01 8.45175968e-01 9.57835873e-01 9.25319588e-01
1.15904000e+04 9.55291830e-01 8.54104725e-01 9.58288042e-01 9.38508156e-01
1.15909000e+04 9.65348090e-01 8.63407931e-01 9.58740210e-01 9.52206314e-01
1.15914000e+04 9.75530701e-01 8.72874730e-01 9.59192379e-01 9.66186287e-01
1.15919000e+04 9.85620784e-01 8.82221728e-01 9.59644547e-01 9.80136348e-01
1.15924000e+04 9.95334944e-01 8.91081999e-01 9.60096715e-01 9.93647005e-01
1.15929000e+04 1.00434024e+00 8.99024473e-01 9.60548884e-01 1.00623088e+00
1.15934000e+04 1.01229532e+00 9.05607179e-01 9.61001052e-01 1.01738108e+00
1.15939000e+04 1.01890815e+00 9.10452003e-01 9.61453221e-01 1.02665512e+00
1.15944000e+04 1.02372905e+00 9.12976723e-01 9.61905389e-01 1.03337284e+00
1.15954000e+04 1.02935048e+00 9.12820812e-01 9.62809726e-01 1.04102454e+00
1.15964000e+04 1.02975532e+00 9.05910722e-01 9.63714063e-01 1.04103148e+00
1.15974000e+04 1.02649241e+00 8.94251815e-01 9.64618399e-01 1.03553941e+00
1.15984000e+04 1.02086147e+00 8.79526895e-01 9.65522736e-01 1.02638423e+00
1.15994000e+04 1.01402021e+00 8.63234920e-01 9.66427073e-01 1.01524299e+00
1.16004000e+04 1.00726060e+00 8.47048663e-01 9.67331410e-01 1.00405158e+00
1.16014000e+04 1.00182909e+00 8.32581961e-01 9.68235747e-01 9.94736971e-01
1.16024000e+04 9.98446763e-01 8.20768432e-01 9.69140084e-01 9.88468578e-01
1.16034000e+04 9.96945690e-01 8.11390659e-01 9.70044420e-01 9.85056162e-01
1.16044000e+04 9.96345239e-01 8.03178965e-01 9.70948757e-01 9.83015424e-01
1.16054000e+04 9.95466830e-01 7.94607387e-01 9.71853094e-01 9.80497151e-01
1.16064000e+04 9.93757084e-01 7.84959435e-01 9.72757431e-01 9.76598091e-01
1.16074000e+04 9.91595872e-01 7.74726948e-01 9.73661768e-01 9.71900734e-01
1.16084000e+04 9.89863329e-01 7.65049480e-01 9.74566105e-01 9.67826547e-01
1.16094000e+04 9.89393698e-01 7.57007167e-01 9.75470441e-01 9.65769383e-01
1.16104000e+04 9.90772620e-01 7.51358265e-01 9.76374778e-01 9.66756600e-01
1.16114000e+04 9.94331391e-01 7.48531722e-01 9.77279115e-01 9.71423620e-01
1.16124000e+04 1.00015993e+00 7.48643963e-01 9.78183452e-01 9.80018858e-01
1.16134000e+04 1.00814180e+00 7.51544225e-01 9.79087789e-01 9.92446611e-01
1.16144000e+04 1.01799793e+00 7.56871176e-01 9.79992126e-01 1.00832726e+00
1.16154000e+04 1.02924630e+00 7.64000733e-01 9.80896462e-01 1.02691447e+00
1.16164000e+04 1.04107069e+00 7.71876102e-01 9.81800799e-01 1.04684813e+00
1.16174000e+04 1.05228382e+00 7.78960035e-01 9.82705136e-01 1.06606114e+00
1.16184000e+04 1.06156496e+00 7.83542523e-01 9.83609473e-01 1.08217191e+00
1.16194000e+04 1.06787633e+00 7.84279908e-01 9.84513810e-01 1.09322133e+00
1.16204000e+04 1.07074107e+00 7.80554764e-01 9.85418147e-01 1.09819876e+00
1.16214000e+04 1.07021586e+00 7.72440493e-01 9.86322483e-01 1.09703658e+00
1.16224000e+04 1.06671381e+00 7.60471956e-01 9.87226820e-01 1.09032622e+00
1.16234000e+04 1.06089431e+00 7.45502901e-01 9.88131157e-01 1.07914343e+00
1.16244000e+04 1.05361581e+00 7.28644814e-01 9.89035494e-01 1.06498246e+00
1.16254000e+04 1.04580450e+00 7.11096860e-01 9.89939831e-01 1.04952560e+00
1.16264000e+04 1.03824387e+00 6.93873487e-01 9.90844168e-01 1.03424641e+00
1.16274000e+04 1.03143055e+00 6.77617683e-01 9.91748504e-01 1.02011822e+00
1.16284000e+04 1.02555965e+00 6.62582073e-01 9.92652841e-01 1.00756006e+00
1.16294000e+04 1.02058951e+00 6.48712735e-01 9.93557178e-01 9.96537176e-01
1.16304000e+04 1.01633524e+00 6.35770262e-01 9.94461515e-01 9.86725483e-01
1.16314000e+04 1.01256827e+00 6.23458721e-01 9.95365852e-01 9.77698764e-01
1.16324000e+04 1.00909952e+00 6.11533300e-01 9.96270188e-01 9.69093862e-01
1.16334000e+04 1.00581910e+00 5.99851725e-01 9.97174525e-01 9.60696380e-01
1.16344000e+04 1.00268568e+00 5.88360462e-01 9.98078862e-01 9.52426348e-01
1.16354000e+04 9.99687613e-01 5.77044462e-01 9.98983199e-01 9.44263302e-01
1.16364000e+04 9.96809941e-01 5.65884339e-01 9.99887536e-01 9.36178692e-01
1.16374000e+04 9.94022562e-01 5.54841123e-01 1.00079187e+00 9.28109950e-01
1.16384000e+04 9.91292771e-01 5.43872469e-01 1.00169621e+00 9.19985981e-01
1.16394000e+04 9.88610511e-01 5.32965355e-01 1.00260055e+00 9.11782625e-01
1.16404000e+04 9.86004612e-01 5.22157110e-01 1.00350488e+00 9.03561740e-01
1.16414000e+04 9.83534079e-01 5.11524130e-01 1.00440922e+00 8.95456448e-01
1.16424000e+04 9.81256648e-01 5.01141168e-01 1.00531356e+00 8.87603233e-01
1.16434000e+04 9.79199959e-01 4.91044011e-01 1.00621789e+00 8.80075237e-01
1.16444000e+04 9.77353506e-01 4.81219059e-01 1.00712223e+00 8.72859547e-01
1.16454000e+04 9.75682723e-01 4.71621554e-01 1.00802657e+00 8.65885420e-01
1.16464000e+04 9.74154308e-01 4.62208381e-01 1.00893090e+00 8.59081665e-01
1.16474000e+04 9.72761333e-01 4.52970568e-01 1.00983524e+00 8.52437791e-01
1.16484000e+04 9.71540451e-01 4.43955573e-01 1.01073958e+00 8.46050311e-01
1.16494000e+04 9.70576965e-01 4.35273840e-01 1.01164391e+00 8.40142262e-01
1.16504000e+04 9.69995958e-01 4.27087322e-01 1.01254825e+00 8.35048979e-01
1.16514000e+04 9.69943300e-01 4.19584884e-01 1.01345259e+00 8.31176763e-01
1.16524000e+04 9.70563073e-01 4.12953076e-01 1.01435693e+00 8.28948940e-01
1.16534000e+04 9.71974774e-01 4.07346615e-01 1.01526126e+00 8.28746964e-01
1.16544000e+04 9.74249773e-01 4.02857909e-01 1.01616560e+00 8.30844685e-01
1.16554000e+04 9.77389933e-01 3.99489369e-01 1.01706994e+00 8.35342985e-01
1.16564000e+04 9.81315986e-01 3.97138364e-01 1.01797427e+00 8.42125693e-01
1.16574000e+04 9.85873644e-01 3.95605129e-01 1.01887861e+00 8.50861082e-01
1.16584000e+04 9.90855203e-01 3.94620741e-01 1.01978295e+00 8.61047289e-01
1.16594000e+04 9.96027928e-01 3.93883863e-01 1.02068728e+00 8.72081163e-01
1.16604000e+04 1.00115923e+00 3.93093354e-01 1.02159162e+00 8.83323968e-01
1.16614000e+04 1.00603500e+00 3.91971995e-01 1.02249596e+00 8.94152820e-01
1.16624000e+04 1.01047450e+00 3.90285778e-01 1.02340029e+00 9.04006586e-01
1.16634000e+04 1.01434714e+00 3.87865613e-01 1.02430463e+00 9.12441765e-01
