# # source: .\new_experimental\norm_err_sim_XANESBridge1.txt
# # site: err_sim_XANESBridge1
# # columns: Energy(eV) Abs_raw Preedge_normalized PredictedPost_raw Final_normalized
# 
1.15245000e+04 6.56678528e-03 1.38620640e-01 9.77340586e-01 9.71343756e-02
1.15250000e+04 5.95413719e-03 1.33540708e-01 9.77433072e-01 9.38721996e-02
1.15255000e+04 5.35175643e-03 1.28473377e-01 9.77525559e-01 9.05981056e-02
1.15260000e+04 4.76007032e-03 1.23419173e-01 9.77618046e-01 8.73123502e-02
1.15265000e+04 4.17953388e-03 1.18378653e-01 9.77710533e-01 8.40152175e-02
1.15270000e+04 3.61062394e-03 1.13352403e-01 9.77803019e-01 8.07070143e-02
1.15275000e+04 3.05384843e-03 1.08341046e-01 9.77895506e-01 7.73880787e-02
1.15280000e+04 2.50974212e-03 1.03345239e-01 9.77987993e-01 7.40587766e-02
1.15285000e+04 1.97887336e-03 9.83656785e-02 9.78080479e-01 7.07195085e-02
1.15290000e+04 1.46184408e-03 9.34031042e-02 9.78172966e-01 6.73707097e-02
1.15295000e+04 9.59294848e-04 8.84583020e-02 9.78265453e-01 6.40128557e-02
1.15300000e+04 4.71902309e-04 8.35321024e-02 9.78357939e-01 6.06464601e-02
1.15305000e+04 3.88452170e-07 7.86253914e-02 9.78450426e-01 5.72720840e-02
1.15310000e+04 -4.54477723e-04 7.37391130e-02 9.78542913e-01 5.38903382e-02
1.15315000e+04 -8.91880202e-04 6.88742687e-02 9.78635399e-01 5.05018836e-02
1.15320000e+04 -1.31094588e-03 6.40319301e-02 9.78727886e-01 4.71074417e-02
1.15325000e+04 -1.71074458e-03 5.92132388e-02 9.78820373e-01 4.37077952e-02
1.15330000e+04 -2.09028398e-03 5.44194127e-02 9.78912860e-01 4.03037939e-02
1.15335000e+04 -2.44849957e-03 4.96517585e-02 9.79005346e-01 3.68963648e-02
1.15340000e+04 -2.78425381e-03 4.49116721e-02 9.79097833e-01 3.34865141e-02
1.15345000e+04 -3.09632854e-03 4.02006489e-02 9.79190320e-01 3.00753358e-02
1.15350000e+04 -3.38341328e-03 3.55202971e-02 9.79282806e-01 2.66640238e-02
1.15355000e+04 -3.64410435e-03 3.08723396e-02 9.79375293e-01 2.32538744e-02
1.15360000e+04 -3.87688725e-03 2.62586352e-02 9.79467780e-01 1.98463044e-02
1.15365000e+04 -4.08013500e-03 2.16811808e-02 9.79560266e-01 1.64428547e-02
1.15370000e+04 -4.25208965e-03 1.71421340e-02 9.79652753e-01 1.30452099e-02
1.15375000e+04 -4.39085470e-03 1.26438224e-02 9.79745240e-01 9.65520762e-03
1.15380000e+04 -4.49437839e-03 8.18876439e-03 9.79837726e-01 6.27485687e-03
1.15385000e+04 -4.56043765e-03 3.77968832e-03 9.79930213e-01 2.90635641e-03
1.15390000e+04 -4.58662139e-03 -5.80446515e-04 9.80022700e-01 -4.47886296e-04
1.15395000e+04 -4.57030947e-03 -4.88842427e-03 9.80115187e-01 -3.78523137e-03
1.15400000e+04 -4.50865171e-03 -9.14074680e-03 9.80207673e-01 -7.10278247e-03
1.15405000e+04 -4.39853854e-03 -1.33335976e-02 9.80300160e-01 -1.03973541e-02
1.15410000e+04 -4.23657577e-03 -1.74628107e-02 9.80392647e-01 -1.36654424e-02
1.15415000e+04 -4.01904937e-03 -2.15238278e-02 9.80485133e-01 -1.69031854e-02
1.15420000e+04 -3.74188514e-03 -2.55116483e-02 9.80577620e-01 -2.01063176e-02
1.15425000e+04 -3.40061097e-03 -2.94207835e-02 9.80670107e-01 -2.32701263e-02
1.15430000e+04 -2.99030138e-03 -3.32451881e-02 9.80762593e-01 -2.63893895e-02
1.15435000e+04 -2.50552385e-03 -3.69781944e-02 9.80855080e-01 -2.94583141e-02
1.15440000e+04 -1.94027161e-03 -4.06124300e-02 9.80947567e-01 -3.24704597e-02
1.15445000e+04 -1.28788643e-03 -4.41397230e-02 9.81040053e-01 -3.54186509e-02
1.15450000e+04 -5.40969608e-04 -4.75509925e-02 9.81132540e-01 -3.82948759e-02
1.15455000e+04 3.08719574e-04 -5.08361243e-02 9.81225027e-01 -4.10901703e-02
1.15460000e+04 1.27038729e-03 -5.39838192e-02 9.81317514e-01 -4.37944769e-02
1.15465000e+04 2.35434622e-03 -5.69814200e-02 9.81410000e-01 -4.63964848e-02
1.15470000e+04 3.57218340e-03 -5.98147052e-02 9.81502487e-01 -4.88834375e-02
1.15475000e+04 4.93696010e-03 -6.24676442e-02 9.81594974e-01 -5.12409049e-02
1.15480000e+04 6.46344346e-03 -6.49221123e-02 9.81687460e-01 -5.34525184e-02
1.15485000e+04 8.16839451e-03 -6.71575381e-02 9.81779947e-01 -5.54996422e-02
1.15490000e+04 1.00708981e-02 -6.91504978e-02 9.81872434e-01 -5.73609953e-02
1.15495000e+04 1.21927766e-02 -7.08742075e-02 9.81964920e-01 -5.90121781e-02
1.15500000e+04 1.45590822e-02 -7.22979195e-02 9.82057407e-01 -6.04251095e-02
1.15505000e+04 1.71986826e-02 -7.33862030e-02 9.82149894e-01 -6.15673534e-02
1.15510000e+04 2.01450269e-02 -7.40980043e-02 9.82242380e-01 -6.24012442e-02
1.15515000e+04 2.34370268e-02 -7.43855650e-02 9.82334867e-01 -6.28828726e-02
1.15520000e+04 2.71201758e-02 -7.41930487e-02 9.82427354e-01 -6.29608001e-02
1.15525000e+04 3.12479850e-02 -7.34547785e-02 9.82519841e-01 -6.25744130e-02
1.15530000e+04 3.58836954e-02 -7.20931355e-02 9.82612327e-01 -6.16519474e-02
1.15535000e+04 4.11025449e-02 -7.00157766e-02 9.82704814e-01 -6.01078845e-02
1.15540000e+04 4.69945886e-02 -6.71121724e-02 9.82797301e-01 -5.78396988e-02
1.15545000e+04 5.36683095e-02 -6.32491765e-02 9.82889787e-01 -5.47236919e-02
1.15550000e+04 6.12553945e-02 -5.82651626e-02 9.82982274e-01 -5.06094844e-02
1.15555000e+04 6.99167714e-02 -5.19626162e-02 9.83074761e-01 -4.53130291e-02
1.15560000e+04 7.98507011e-02 -4.40982015e-02 9.83167247e-01 -3.86072486e-02
1.15565000e+04 9.13033981e-02 -3.43697271e-02 9.83259734e-01 -3.02097238e-02
1.15570000e+04 1.04583084e-01 -2.23988974e-02 9.83352221e-01 -1.97663675e-02
1.15575000e+04 1.20078842e-01 -7.70817008e-03 9.83444707e-01 -6.82948546e-03
1.15580000e+04 1.38285688e-01 1.03100113e-02 9.83537194e-01 9.17147699e-03
1.15585000e+04 1.59837978e-01 3.24342265e-02 9.83629681e-01 2.89690433e-02
1.15590000e+04 1.85553164e-01 5.96677719e-02 9.83722168e-01 5.35091412e-02
1.15591000e+04 1.85472212e-01 5.87028159e-02 9.83740665e-01 5.26865135e-02
1.15592000e+04 1.87955221e-01 6.08847390e-02 9.83759162e-01 5.46892070e-02
1.15592900e+04 1.88246854e-01 6.04636348e-02 9.83775810e-01 5.43506899e-02
1.15593900e+04 1.89519242e-01 6.11597011e-02 9.83794307e-01 5.50211116e-02
1.15594900e+04 1.89440296e-01 6.01972077e-02 9.83812805e-01 5.41993199e-02
1.15595900e+04 1.89657265e-01 5.95979046e-02 9.83831302e-01 5.37034583e-02
1.15596400e+04 1.92359551e-01 6.24817571e-02 9.83840551e-01 5.63250377e-02
1.15597400e+04 1.92521926e-01 6.18154480e-02 9.83859048e-01 5.57698508e-02
1.15598400e+04 1.92987762e-01 6.15215922e-02 9.83877545e-01 5.55500588e-02
1.15599400e+04 1.95274584e-01 6.34627246e-02 9.83896043e-01 5.73496079e-02
1.15600400e+04 1.96242251e-01 6.37847919e-02 9.83914540e-01 5.76877973e-02
1.15601400e+04 1.99637777e-01 6.70866922e-02 9.83933037e-01 6.07237463e-02
1.15602400e+04 2.02724359e-01 7.00094108e-02 9.83951535e-01 6.34211709e-02
1.15603400e+04 2.03166261e-01 6.96861788e-02 9.83970032e-01 6.31801177e-02
1.15604400e+04 2.04645683e-01 7.06363484e-02 9.83988529e-01 6.40941302e-02
1.15605400e+04 2.04839136e-01 7.00081841e-02 9.84007027e-01 6.35763166e-02
1.15606400e+04 2.04838501e-01 6.91418051e-02 9.84025524e-01 6.28411448e-02
1.15607400e+04 2.05829087e-01 6.94920020e-02 9.84044021e-01 6.32113863e-02
1.15608400e+04 2.05831105e-01 6.86288790e-02 9.84062519e-01 6.24776676e-02
1.15609400e+04 2.06903469e-01 6.90794457e-02 9.84081016e-01 6.29396688e-02
1.15610400e+04 2.11396609e-01 7.37285026e-02 9.84099513e-01 6.72309153e-02
1.15611400e+04 2.18239313e-01 8.12612988e-02 9.84118011e-01 7.41610150e-02
1.15612400e+04 2.25352485e-01 8.91260542e-02 9.84136508e-01 8.14057680e-02
1.15613400e+04 2.32749113e-01 9.73387089e-02 9.84155005e-01 8.89805258e-02
1.15614400e+04 2.40442830e-01 1.05915996e-01 9.84173503e-01 9.69014168e-02
1.15615400e+04 2.48447908e-01 1.14875433e-01 9.84192000e-01 1.05185340e-01
1.15616400e+04 2.56779317e-01 1.24235391e-01 9.84210497e-01 1.13850034e-01
1.15617400e+04 2.65452678e-01 1.34015045e-01 9.84228995e-01 1.22914033e-01
1.15618400e+04 2.74484313e-01 1.44234426e-01 9.84247492e-01 1.32396719e-01
1.15619400e+04 2.83891239e-01 1.54914421e-01 9.84265989e-01 1.42318322e-01
1.15620400e+04 2.93691110e-01 1.66076698e-01 9.84284487e-01 1.52699862e-01
1.15621400e+04 3.03902288e-01 1.77743791e-01 9.84302984e-01 1.63563223e-01
1.15622400e+04 3.14543711e-01 1.89938947e-01 9.84321481e-01 1.74931018e-01
1.15623400e+04 3.25634915e-01 2.02686142e-01 9.84339979e-01 1.86826609e-01
1.15624400e+04 3.37195957e-01 2.16009991e-01 9.84358476e-01 1.99274026e-01
1.15625400e+04 3.49247295e-01 2.29935607e-01 9.84376973e-01 2.12297837e-01
1.15626400e+04 3.61809716e-01 2.44488500e-01 9.84395471e-01 2.25923060e-01
1.15627400e+04 3.74904183e-01 2.59694400e-01 9.84413968e-01 2.40175000e-01
1.15628400e+04 3.88551651e-01 2.75579026e-01 9.84432465e-01 2.55079036e-01
1.15629400e+04 4.02772863e-01 2.92167837e-01 9.84450963e-01 2.70660393e-01
1.15630400e+04 4.17588077e-01 3.09485697e-01 9.84469460e-01 2.86943828e-01
1.15631400e+04 4.33016788e-01 3.27556532e-01 9.84487957e-01 3.03953309e-01
1.15632400e+04 4.49077304e-01 3.46402814e-01 9.84506455e-01 3.21711538e-01
1.15633400e+04 4.65786367e-01 3.66045089e-01 9.84524952e-01 3.40239498e-01
1.15634400e+04 4.83158633e-01 3.86501348e-01 9.84543449e-01 3.59555871e-01
1.15635400e+04 5.01206075e-01 4.07786284e-01 9.84561947e-01 3.79676327e-01
1.15636400e+04 5.19937390e-01 4.29910572e-01 9.84580444e-01 4.00612847e-01
1.15637400e+04 5.39357204e-01 4.52879889e-01 9.84598941e-01 4.22372790e-01
1.15638400e+04 5.59465324e-01 4.76693999e-01 9.84617439e-01 4.44958022e-01
1.15639400e+04 5.80255839e-01 5.01345647e-01 9.84635936e-01 4.68363856e-01
1.15640400e+04 6.01716182e-01 5.26819408e-01 9.84654433e-01 4.92577952e-01
1.15641400e+04 6.23826212e-01 5.53090564e-01 9.84672931e-01 5.17579231e-01
1.15642400e+04 6.46557177e-01 5.80123824e-01 9.84691428e-01 5.43336640e-01
1.15643400e+04 6.69870769e-01 6.07872171e-01 9.84709925e-01 5.69808030e-01
1.15644400e+04 6.93718253e-01 6.36275792e-01 9.84728423e-01 5.96939102e-01
1.15645400e+04 7.18039622e-01 6.65261034e-01 9.84746920e-01 6.24662378e-01
1.15646400e+04 7.42763053e-01 6.94739748e-01 9.84765417e-01 6.52896530e-01
1.15647400e+04 7.67804452e-01 7.24608721e-01 9.84783915e-01 6.81545781e-01
1.15648400e+04 7.93067401e-01 7.54749612e-01 9.84802412e-01 7.10499789e-01
1.15649400e+04 8.18491896e-01 7.85088778e-01 9.84820909e-01 7.39689947e-01
1.15650400e+04 8.43909843e-01 8.15419906e-01 9.84839407e-01 7.68922313e-01
1.15651400e+04 8.69191368e-01 8.45583597e-01 9.84857904e-01 7.98046556e-01
1.15652400e+04 8.94198370e-01 8.75410352e-01 9.84876401e-01 8.26902292e-01
1.15653400e+04 9.18786284e-01 9.04722739e-01 9.84894899e-01 8.55321089e-01
1.15654400e+04 9.42807018e-01 9.33338997e-01 9.84913396e-01 8.83129843e-01
1.15655400e+04 9.66111977e-01 9.61076749e-01 9.84931893e-01 9.10154272e-01
1.15656400e+04 9.88553909e-01 9.87755264e-01 9.84950391e-01 9.36221058e-01
1.15657400e+04 1.00998850e+00 1.01319742e+00 9.84968888e-01 9.61159710e-01
1.15658400e+04 1.03027849e+00 1.03723475e+00 9.84987386e-01 9.84807370e-01
1.15659400e+04 1.04929930e+00 1.05971434e+00 9.85005883e-01 1.00701540e+00
1.15660400e+04 1.06693951e+00 1.08049947e+00 9.85024380e-01 1.02765005e+00
1.15661400e+04 1.08310788e+00 1.09947812e+00 9.85042878e-01 1.04660064e+00
1.15662400e+04 1.09773774e+00 1.11656849e+00 9.85061375e-01 1.06378486e+00
1.15663400e+04 1.11078536e+00 1.13171689e+00 9.85079872e-01 1.07914696e+00
1.15664400e+04 1.12222958e+00 1.14489736e+00 9.85098370e-01 1.09265744e+00
1.15665400e+04 1.13207099e+00 1.15611062e+00 9.85116867e-01 1.10431219e+00
1.15666400e+04 1.14033074e+00 1.16538263e+00 9.85135364e-01 1.11413121e+00
1.15667400e+04 1.14704880e+00 1.17276244e+00 9.85153862e-01 1.12215669e+00
1.15668400e+04 1.15228166e+00 1.17831940e+00 9.85172359e-01 1.12845035e+00
1.15669400e+04 1.15609935e+00 1.18213943e+00 9.85190856e-01 1.13309008e+00
1.15670400e+04 1.15858312e+00 1.18432229e+00 9.85209354e-01 1.13616724e+00
1.15671400e+04 1.15982213e+00 1.18497740e+00 9.85227851e-01 1.13778285e+00
1.15672400e+04 1.15991117e+00 1.18422108e+00 9.85246348e-01 1.13804487e+00
1.15673400e+04 1.15894804e+00 1.18217338e+00 9.85264846e-01 1.13706525e+00
1.15674400e+04 1.15703105e+00 1.17895496e+00 9.85283343e-01 1.13495689e+00
1.15675400e+04 1.15425749e+00 1.17468524e+00 9.85301840e-01 1.13183190e+00
1.15676400e+04 1.15072182e+00 1.16948013e+00 9.85320338e-01 1.12779941e+00
1.15677400e+04 1.14651445e+00 1.16345061e+00 9.85338835e-01 1.12296417e+00
1.15678400e+04 1.14172101e+00 1.15670178e+00 9.85357332e-01 1.11742558e+00
1.15679400e+04 1.13642142e+00 1.14933173e+00 9.85375830e-01 1.11127666e+00
1.15680400e+04 1.13068973e+00 1.14143134e+00 9.85394327e-01 1.10460375e+00
1.15681400e+04 1.12459411e+00 1.13308428e+00 9.85412824e-01 1.09748651e+00
1.15682400e+04 1.11819644e+00 1.12436648e+00 9.85431322e-01 1.08999739e+00
1.15683400e+04 1.11155278e+00 1.11534679e+00 9.85449819e-01 1.08220220e+00
1.15684400e+04 1.10471376e+00 1.10608732e+00 9.85468316e-01 1.07416046e+00
1.15685400e+04 1.09772456e+00 1.09664352e+00 9.85486814e-01 1.06592541e+00
1.15686400e+04 1.09062554e+00 1.08706494e+00 9.85505311e-01 1.05754476e+00
1.15687400e+04 1.08345248e+00 1.07739548e+00 9.85523808e-01 1.04906085e+00
1.15688400e+04 1.07623711e+00 1.06767409e+00 9.85542306e-01 1.04051139e+00
1.15689400e+04 1.06900755e+00 1.05793529e+00 9.85560803e-01 1.03192985e+00
1.15690400e+04 1.06178865e+00 1.04820957e+00 9.85579300e-01 1.02334594e+00
1.15691400e+04 1.05460208e+00 1.03852352e+00 9.85597798e-01 1.01478561e+00
1.15692400e+04 1.04746713e+00 1.02890084e+00 9.85616295e-01 1.00627212e+00
1.15693400e+04 1.04040069e+00 1.01936225e+00 9.85634792e-01 9.97825862e-01
1.15694400e+04 1.03341761e+00 1.00992596e+00 9.85653290e-01 9.89464878e-01
1.15695400e+04 1.02653091e+00 1.00060797e+00 9.85671787e-01 9.81205059e-01
1.15696400e+04 1.01975209e+00 9.91422382e-01 9.85690284e-01 9.73060529e-01
1.15697400e+04 1.01309114e+00 9.82381459e-01 9.85708782e-01 9.65043640e-01
1.15698400e+04 1.00655695e+00 9.73496124e-01 9.85727279e-01 9.57165473e-01
1.15699400e+04 1.00015701e+00 9.64775548e-01 9.85745776e-01 9.49435422e-01
1.15700400e+04 9.93898017e-01 9.56227973e-01 9.85764274e-01 9.41862001e-01
1.15701400e+04 9.87785858e-01 9.47860613e-01 9.85782771e-01 9.34452742e-01
1.15702400e+04 9.81825401e-01 9.39679444e-01 9.85801268e-01 9.27213979e-01
1.15703400e+04 9.76020843e-01 9.31689617e-01 9.85819766e-01 9.20151258e-01
1.15704400e+04 9.70375793e-01 9.23895563e-01 9.85838263e-01 9.13269432e-01
1.15705400e+04 9.64893275e-01 9.16300992e-01 9.85856760e-01 9.06572654e-01
1.15706400e+04 9.59575554e-01 9.08908686e-01 9.85875258e-01 9.00064178e-01
1.15707400e+04 9.54424562e-01 9.01721014e-01 9.85893755e-01 8.93746860e-01
1.15708400e+04 9.49441726e-01 8.94739728e-01 9.85912252e-01 8.87622950e-01
1.15709400e+04 9.44628137e-01 8.87966168e-01 9.85930750e-01 8.81694300e-01
1.15710400e+04 9.39984299e-01 8.81400952e-01 9.85949247e-01 8.75962052e-01
1.15711400e+04 9.35510547e-01 8.75044491e-01 9.85967744e-01 8.70427144e-01
1.15712400e+04 9.31206715e-01 8.68896581e-01 9.85986242e-01 8.65089906e-01
1.15713400e+04 9.27072549e-01 8.62956912e-01 9.86004739e-01 8.59950563e-01
1.15714400e+04 9.23107295e-01 8.57224556e-01 9.86023236e-01 8.55008726e-01
1.15715400e+04 9.19309945e-01 8.51698277e-01 9.86041734e-01 8.50263695e-01
1.15716400e+04 9.15679576e-01 8.46376942e-01 9.86060231e-01 8.45714872e-01
1.15717400e+04 9.12214592e-01 8.41258593e-01 9.86078728e-01 8.41360831e-01
1.15718400e+04 9.08913650e-01 8.36341581e-01 9.86097226e-01 8.37200450e-01
1.15719400e+04 9.05774820e-01 8.31623536e-01 9.86115723e-01 8.33231882e-01
1.15720400e+04 9.02796254e-01 8.27102192e-01 9.86134220e-01 8.29453376e-01
1.15721400e+04 8.99975937e-01 8.22775076e-01 9.86152718e-01 8.25862966e-01
1.15722400e+04 8.97311687e-01 8.18639508e-01 9.86171215e-01 8.22458473e-01
1.15723400e+04 8.94801070e-01 8.14692501e-01 9.86189713e-01 8.19237401e-01
1.15724400e+04 8.92441817e-01 8.10931272e-01 9.86208210e-01 8.16197450e-01
1.15725400e+04 8.90231244e-01 8.07352524e-01 9.86226707e-01 8.13335794e-01
1.15726400e+04 8.88166748e-01 8.03953064e-01 9.86245205e-01 8.10649698e-01
1.15727400e+04 8.86245557e-01 8.00729490e-01 9.86263702e-01 8.08136213e-01
1.15728400e+04 8.84464902e-01 7.97678403e-01 9.86282199e-01 8.05792377e-01
1.15729400e+04 8.82821844e-01 7.94796196e-01 9.86300697e-01 8.03615008e-01
1.15730400e+04 8.81313278e-01 7.92079056e-01 9.86319194e-01 8.01600706e-01
1.15731400e+04 8.79936180e-01 7.89523275e-01 9.86337691e-01 7.99746160e-01
1.15732400e+04 8.78687361e-01 7.87124937e-01 9.86356189e-01 7.98047842e-01
1.15733400e+04 8.77563714e-01 7.84880229e-01 9.86374686e-01 7.96502311e-01
1.15734400e+04 8.76561714e-01 7.82784824e-01 9.86393183e-01 7.95105594e-01
1.15735400e+04 8.75678170e-01 7.80834807e-01 9.86411681e-01 7.93854120e-01
1.15736400e+04 8.74909557e-01 7.79025849e-01 9.86430178e-01 7.92743886e-01
1.15737400e+04 8.74252348e-01 7.77353623e-01 9.86448675e-01 7.91770875e-01
1.15738400e+04 8.73703017e-01 7.75813802e-01 9.86467173e-01 7.90931054e-01
1.15739400e+04 8.73257954e-01 7.74401954e-01 9.86485670e-01 7.90220271e-01
1.15740400e+04 8.72913382e-01 7.73113444e-01 9.86504167e-01 7.89634147e-01
1.15741400e+04 8.72665691e-01 7.71943840e-01 9.86522665e-01 7.89168500e-01
1.15742400e+04 8.72511018e-01 7.70888403e-01 9.86541162e-01 7.88818812e-01
1.15743400e+04 8.72445586e-01 7.69942496e-01 9.86559659e-01 7.88580659e-01
1.15744400e+04 8.72465618e-01 7.69101482e-01 9.86578157e-01 7.88449595e-01
1.15745400e+04 8.72567083e-01 7.68360416e-01 9.86596654e-01 7.88420846e-01
1.15746400e+04 8.72746287e-01 7.67714763e-01 9.86615151e-01 7.88490038e-01
1.15747400e+04 8.72999202e-01 7.67159578e-01 9.86633649e-01 7.88652362e-01
1.15748400e+04 8.73321964e-01 7.66690121e-01 9.86652146e-01 7.88903199e-01
1.15749400e+04 8.73710713e-01 7.66301652e-01 9.86670643e-01 7.89237916e-01
1.15750400e+04 8.74161670e-01 7.65989535e-01 9.86689141e-01 7.89651968e-01
1.15751400e+04 8.74670890e-01 7.65748926e-01 9.86707638e-01 7.90140579e-01
1.15752400e+04 8.75234679e-01 7.65575293e-01 9.86726135e-01 7.90699275e-01
1.15753400e+04 8.75849342e-01 7.65464101e-01 9.86744633e-01 7.91323567e-01
1.15754400e+04 8.76511103e-01 7.65410714e-01 9.86763130e-01 7.92008841e-01
1.15755400e+04 8.77216519e-01 7.65410906e-01 9.86781627e-01 7.92750892e-01
1.15756400e+04 8.77962063e-01 7.65460351e-01 9.86800125e-01 7.93545394e-01
1.15757400e+04 8.78744379e-01 7.65554927e-01 9.86818622e-01 7.94388218e-01
1.15758400e+04 8.79560276e-01 7.65690718e-01 9.86837119e-01 7.95275433e-01
1.15759400e+04 8.80406395e-01 7.65863603e-01 9.86855617e-01 7.96202880e-01
1.15760400e+04 8.81279966e-01 7.66070182e-01 9.86874114e-01 7.97167134e-01
1.15761400e+04 8.82178052e-01 7.66306848e-01 9.86892611e-01 7.98164542e-01
1.15762400e+04 8.83097881e-01 7.66570201e-01 9.86911109e-01 7.99191654e-01
1.15763400e+04 8.84036935e-01 7.66857150e-01 9.86929606e-01 8.00245328e-01
1.15764400e+04 8.84992780e-01 7.67164707e-01 9.86948103e-01 8.01322518e-01
1.15765400e+04 8.85963148e-01 7.67490089e-01 9.86966601e-01 8.02420381e-01
1.15766400e+04 8.86946025e-01 7.67830824e-01 9.86985098e-01 8.03536390e-01
1.15767400e+04 8.87939396e-01 7.68184438e-01 9.87003595e-01 8.04668004e-01
1.15768400e+04 8.88941498e-01 7.68548769e-01 9.87022093e-01 8.05813000e-01
1.15769400e+04 8.89950820e-01 7.68921961e-01 9.87040590e-01 8.06969469e-01
1.15770400e+04 8.90965683e-01 7.69301954e-01 9.87059087e-01 8.08135280e-01
1.15771400e+04 8.91984995e-01 7.69687408e-01 9.87077585e-01 8.09309050e-01
1.15772400e+04 8.93007413e-01 7.70076674e-01 9.87096082e-01 8.10489066e-01
1.15773400e+04 8.94032015e-01 7.70468619e-01 9.87114579e-01 8.11674154e-01
1.15774400e+04 8.95057791e-01 7.70862006e-01 9.87133077e-01 8.12863023e-01
1.15775400e+04 8.96083987e-01 7.71255909e-01 9.87151574e-01 8.14054705e-01
1.15776400e+04 8.97110016e-01 7.71649606e-01 9.87170071e-01 8.15248447e-01
1.15777400e+04 8.98135121e-01 7.72042169e-01 9.87188569e-01 8.16443273e-01
1.15778400e+04 8.99158966e-01 7.72433187e-01 9.87207066e-01 8.17638752e-01
1.15779400e+04 9.00181049e-01 7.72822041e-01 9.87225563e-01 8.18834228e-01
1.15780400e+04 9.01201201e-01 7.73208525e-01 9.87244061e-01 8.20029485e-01
1.15781400e+04 9.02219002e-01 7.73592124e-01 9.87262558e-01 8.21223973e-01
1.15782400e+04 9.03234452e-01 7.73972838e-01 9.87281055e-01 8.22417692e-01
1.15783400e+04 9.04247468e-01 7.74350563e-01 9.87299553e-01 8.23610529e-01
1.15784400e+04 9.05257881e-01 7.74725095e-01 9.87318050e-01 8.24802263e-01
1.15785400e+04 9.06265860e-01 7.75096638e-01 9.87336547e-01 8.25993109e-01
1.15786400e+04 9.07271404e-01 7.75465194e-01 9.87355045e-01 8.27183065e-01
1.15787400e+04 9.08274681e-01 7.75830967e-01 9.87373542e-01 8.28372349e-01
1.15788400e+04 9.09275944e-01 7.76194267e-01 9.87392040e-01 8.29561289e-01
1.15789400e+04 9.10275444e-01 7.76555404e-01 9.87410537e-01 8.30750215e-01
1.15790400e+04 9.11273600e-01 7.76914892e-01 9.87429034e-01 8.31939678e-01
1.15791400e+04 9.12270665e-01 7.77273040e-01 9.87447532e-01 8.33130011e-01
1.15792400e+04 9.13267142e-01 7.77630468e-01 9.87466029e-01 8.34321881e-01
1.15793400e+04 9.14263535e-01 7.77987792e-01 9.87484526e-01 8.35515955e-01
1.15794400e+04 9.15260432e-01 7.78345734e-01 9.87503024e-01 8.36713015e-01
1.15795400e+04 9.16258421e-01 7.78705016e-01 9.87521521e-01 8.37913846e-01
1.15796400e+04 9.17258172e-01 7.79066462e-01 9.87540018e-01 8.39119348e-01
1.15797400e+04 9.18260442e-01 7.79430998e-01 9.87558516e-01 8.40330533e-01
1.15798400e+04 9.19265902e-01 7.79799451e-01 9.87577013e-01 8.41548307e-01
1.15799400e+04 9.20275308e-01 7.80172746e-01 9.87595510e-01 8.42773693e-01
1.15800400e+04 9.21289415e-01 7.80551811e-01 9.87614008e-01 8.44007714e-01
1.15801400e+04 9.22309063e-01 7.80937677e-01 9.87632505e-01 8.45251512e-01
1.15802400e+04 9.23334840e-01 7.81331064e-01 9.87651002e-01 8.46505896e-01
1.15803400e+04 9.24367501e-01 7.81732901e-01 9.87669500e-01 8.47771904e-01
1.15804400e+04 9.25407633e-01 7.82143908e-01 9.87687997e-01 8.49050352e-01
1.15805400e+04 9.26455741e-01 7.82564704e-01 9.87706494e-01 8.50341949e-01
1.15806400e+04 9.27512244e-01 7.82995804e-01 9.87724992e-01 8.51647295e-01
1.15807400e+04 9.28577310e-01 7.83437414e-01 9.87743489e-01 8.52966654e-01
1.15808400e+04 9.29651023e-01 7.83889636e-01 9.87761986e-01 8.54300180e-01
1.15809400e+04 9.30733299e-01 7.84352369e-01 9.87780484e-01 8.55647802e-01
1.15810400e+04 9.31823886e-01 7.84825302e-01 9.87798981e-01 8.57009226e-01
1.15811400e+04 9.32922030e-01 7.85307509e-01 9.87817478e-01 8.58383477e-01
1.15812400e+04 9.34026973e-01 7.85798062e-01 9.87835976e-01 8.59769579e-01
1.15813400e+04 9.35137625e-01 7.86295622e-01 9.87854473e-01 8.61166101e-01
1.15814400e+04 9.36252558e-01 7.86798436e-01 9.87872970e-01 8.62571154e-01
1.15815400e+04 9.37370094e-01 7.87304445e-01 9.87891468e-01 8.63982500e-01
1.15816400e+04 9.38488134e-01 7.87811072e-01 9.87909965e-01 8.65397330e-01
1.15817400e+04 9.39604327e-01 7.88315432e-01 9.87928462e-01 8.66812481e-01
1.15818400e+04 9.40716238e-01 7.88814537e-01 9.87946960e-01 8.68224666e-01
1.15819400e+04 9.41820762e-01 7.89304575e-01 9.87965457e-01 8.69629674e-01
1.15820400e+04 9.42914707e-01 7.89781630e-01 9.87983954e-01 8.71023167e-01
1.15821400e+04 9.43994717e-01 7.90241580e-01 9.88002452e-01 8.72400560e-01
1.15822400e+04 9.45057097e-01 7.90679893e-01 9.88020949e-01 8.73756794e-01
1.15823400e+04 9.46097900e-01 7.91091724e-01 9.88039446e-01 8.75086449e-01
1.15824400e+04 9.47113351e-01 7.91472438e-01 9.88057944e-01 8.76384311e-01
1.15825400e+04 9.48099166e-01 7.91816779e-01 9.88076441e-01 8.77644460e-01
1.15826400e+04 9.49051317e-01 7.92119802e-01 9.88094938e-01 8.78861295e-01
1.15827400e+04 9.49965605e-01 7.92376355e-01 9.88113436e-01 8.80028963e-01
1.15828400e+04 9.50838085e-01 7.92581594e-01 9.88131933e-01 8.81141933e-01
1.15829400e+04 9.51664728e-01 7.92730574e-01 9.88150430e-01 8.82194534e-01
1.15830400e+04 9.52442006e-01 7.92818968e-01 9.88168928e-01 8.83181765e-01
1.15831400e+04 9.53166311e-01 7.92842344e-01 9.88187425e-01 8.84098485e-01
1.15832400e+04 9.53834536e-01 7.92796890e-01 9.88205922e-01 8.84940227e-01
1.15833400e+04 9.54443911e-01 7.92679207e-01 9.88224420e-01 8.85702964e-01
1.15834400e+04 9.54992168e-01 7.92486511e-01 9.88242917e-01 8.86383344e-01
1.15835400e+04 9.55477294e-01 7.92216331e-01 9.88261414e-01 8.86978348e-01
1.15836400e+04 9.55898028e-01 7.91867120e-01 9.88279912e-01 8.87485985e-01
1.15837400e+04 9.56253364e-01 7.91437642e-01 9.88298409e-01 8.87904602e-01
1.15838400e+04 9.56543133e-01 7.90927691e-01 9.88316906e-01 8.88233695e-01
1.15839400e+04 9.56767588e-01 7.90337576e-01 9.88335404e-01 8.88473340e-01
1.15840400e+04 9.56927484e-01 7.89668224e-01 9.88353901e-01 8.88624306e-01
1.15841400e+04 9.57024163e-01 7.88921284e-01 9.88372398e-01 8.88688180e-01
1.15842400e+04 9.57059558e-01 7.88099126e-01 9.88390896e-01 8.88667368e-01
1.15843400e+04 9.57036103e-01 7.87204738e-01 9.88409393e-01 8.88564982e-01
1.15844400e+04 9.56956735e-01 7.86241727e-01 9.88427890e-01 8.88384849e-01
1.15845400e+04 9.56824645e-01 7.85214007e-01 9.88446388e-01 8.88131158e-01
1.15846400e+04 9.56643612e-01 7.84126216e-01 9.88464885e-01 8.87808933e-01
1.15851400e+04 9.55823824e-01 7.78792050e-01 9.88557372e-01 8.86307115e-01
1.15856400e+04 9.54963654e-01 7.73408323e-01 9.88649859e-01 8.84733065e-01
1.15861400e+04 9.54067637e-01 7.67980598e-01 9.88742345e-01 8.83092053e-01
1.15866400e+04 9.53140642e-01 7.62514852e-01 9.88834832e-01 8.81389939e-01
1.15871400e+04 9.52187538e-01 7.57017061e-01 9.88927319e-01 8.79632702e-01
1.15876400e+04 9.51213698e-01 7.51493819e-01 9.89019805e-01 8.77827173e-01
1.15881400e+04 9.50224075e-01 7.45951206e-01 9.89112292e-01 8.75979721e-01
1.15886400e+04 9.49223957e-01 7.40395714e-01 9.89204779e-01 8.74097338e-01
1.15891400e+04 9.48218635e-01 7.34833833e-01 9.89297265e-01 8.72187168e-01
1.15896400e+04 9.47215747e-01 7.29274940e-01 9.89389752e-01 8.70259948e-01
1.15901400e+04 9.46214203e-01 7.23717696e-01 9.89482239e-01 8.68313796e-01
1.15906400e+04 9.45236249e-01 7.18189405e-01 9.89574725e-01 8.66381339e-01
1.15911400e+04 9.44277604e-01 7.12684814e-01 9.89667212e-01 8.64456430e-01
1.15916400e+04 9.43341794e-01 7.07208249e-01 9.89759699e-01 8.62544471e-01
1.15921400e+04 9.42006708e-01 7.01241632e-01 9.89852186e-01 8.60010302e-01
1.15926400e+04 9.41716657e-01 6.96557640e-01 9.89944672e-01 8.59029665e-01
1.15931400e+04 9.42777477e-01 6.93531640e-01 9.90037159e-01 8.60094215e-01
1.15936400e+04 9.45321562e-01 6.92326125e-01 9.90129646e-01 8.63441207e-01
1.15941400e+04 9.49330273e-01 6.92918220e-01 9.90222132e-01 8.69080785e-01
1.15946400e+04 9.54681376e-01 6.95157901e-01 9.90314619e-01 8.76862941e-01
1.15956400e+04 9.60462569e-01 6.93597454e-01 9.90499592e-01 8.84990205e-01
1.15966400e+04 9.67243462e-01 6.93263989e-01 9.90684566e-01 8.94891057e-01
1.15976400e+04 9.74870675e-01 6.93969256e-01 9.90869539e-01 9.06382475e-01
1.15986400e+04 9.83212236e-01 6.95551278e-01 9.91054513e-01 9.19307410e-01
1.15996400e+04 9.92146498e-01 6.97860752e-01 9.91239486e-01 9.33518168e-01
1.16006400e+04 1.00154569e+00 7.00740853e-01 9.91424459e-01 9.48849635e-01
1.16016400e+04 1.01125516e+00 7.04001784e-01 9.91609433e-01 9.65083311e-01
1.16026400e+04 1.02107100e+00 7.07393266e-01 9.91794406e-01 9.81905767e-01
1.16036400e+04 1.03072331e+00 7.10584028e-01 9.91979379e-01 9.98873790e-01
1.16046400e+04 1.03987693e+00 7.13162742e-01 9.92164353e-01 1.01540735e+00
1.16056400e+04 1.04815671e+00 7.14668927e-01 9.92349326e-01 1.03082526e+00
1.16066400e+04 1.05519642e+00 7.14653130e-01 9.92534300e-01 1.04442642e+00
1.16076400e+04 1.06069898e+00 7.12750698e-01 9.92719273e-01 1.05559779e+00
1.16086400e+04 1.06408821e+00 7.08254477e-01 9.92904246e-01 1.06317887e+00
1.16096400e+04 1.06814923e+00 7.04582771e-01 9.93089220e-01 1.07222335e+00
1.16106400e+04 1.06645240e+00 6.93844167e-01 9.93274193e-01 1.07061589e+00
1.16116400e+04 1.06067382e+00 6.78095830e-01 9.93459167e-01 1.06112341e+00
1.16126400e+04 1.05226989e+00 6.59125272e-01 9.93644140e-01 1.04624370e+00
1.16136400e+04 1.04259552e+00 6.38595432e-01 9.93829113e-01 1.02841943e+00
1.16146400e+04 1.03315143e+00 6.18348227e-01 9.94014087e-01 1.01053019e+00
1.16156400e+04 1.02531829e+00 6.00078228e-01 9.94199060e-01 9.95383931e-01
1.16166400e+04 1.01981978e+00 5.84673627e-01 9.94384033e-01 9.84601711e-01
1.16176400e+04 1.01637574e+00 5.71790585e-01 9.94569007e-01 9.77798016e-01
1.16186400e+04 1.01384232e+00 5.60025203e-01 9.94753980e-01 9.72721863e-01
1.16196400e+04 1.01091904e+00 5.47781309e-01 9.94938954e-01 9.66639289e-01
1.16206400e+04 1.00705826e+00 5.34386784e-01 9.95123927e-01 9.58296040e-01
1.16216400e+04 1.00278956e+00 5.20491595e-01 9.95308900e-01 9.48765090e-01
1.16226400e+04 9.99200699e-01 5.07430811e-01 9.95493874e-01 9.40461107e-01
1.16236400e+04 9.97266535e-01 4.96400918e-01 9.95678847e-01 9.35702178e-01
1.16246400e+04 9.97580521e-01 4.88130292e-01 9.95863821e-01 9.36069531e-01
1.16256400e+04 1.00037134e+00 4.82899613e-01 9.96048794e-01 9.42382328e-01
1.16266400e+04 1.00559358e+00 4.80653135e-01 9.96233767e-01 9.54850276e-01
1.16276400e+04 1.01303585e+00 4.81131408e-01 9.96418741e-01 9.73286345e-01
1.16286400e+04 1.02236922e+00 4.83930727e-01 9.96603714e-01 9.97192314e-01
1.16296400e+04 1.03304565e+00 4.88378457e-01 9.96788687e-01 1.02546743e+00
1.16306400e+04 1.04412245e+00 4.93317577e-01 9.96973661e-01 1.05588896e+00
1.16316400e+04 1.05426462e+00 4.97109569e-01 9.97158634e-01 1.08500770e+00
1.16326400e+04 1.06206922e+00 4.98032556e-01 9.97343608e-01 1.10891107e+00
1.16336400e+04 1.06650827e+00 4.94824832e-01 9.97528581e-01 1.12441050e+00
1.16346400e+04 1.06714833e+00 4.86954408e-01 9.97713554e-01 1.12974278e+00
1.16356400e+04 1.06407544e+00 4.74526900e-01 9.97898528e-01 1.12450453e+00
1.16366400e+04 1.05773850e+00 4.58093254e-01 9.98083501e-01 1.10933542e+00
1.16376400e+04 1.04887653e+00 4.38560518e-01 9.98268475e-01 1.08581410e+00
1.16386400e+04 1.03845876e+00 4.17118271e-01 9.98453448e-01 1.05637937e+00
1.16396400e+04 1.02750832e+00 3.95022246e-01 9.98638421e-01 1.02387015e+00
1.16406400e+04 1.01686733e+00 3.73306020e-01 9.98823395e-01 9.90808332e-01
1.16416400e+04 1.00705922e+00 3.52612040e-01 9.99008368e-01 9.58900209e-01
1.16426400e+04 9.98290944e-01 3.33194295e-01 9.99193341e-01 9.28941171e-01
1.16436400e+04 9.90530007e-01 3.15012909e-01 9.99378315e-01 9.00968415e-01
1.16446400e+04 9.83600530e-01 2.97852017e-01 9.99563288e-01 8.74506371e-01
1.16456400e+04 9.77275676e-01 2.81433208e-01 9.99748262e-01 8.48838943e-01
1.16466400e+04 9.71352784e-01 2.65507748e-01 9.99933235e-01 8.23261722e-01
1.16476400e+04 9.65694341e-01 2.49906859e-01 1.00011821e+00 7.97244089e-01
1.16486400e+04 9.60227561e-01 2.34541207e-01 1.00030318e+00 7.70453336e-01
1.16496400e+04 9.54914664e-01 2.19364424e-01 1.00048816e+00 7.42661472e-01
1.16506400e+04 9.49722071e-01 2.04335296e-01 1.00067313e+00 7.13629696e-01
1.16516400e+04 9.44607636e-01 1.89402097e-01 1.00085810e+00 6.83050149e-01
1.16526400e+04 9.39534087e-01 1.74519077e-01 1.00104308e+00 6.50595738e-01
1.16536400e+04 9.34497057e-01 1.59680880e-01 1.00122805e+00 6.16049545e-01
1.16546400e+04 9.29542635e-01 1.44944072e-01 1.00141302e+00 5.79410834e-01
1.16556400e+04 9.24753935e-01 1.30410662e-01 1.00159800e+00 5.40867219e-01
1.16566400e+04 9.20212893e-01 1.16181216e-01 1.00178297e+00 5.00629339e-01
1.16576400e+04 9.15963836e-01 1.02310138e-01 1.00196794e+00 4.58735027e-01
