# # source: .\new_experimental\norm_Pt_foil_4.txt
# # site: Pt_foil_4
# # columns: Energy(eV) Abs_raw Preedge_normalized PredictedPost_raw Final_normalized
# 
1.15154970e+04 -6.65814076e-04 -1.87594583e-03 1.03367571e+00 -1.51188530e-03
1.15159980e+04 2.64122106e-04 -7.27833877e-04 1.03343385e+00 -5.86703534e-04
1.15165010e+04 -1.89253180e-04 -1.22911023e-03 1.03319103e+00 -9.90981460e-04
1.15169970e+04 3.63792994e-04 -5.30816074e-04 1.03295160e+00 -4.28061143e-04
1.15175000e+04 -3.18895308e-04 -1.30553923e-03 1.03270878e+00 -1.05302810e-03
1.15180000e+04 1.16437051e-04 -7.47301218e-04 1.03246741e+00 -6.02883653e-04
1.15185000e+04 -4.02692028e-04 -1.32722112e-03 1.03222604e+00 -1.07094928e-03
1.15189990e+04 7.45571016e-05 -7.19077249e-04 1.03198515e+00 -5.80348427e-04
1.15194990e+04 -9.81657708e-04 -1.93945087e-03 1.03174378e+00 -1.56559665e-03
1.15200020e+04 -1.86279557e-04 -9.51637619e-04 1.03150096e+00 -7.68353517e-04
1.15204980e+04 -7.07994808e-04 -1.53495440e-03 1.03126152e+00 -1.23957306e-03
1.15210040e+04 -8.37583485e-05 -7.50986193e-04 1.03101726e+00 -6.06593216e-04
1.15215020e+04 -5.74244023e-04 -1.29690645e-03 1.03077685e+00 -1.04775997e-03
1.15220000e+04 -1.27638456e-03 -2.09521684e-03 1.03053645e+00 -1.69304968e-03
1.15225030e+04 -4.90042020e-05 -5.92257858e-04 1.03029363e+00 -4.78674211e-04
1.15230050e+04 -4.39610172e-04 -1.01876250e-03 1.03005129e+00 -8.23550933e-04
1.15234960e+04 -8.49712007e-04 -1.46937587e-03 1.02981427e+00 -1.18805572e-03
1.15240000e+04 -3.96225351e-04 -8.89176601e-04 1.02957097e+00 -7.19085670e-04
1.15245020e+04 -2.76349932e-04 -7.06952164e-04 1.02932863e+00 -5.71835356e-04
1.15249970e+04 1.58207499e-04 -1.50029438e-04 1.02908967e+00 -1.21379295e-04
1.15255010e+04 5.30050623e-04 3.32813112e-04 1.02884637e+00 2.69312996e-04
1.15260010e+04 -1.66633191e-04 -4.58833869e-04 1.02860500e+00 -3.71364529e-04
1.15264980e+04 1.34644235e-03 1.38433599e-03 1.02836508e+00 1.12066038e-03
1.15269980e+04 1.52668717e-03 1.63839209e-03 1.02812371e+00 1.32659531e-03
1.15275000e+04 9.90296998e-04 1.03804549e-03 1.02788138e+00 8.40669851e-04
1.15280010e+04 1.86861216e-03 2.12460140e-03 1.02763952e+00 1.72097621e-03
1.15284990e+04 5.10235304e-04 5.43754870e-04 1.02739912e+00 4.40543066e-04
1.15290020e+04 1.45505662e-03 1.70977325e-03 1.02715630e+00 1.38551883e-03
1.15295000e+04 4.25169162e-04 5.20637478e-04 1.02691590e+00 4.21985165e-04
1.15300050e+04 6.26109159e-05 1.27813375e-04 1.02667211e+00 1.03616078e-04
1.15305030e+04 9.76371584e-04 1.25640194e-03 1.02643171e+00 1.01874930e-03
1.15310010e+04 1.11261760e-03 1.45783470e-03 1.02619130e+00 1.18231964e-03
1.15315030e+04 1.71852756e-03 2.21963631e-03 1.02594897e+00 1.80051631e-03
1.15320000e+04 2.27741854e-04 4.80819168e-04 1.02570904e+00 3.90107918e-04
1.15325000e+04 1.52612863e-03 2.06821580e-03 1.02546767e+00 1.67836783e-03
1.15329970e+04 1.69130380e-03 2.30406720e-03 1.02522775e+00 1.87014046e-03
1.15334980e+04 2.58450664e-03 3.40837608e-03 1.02498590e+00 2.76703789e-03
1.15340040e+04 3.68646666e-03 4.76201095e-03 1.02474163e+00 3.86676166e-03
1.15344980e+04 3.15330888e-03 4.16489291e-03 1.02450316e+00 3.38258069e-03
1.15350010e+04 3.44093986e-03 4.54723754e-03 1.02426034e+00 3.69386389e-03
1.15354980e+04 2.34896401e-03 3.28398554e-03 1.02402042e+00 2.66822447e-03
1.15360000e+04 2.55959508e-03 3.57443254e-03 1.02377808e+00 2.90480519e-03
1.15364990e+04 4.70877705e-04 1.12276177e-03 1.02353720e+00 9.12611192e-04
1.15370030e+04 3.12975285e-04 9.73903485e-04 1.02329390e+00 7.91777701e-04
1.15375050e+04 -1.00779768e-03 -5.61788899e-04 1.02305156e+00 -4.56824444e-04
1.15380030e+04 -1.85342979e-03 -1.53120738e-03 1.02281116e+00 -1.24536983e-03
1.15384990e+04 -3.29167763e-03 -3.20745341e-03 1.02257172e+00 -2.60923078e-03
1.15390060e+04 -4.13820179e-03 -4.17723145e-03 1.02232697e+00 -3.39883788e-03
1.15394980e+04 -4.59409161e-03 -4.68236696e-03 1.02208946e+00 -3.81060992e-03
1.15400000e+04 -6.27731522e-03 -6.65026755e-03 1.02184712e+00 -5.41323762e-03
1.15405000e+04 -6.92210095e-03 -7.38002809e-03 1.02160575e+00 -6.00847942e-03
1.15409960e+04 -6.58076349e-03 -6.93418829e-03 1.02136631e+00 -5.64663989e-03
1.15415030e+04 -8.16516905e-03 -8.78386102e-03 1.02112157e+00 -7.15434343e-03
1.15420010e+04 -7.96382279e-03 -8.50479877e-03 1.02088116e+00 -6.92845913e-03
1.15425010e+04 -5.83893434e-03 -5.93183123e-03 1.02063979e+00 -4.83337026e-03
1.15430000e+04 -5.05515930e-03 -4.95816721e-03 1.02039890e+00 -4.04083345e-03
1.15435030e+04 -2.96932816e-03 -2.43153925e-03 1.02015609e+00 -1.98207597e-03
1.15439980e+04 -7.86046021e-04 2.10669252e-04 1.01991713e+00 1.71762359e-04
1.15445010e+04 2.08384510e-03 3.67225804e-03 1.01967431e+00 2.99467225e-03
1.15450010e+04 4.06723076e-03 6.07648904e-03 1.01943294e+00 4.95629992e-03
1.15455030e+04 6.14304599e-03 8.59109516e-03 1.01919060e+00 7.00878141e-03
1.15459980e+04 1.06922432e-02 1.40545648e-02 1.01895165e+00 1.14683065e-02
1.15464990e+04 1.39284328e-02 1.79527937e-02 1.01870980e+00 1.46522025e-02
1.15469990e+04 1.73151821e-02 2.20304809e-02 1.01846843e+00 1.79838915e-02
1.15474980e+04 2.05424653e-02 2.59179329e-02 1.01822754e+00 2.11616108e-02
1.15480060e+04 2.54831291e-02 3.18492282e-02 1.01798231e+00 2.60098326e-02
1.15485020e+04 2.89955969e-02 3.60765169e-02 1.01774287e+00 2.94680511e-02
1.15489990e+04 3.30414170e-02 4.09398855e-02 1.01750295e+00 3.34473567e-02
1.15495000e+04 3.79414868e-02 4.68222264e-02 1.01726109e+00 3.82610014e-02
1.15500020e+04 4.26427358e-02 5.24675596e-02 1.01701876e+00 4.28829276e-02
1.15504990e+04 4.72231954e-02 5.79684649e-02 1.01677884e+00 4.73885893e-02
1.15509980e+04 5.18704971e-02 6.35492333e-02 1.01653795e+00 5.19614293e-02
1.15514970e+04 5.76497910e-02 7.04798581e-02 1.01629706e+00 5.76400840e-02
1.15520000e+04 6.25955553e-02 7.64168445e-02 1.01605424e+00 6.25083773e-02
1.15525010e+04 6.89226243e-02 8.40008260e-02 1.01581239e+00 6.87261294e-02
1.15529980e+04 7.47662831e-02 9.10080470e-02 1.01557247e+00 7.44743347e-02
1.15535040e+04 8.18918799e-02 9.95446331e-02 1.01532820e+00 8.14769604e-02
1.15540020e+04 9.05260957e-02 1.09879562e-01 1.01508780e+00 8.99544418e-02
1.15545030e+04 9.93488364e-02 1.20439535e-01 1.01484594e+00 9.86197819e-02
1.15550000e+04 1.11185788e-01 1.34593522e-01 1.01460602e+00 1.10232006e-01
1.15554990e+04 1.23837993e-01 1.49719825e-01 1.01436513e+00 1.22645556e-01
1.15560010e+04 1.38967819e-01 1.67800828e-01 1.01412280e+00 1.37485253e-01
1.15564970e+04 1.56025581e-01 1.88180350e-01 1.01388336e+00 1.54214336e-01
1.15570000e+04 1.75866908e-01 2.11879712e-01 1.01364054e+00 1.73671908e-01
1.15575030e+04 2.00083533e-01 2.40796445e-01 1.01339772e+00 1.97414940e-01
1.15579990e+04 2.27267929e-01 2.73251582e-01 1.01315828e+00 2.24068673e-01
1.15585000e+04 2.61477460e-01 3.14084309e-01 1.01291643e+00 2.57604901e-01
1.15590010e+04 3.01304351e-01 3.61615518e-01 1.01267458e+00 2.96650019e-01
1.15595030e+04 3.51445035e-01 4.21445598e-01 1.01243224e+00 3.45802782e-01
1.15599970e+04 4.12808898e-01 4.94658256e-01 1.01219377e+00 4.05957390e-01
1.15605020e+04 4.87025184e-01 5.83197786e-01 1.01194999e+00 4.78719664e-01
1.15609990e+04 5.78959845e-01 6.92865157e-01 1.01171006e+00 5.68856760e-01
1.15615000e+04 6.88861536e-01 8.23957823e-01 1.01146821e+00 6.76626054e-01
1.15619980e+04 8.14373403e-01 9.73664777e-01 1.01122781e+00 7.99727832e-01
1.15625020e+04 9.55754175e-01 1.14229525e+00 1.01098451e+00 9.38428587e-01
1.15630020e+04 1.09156162e+00 1.30427943e+00 1.01074314e+00 1.07172390e+00
1.15635020e+04 1.20830138e+00 1.44352615e+00 1.01050177e+00 1.18638693e+00
1.15639970e+04 1.29456042e+00 1.54642541e+00 1.01026281e+00 1.27121564e+00
1.15645050e+04 1.33319065e+00 1.59253020e+00 1.01001758e+00 1.30938941e+00
1.15650010e+04 1.34115707e+00 1.60206865e+00 1.00977814e+00 1.31750125e+00
1.15655030e+04 1.32371989e+00 1.58131477e+00 1.00953580e+00 1.30070288e+00
1.15659990e+04 1.28839284e+00 1.53922745e+00 1.00929636e+00 1.26634307e+00
1.15665010e+04 1.25288488e+00 1.49692488e+00 1.00905403e+00 1.23179513e+00
1.15669960e+04 1.20980231e+00 1.44558933e+00 1.00881507e+00 1.18979482e+00
1.15675040e+04 1.17559491e+00 1.40483809e+00 1.00856984e+00 1.15649676e+00
1.15680020e+04 1.13945116e+00 1.36177705e+00 1.00832943e+00 1.12127825e+00
1.15684990e+04 1.11256685e+00 1.32975745e+00 1.00808951e+00 1.09513811e+00
1.15690000e+04 1.08768924e+00 1.30013108e+00 1.00784766e+00 1.07096040e+00
1.15694970e+04 1.06765087e+00 1.27627499e+00 1.00760774e+00 1.05152510e+00
1.15699980e+04 1.05159562e+00 1.25716892e+00 1.00736589e+00 1.03599788e+00
1.15705000e+04 1.03441142e+00 1.23671672e+00 1.00712355e+00 1.01935512e+00
1.15709990e+04 1.02309316e+00 1.22325918e+00 1.00688266e+00 1.00847070e+00
1.15715010e+04 1.00761847e+00 1.20484550e+00 1.00664033e+00 9.93496281e-01
1.15720020e+04 9.95812292e-01 1.19080629e+00 1.00639847e+00 9.82123108e-01
1.15725050e+04 9.86939803e-01 1.18026555e+00 1.00615566e+00 9.73632002e-01
1.15730020e+04 9.80119892e-01 1.17217196e+00 1.00591573e+00 9.67154103e-01
1.15735000e+04 9.77188376e-01 1.16871521e+00 1.00567533e+00 9.64500561e-01
1.15740060e+04 9.72499507e-01 1.16316350e+00 1.00543106e+00 9.60119857e-01
1.15745030e+04 9.75326274e-01 1.16657320e+00 1.00519114e+00 9.63132364e-01
1.15749970e+04 9.75824424e-01 1.16720587e+00 1.00495267e+00 9.63851711e-01
1.15755020e+04 9.82386940e-01 1.17507093e+00 1.00470888e+00 9.70549326e-01
1.15759960e+04 9.89273623e-01 1.18332168e+00 1.00447041e+00 9.77563921e-01
1.15765020e+04 9.95401981e-01 1.19066910e+00 1.00422614e+00 9.83839861e-01
1.15770040e+04 1.00483903e+00 1.20196169e+00 1.00398381e+00 9.93377330e-01
1.15775010e+04 1.01130012e+00 1.20970517e+00 1.00374389e+00 9.99982879e-01
1.15780010e+04 1.01989523e+00 1.21999363e+00 1.00350252e+00 1.00869659e+00
1.15785020e+04 1.02127594e+00 1.22167926e+00 1.00326066e+00 1.01030002e+00
1.15789980e+04 1.02498911e+00 1.22614589e+00 1.00302122e+00 1.01420229e+00
1.15795010e+04 1.02205942e+00 1.22269170e+00 1.00277841e+00 1.01155609e+00
1.15800030e+04 1.01912613e+00 1.21923314e+00 1.00253607e+00 1.00890474e+00
1.15804990e+04 1.00931326e+00 1.20757049e+00 1.00229663e+00 9.99459575e-01
1.15809990e+04 1.00138125e+00 1.19815100e+00 1.00205526e+00 9.91869130e-01
1.15814990e+04 9.90185640e-01 1.18483980e+00 1.00181389e+00 9.81053177e-01
1.15819990e+04 9.80198516e-01 1.17296966e+00 1.00157252e+00 9.71426197e-01
1.15825020e+04 9.72623206e-01 1.16397576e+00 1.00132970e+00 9.64178940e-01
1.15830040e+04 9.64529494e-01 1.15436360e+00 1.00108737e+00 9.56416023e-01
1.15835000e+04 9.62531127e-01 1.15201943e+00 1.00084793e+00 9.54670439e-01
1.15840000e+04 9.58797433e-01 1.14760627e+00 1.00060656e+00 9.51210800e-01
1.15844990e+04 9.59469275e-01 1.14844646e+00 1.00036567e+00 9.52104552e-01
1.15849990e+04 9.58255861e-01 1.14703863e+00 1.00012430e+00 9.51134994e-01
1.15855030e+04 9.58866305e-01 1.14780600e+00 9.99880999e-01 9.51970682e-01
1.15859990e+04 9.61253998e-01 1.15069204e+00 9.99641560e-01 9.54561104e-01
1.15865000e+04 9.61169146e-01 1.15063005e+00 9.99399707e-01 9.54708533e-01
1.15869980e+04 9.66410318e-01 1.15691891e+00 9.99159303e-01 9.60125385e-01
1.15875020e+04 9.69775990e-01 1.16097178e+00 9.98916002e-01 9.63690856e-01
1.15880040e+04 9.76735604e-01 1.16931012e+00 9.98673666e-01 9.70815019e-01
1.15885010e+04 9.83685139e-01 1.17763606e+00 9.98433744e-01 9.77929820e-01
1.15889980e+04 9.95276900e-01 1.19149766e+00 9.98193823e-01 9.89645435e-01
1.15895000e+04 1.00516644e+00 1.20332983e+00 9.97951487e-01 9.99681998e-01
1.15899970e+04 1.01800957e+00 1.21868365e+00 9.97711565e-01 1.01264692e+00
1.15905040e+04 1.02976674e+00 1.23274328e+00 9.97466816e-01 1.02454586e+00
1.15910040e+04 1.04103685e+00 1.24622157e+00 9.97225446e-01 1.03596356e+00
1.15915030e+04 1.05397421e+00 1.26168790e+00 9.96984559e-01 1.04903854e+00
1.15920040e+04 1.06260411e+00 1.27201792e+00 9.96742706e-01 1.05784834e+00
1.15925010e+04 1.06641246e+00 1.27659812e+00 9.96502784e-01 1.06187732e+00
1.15930020e+04 1.06945039e+00 1.28025993e+00 9.96260931e-01 1.06514567e+00
1.15934970e+04 1.06706223e+00 1.27745087e+00 9.96021975e-01 1.06302800e+00
1.15939980e+04 1.06514693e+00 1.27520616e+00 9.95780122e-01 1.06138182e+00
1.15945010e+04 1.05754578e+00 1.26618144e+00 9.95537304e-01 1.05409151e+00
1.15949980e+04 1.04940790e+00 1.25651622e+00 9.95297382e-01 1.04626219e+00
1.15954980e+04 1.04378748e+00 1.24985321e+00 9.95056012e-01 1.04093129e+00
1.15960040e+04 1.03383161e+00 1.23802081e+00 9.94811745e-01 1.03129457e+00
1.15965000e+04 1.02722486e+00 1.23018133e+00 9.94572306e-01 1.02497637e+00
1.15969990e+04 1.01754787e+00 1.21868094e+00 9.94331419e-01 1.01560596e+00
1.15974950e+04 1.01238278e+00 1.21256059e+00 9.94091980e-01 1.01071483e+00
1.15980000e+04 1.00414248e+00 1.20277386e+00 9.93848196e-01 1.00276876e+00
1.15985000e+04 1.00121253e+00 1.19931913e+00 9.93606826e-01 1.00009743e+00
1.15990050e+04 9.95390290e-01 1.19241585e+00 9.93363042e-01 9.94550764e-01
1.15995030e+04 9.92761805e-01 1.18932045e+00 9.93122637e-01 9.92175533e-01
1.16000020e+04 9.90292576e-01 1.18641503e+00 9.92881750e-01 9.89958252e-01
1.16005020e+04 9.88626656e-01 1.18446761e+00 9.92640380e-01 9.88539985e-01
1.16010020e+04 9.87904293e-01 1.18364534e+00 9.92399010e-01 9.88060359e-01
1.16015030e+04 9.84944142e-01 1.18015468e+00 9.92157157e-01 9.85353009e-01
1.16020010e+04 9.83572916e-01 1.17855851e+00 9.91916753e-01 9.84225399e-01
1.16024990e+04 9.80032129e-01 1.17437522e+00 9.91676348e-01 9.80936345e-01
1.16029990e+04 9.77605799e-01 1.17152104e+00 9.91434978e-01 9.78757147e-01
1.16034990e+04 9.73208293e-01 1.16631631e+00 9.91193608e-01 9.74612839e-01
1.16040030e+04 9.69666834e-01 1.16213269e+00 9.90950307e-01 9.71321878e-01
1.16044990e+04 9.67014832e-01 1.15900909e+00 9.90710868e-01 9.68912441e-01
1.16050010e+04 9.61234926e-01 1.15215606e+00 9.90468532e-01 9.63386031e-01
1.16055000e+04 9.59595250e-01 1.15023985e+00 9.90227645e-01 9.61984928e-01
1.16059980e+04 9.57203741e-01 1.14742703e+00 9.89987240e-01 9.59832816e-01
1.16064980e+04 9.55886891e-01 1.14589586e+00 9.89745870e-01 9.58752939e-01
1.16069990e+04 9.55608276e-01 1.14560282e+00 9.89504017e-01 9.58709155e-01
1.16074990e+04 9.56280782e-01 1.14644388e+00 9.89262647e-01 9.59614230e-01
1.16079980e+04 9.58576999e-01 1.14922107e+00 9.89021760e-01 9.62140233e-01
