# # source: .\new_experimental\norm_Pt_MoS_Iso_330mV.txt
# # site: Pt_MoS_Iso_330mV
# # columns: Energy(eV) Abs_raw Preedge_normalized PredictedPost_raw Final_normalized
# 
1.15155010e+04 1.04375683e-02 1.54765223e-02 1.18671468e+00 1.14412075e-02
1.15160040e+04 8.81380237e-03 1.35739127e-02 1.18545464e+00 1.00458482e-02
1.15165000e+04 9.00444317e-03 1.37190146e-02 1.18421213e+00 1.01643909e-02
1.15169990e+04 7.79887147e-03 1.22887092e-02 1.18296211e+00 9.11475501e-03
1.15174990e+04 7.70199779e-03 1.21089190e-02 1.18170959e+00 8.99137056e-03
1.15179980e+04 7.80412965e-03 1.21537562e-02 1.18045957e+00 9.03467222e-03
1.15184960e+04 7.51300027e-03 1.17551198e-02 1.17921205e+00 8.74802199e-03
1.15190010e+04 5.11784505e-03 8.98206972e-03 1.17794700e+00 6.69186945e-03
1.15195020e+04 5.32136248e-03 9.14099189e-03 1.17669197e+00 6.81787868e-03
1.15199990e+04 4.13687235e-03 7.73474935e-03 1.17544696e+00 5.77542250e-03
1.15205000e+04 4.07993946e-03 7.59987300e-03 1.17419193e+00 5.68106604e-03
1.15209970e+04 2.03952056e-03 5.22810810e-03 1.17294692e+00 3.91246718e-03
1.15215020e+04 1.61192214e-03 4.67454189e-03 1.17168187e+00 3.50216150e-03
1.15219980e+04 3.10072913e-03 6.28402794e-03 1.17043937e+00 4.71322286e-03
1.15225020e+04 1.47275806e-03 4.37653373e-03 1.16917682e+00 3.28625485e-03
1.15230020e+04 1.88569124e-03 4.77182638e-03 1.16792430e+00 3.58709879e-03
1.15235020e+04 1.95663865e-03 4.78134522e-03 1.16667177e+00 3.59829775e-03
1.15239980e+04 -2.49885989e-04 2.22234733e-03 1.16542927e+00 1.67434081e-03
1.15245020e+04 -2.02103192e-03 1.53346077e-04 1.16416672e+00 1.15663919e-04
1.15250000e+04 -5.28271931e-04 1.76700922e-03 1.16291921e+00 1.33429552e-03
1.15255010e+04 -1.12635438e-03 1.02169422e-03 1.16166418e+00 7.72370411e-04
1.15260030e+04 -1.81817130e-03 1.70501906e-04 1.16040664e+00 1.29040770e-04
1.15264990e+04 -2.48091243e-03 -6.47045577e-04 1.15916414e+00 -4.90252996e-04
1.15270000e+04 -1.35329981e-03 5.54293444e-04 1.15790911e+00 4.20453791e-04
1.15275020e+04 -2.66834166e-03 -9.99921857e-04 1.15665157e+00 -7.59345259e-04
1.15280010e+04 -3.81351199e-03 -2.36209212e-03 1.15540155e+00 -1.79581813e-03
1.15285030e+04 -4.81865199e-03 -3.56672558e-03 1.15414402e+00 -2.71475747e-03
1.15289960e+04 -2.21111269e-03 -6.94841036e-04 1.15290903e+00 -5.29461375e-04
1.15295020e+04 -3.54537128e-03 -2.27129771e-03 1.15164147e+00 -1.73270166e-03
1.15300010e+04 -6.04311561e-03 -5.15922629e-03 1.15039145e+00 -3.94029602e-03
1.15305020e+04 -4.17690028e-03 -3.12471346e-03 1.14913642e+00 -2.38919482e-03
1.15310010e+04 -4.14100883e-03 -3.15459814e-03 1.14788640e+00 -2.41479954e-03
1.15314960e+04 -3.80091246e-03 -2.84076324e-03 1.14664640e+00 -2.17702964e-03
1.15319970e+04 -5.50329375e-03 -4.83177211e-03 1.14539137e+00 -3.70710204e-03
1.15324980e+04 -5.54052447e-03 -4.94442362e-03 1.14413634e+00 -3.79789663e-03
1.15329970e+04 -4.19094813e-03 -3.49241846e-03 1.14288632e+00 -2.68566408e-03
1.15335000e+04 -8.10054350e-03 -7.97353638e-03 1.14162628e+00 -6.13873540e-03
1.15340020e+04 -5.52060917e-03 -5.13406060e-03 1.14036875e+00 -3.95722755e-03
1.15345000e+04 -7.42278753e-03 -7.35002560e-03 1.13912123e+00 -5.67175624e-03
1.15349990e+04 -5.01777944e-03 -4.70745063e-03 1.13787121e+00 -3.63676073e-03
1.15354970e+04 -5.81575440e-03 -5.67782941e-03 1.13662370e+00 -4.39148210e-03
1.15360000e+04 -4.86372424e-03 -4.67483659e-03 1.13536366e+00 -3.61993386e-03
1.15364990e+04 -7.46745042e-03 -7.68231699e-03 1.13411364e+00 -5.95563964e-03
1.15370040e+04 -5.57212733e-03 -5.61553353e-03 1.13284859e+00 -4.35848773e-03
1.15375030e+04 -5.61251109e-03 -5.73145974e-03 1.13159857e+00 -4.45362049e-03
1.15379990e+04 -3.92418996e-03 -3.89691365e-03 1.13035607e+00 -3.03158294e-03
1.15384990e+04 -3.59634929e-03 -3.59760880e-03 1.12910354e+00 -2.80199878e-03
1.15390000e+04 -4.91900129e-03 -5.16026764e-03 1.12784851e+00 -4.02377017e-03
1.15395070e+04 -1.91624508e-03 -1.84453676e-03 1.12657845e+00 -1.43999792e-03
1.15399950e+04 -2.81546469e-03 -2.92771336e-03 1.12535599e+00 -2.28822138e-03
1.15405010e+04 -4.41344205e-04 -3.20968044e-04 1.12408843e+00 -2.51156873e-04
1.15410030e+04 -1.85297528e-03 -1.98413991e-03 1.12283090e+00 -1.55441112e-03
1.15415030e+04 -1.50921033e-03 -1.66687182e-03 1.12157837e+00 -1.30738861e-03
1.15420010e+04 2.49257467e-04 2.46520495e-04 1.12033086e+00 1.93581108e-04
1.15425010e+04 1.00500973e-03 1.02852698e-03 1.11907833e+00 8.08603680e-04
1.15429990e+04 3.77614417e-03 4.08424833e-03 1.11783082e+00 3.21470262e-03
1.15435010e+04 3.38874117e-03 3.57644727e-03 1.11657328e+00 2.81834283e-03
1.15439990e+04 6.65450462e-03 7.19013021e-03 1.11532577e+00 5.67268396e-03
1.15445000e+04 7.30375796e-03 7.85186057e-03 1.11407074e+00 6.20208804e-03
1.15450010e+04 9.76415362e-03 1.05566329e-02 1.11281571e+00 8.34843155e-03
1.15455000e+04 1.11037417e-02 1.19973709e-02 1.11156569e+00 9.49900751e-03
1.15459980e+04 1.48596643e-02 1.61639732e-02 1.11031817e+00 1.28130501e-02
1.15464950e+04 1.67534351e-02 1.82301339e-02 1.10907316e+00 1.44679196e-02
1.15470030e+04 1.90069414e-02 2.07005394e-02 1.10780060e+00 1.64483247e-02
1.15475010e+04 2.14815565e-02 2.34217750e-02 1.10655308e+00 1.86326186e-02
1.15480020e+04 2.50331899e-02 2.73575077e-02 1.10529805e+00 2.17895578e-02
1.15485000e+04 3.06450070e-02 3.36176344e-02 1.10405054e+00 2.68073782e-02
1.15490030e+04 3.42073374e-02 3.75651516e-02 1.10279050e+00 2.99911722e-02
1.15494980e+04 3.87742176e-02 4.26469701e-02 1.10155050e+00 3.40886577e-02
1.15499970e+04 4.07020129e-02 4.47512297e-02 1.10030048e+00 3.58133446e-02
1.15504990e+04 4.76215019e-02 5.24858991e-02 1.09904294e+00 4.20537258e-02
1.15510030e+04 5.39055353e-02 5.95034668e-02 1.09778040e+00 4.77341009e-02
1.15515010e+04 5.95615674e-02 6.58134698e-02 1.09653288e+00 5.28591632e-02
1.15520020e+04 6.75821031e-02 7.47903056e-02 1.09527785e+00 6.01414056e-02
1.15524990e+04 7.47523194e-02 8.28085106e-02 1.09403284e+00 6.66687726e-02
1.15529980e+04 8.37335836e-02 9.28693692e-02 1.09278282e+00 7.48586371e-02
1.15534990e+04 9.20773215e-02 1.02210790e-01 1.09152779e+00 8.24880095e-02
1.15539980e+04 1.06477100e-01 1.18383953e-01 1.09027777e+00 9.56555362e-02
1.15544970e+04 1.17322619e-01 1.30547766e-01 1.08902775e+00 1.05611338e-01
1.15550040e+04 1.34799192e-01 1.50190549e-01 1.08775769e+00 1.21651250e-01
1.15555040e+04 1.48163295e-01 1.65195286e-01 1.08650517e+00 1.33966983e-01
1.15560040e+04 1.72316028e-01 1.92370036e-01 1.08525264e+00 1.56193999e-01
1.15565000e+04 1.93854718e-01 2.16596603e-01 1.08401014e+00 1.76076652e-01
1.15570010e+04 2.23307700e-01 2.49750108e-01 1.08275511e+00 2.03275454e-01
1.15574960e+04 2.46970993e-01 2.76373455e-01 1.08151511e+00 2.25215879e-01
1.15579990e+04 2.86684783e-01 3.21101284e-01 1.08025507e+00 2.61985498e-01
1.15585020e+04 3.25952012e-01 3.65325375e-01 1.07899503e+00 2.98433953e-01
1.15590010e+04 3.75139554e-01 4.20740546e-01 1.07774501e+00 3.44121930e-01
1.15595010e+04 4.37611132e-01 4.91140507e-01 1.07649248e+00 4.02193492e-01
1.15600030e+04 5.03822900e-01 5.65759270e-01 1.07523495e+00 4.63868673e-01
1.15605040e+04 5.83275960e-01 6.55314891e-01 1.07397992e+00 5.37956395e-01
1.15609950e+04 6.92782724e-01 7.78773717e-01 1.07274994e+00 6.40076646e-01
1.15615040e+04 7.97096330e-01 8.96371914e-01 1.07147487e+00 7.37653585e-01
1.15620000e+04 9.14168993e-01 1.02836468e+00 1.07023237e+00 8.47308696e-01
1.15624950e+04 1.05530113e+00 1.18749765e+00 1.06899237e+00 9.79618872e-01
1.15630000e+04 1.15848965e+00 1.30382726e+00 1.06772732e+00 1.07692557e+00
1.15634970e+04 1.25288366e+00 1.41023744e+00 1.06648231e+00 1.16624877e+00
1.15640020e+04 1.30792729e+00 1.47225767e+00 1.06521726e+00 1.21906081e+00
1.15645000e+04 1.35007761e+00 1.51973471e+00 1.06396974e+00 1.25992606e+00
1.15649950e+04 1.34911187e+00 1.51857550e+00 1.06272974e+00 1.26051153e+00
1.15655040e+04 1.33313745e+00 1.50048394e+00 1.06145467e+00 1.24706963e+00
1.15659970e+04 1.30320778e+00 1.46665252e+00 1.06021968e+00 1.22044698e+00
1.15665010e+04 1.26825419e+00 1.42715238e+00 1.05895714e+00 1.18906859e+00
1.15670020e+04 1.24142425e+00 1.39681647e+00 1.05770211e+00 1.16524762e+00
1.15675000e+04 1.19382404e+00 1.34305127e+00 1.05645459e+00 1.12178909e+00
1.15679990e+04 1.16850717e+00 1.31442245e+00 1.05520457e+00 1.09924648e+00
1.15684980e+04 1.14819508e+00 1.29143921e+00 1.05395455e+00 1.08137484e+00
1.15689960e+04 1.12749904e+00 1.26802301e+00 1.05270704e+00 1.06309283e+00
1.15694990e+04 1.10244023e+00 1.23968472e+00 1.05144700e+00 1.04064641e+00
1.15700010e+04 1.09326499e+00 1.22926388e+00 1.05018946e+00 1.03320037e+00
1.15705000e+04 1.07060693e+00 1.20363430e+00 1.04893944e+00 1.01292874e+00
1.15710060e+04 1.06657694e+00 1.19901694e+00 1.04767189e+00 1.01032919e+00
1.15715050e+04 1.05700161e+00 1.18814521e+00 1.04642187e+00 1.00242846e+00
1.15719990e+04 1.03862959e+00 1.16735117e+00 1.04518437e+00 9.86113435e-01
1.15724960e+04 1.02937634e+00 1.15684304e+00 1.04393936e+00 9.78464895e-01
1.15730000e+04 1.03045000e+00 1.15798309e+00 1.04267682e+00 9.80678987e-01
1.15734990e+04 1.01281809e+00 1.13802321e+00 1.04142680e+00 9.64994453e-01
1.15739990e+04 1.02233279e+00 1.14868566e+00 1.04017427e+00 9.75271960e-01
1.15745000e+04 1.02589644e+00 1.15263495e+00 1.03891924e+00 9.79871135e-01
1.15749970e+04 1.02845490e+00 1.15545091e+00 1.03767423e+00 9.83507342e-01
1.15755020e+04 1.02296903e+00 1.14919141e+00 1.03640918e+00 9.79438010e-01
1.15759980e+04 1.02851579e+00 1.15537842e+00 1.03516668e+00 9.85957189e-01
1.15764990e+04 1.03401354e+00 1.16150945e+00 1.03391165e+00 9.92457730e-01
1.15770020e+04 1.04515792e+00 1.17400983e+00 1.03265161e+00 1.00442936e+00
1.15775010e+04 1.04484969e+00 1.17359177e+00 1.03140159e+00 1.00535487e+00
1.15780010e+04 1.05064915e+00 1.18006328e+00 1.03014906e+00 1.01219484e+00
1.15785040e+04 1.05028501e+00 1.17958158e+00 1.02888902e+00 1.01308843e+00
1.15790040e+04 1.05443817e+00 1.18419600e+00 1.02763650e+00 1.01835896e+00
1.15795030e+04 1.05041968e+00 1.17959261e+00 1.02638648e+00 1.01570331e+00
1.15800030e+04 1.04203397e+00 1.17006268e+00 1.02513395e+00 1.00879590e+00
1.15805010e+04 1.03692832e+00 1.16423306e+00 1.02388644e+00 1.00505991e+00
1.15809970e+04 1.02471511e+00 1.15038612e+00 1.02264393e+00 9.94379057e-01
1.15814950e+04 1.01149514e+00 1.13540323e+00 1.02139642e+00 9.82692705e-01
1.15820020e+04 1.00394079e+00 1.12681011e+00 1.02012636e+00 9.76536465e-01
1.15824970e+04 9.93365843e-01 1.11481134e+00 1.01888636e+00 9.67378557e-01
1.15830040e+04 9.89299913e-01 1.11015330e+00 1.01761630e+00 9.64605291e-01
1.15835020e+04 9.87516551e-01 1.10807137e+00 1.01636878e+00 9.64043451e-01
1.15839970e+04 9.84590834e-01 1.10470123e+00 1.01512878e+00 9.62350421e-01
1.15845000e+04 9.80697552e-01 1.10023852e+00 1.01386874e+00 9.59720023e-01
1.15849970e+04 9.84948253e-01 1.10496339e+00 1.01262373e+00 9.65092303e-01
1.15855030e+04 9.75282994e-01 1.09398923e+00 1.01135618e+00 9.56771459e-01
1.15860050e+04 9.75258001e-01 1.09389024e+00 1.01009864e+00 9.57942250e-01
1.15865030e+04 9.74124838e-01 1.09254175e+00 1.00885113e+00 9.58010427e-01
1.15870020e+04 9.78381244e-01 1.09727278e+00 1.00760111e+00 9.63419184e-01
1.15874970e+04 9.77015356e-01 1.09566220e+00 1.00636111e+00 9.63256686e-01
1.15880010e+04 9.87044828e-01 1.10690477e+00 1.00509857e+00 9.74431481e-01
1.15884990e+04 9.88783730e-01 1.10879609e+00 1.00385105e+00 9.77377469e-01
1.15890030e+04 1.00166235e+00 1.12325262e+00 1.00258851e+00 9.91437384e-01
1.15894990e+04 9.98169353e-01 1.11924243e+00 1.00134600e+00 9.89192507e-01
1.15899990e+04 1.01583837e+00 1.13910328e+00 1.00009348e+00 1.00807745e+00
1.15905020e+04 1.02447286e+00 1.14877240e+00 9.98833436e-01 1.01798914e+00
1.15909970e+04 1.04048838e+00 1.16676875e+00 9.97593436e-01 1.03529437e+00
1.15915050e+04 1.04549698e+00 1.17234702e+00 9.96320871e-01 1.04164780e+00
1.15919970e+04 1.04821345e+00 1.17534192e+00 9.95088386e-01 1.04567544e+00
1.15925030e+04 1.05392804e+00 1.18171685e+00 9.93820831e-01 1.05276397e+00
1.15930020e+04 1.05050707e+00 1.17778749e+00 9.92570811e-01 1.05065976e+00
1.15935030e+04 1.04165488e+00 1.16773120e+00 9.91315781e-01 1.04308265e+00
1.15939970e+04 1.04595044e+00 1.17250710e+00 9.90078287e-01 1.04873228e+00
1.15944970e+04 1.03902888e+00 1.16462879e+00 9.88825762e-01 1.04308027e+00
1.15949980e+04 1.03835009e+00 1.16379243e+00 9.87570732e-01 1.04373136e+00
1.15954960e+04 1.02591827e+00 1.14969861e+00 9.86323217e-01 1.03247012e+00
1.15960010e+04 1.02532858e+00 1.14896219e+00 9.85058167e-01 1.03320966e+00
1.15964960e+04 1.01149285e+00 1.13328512e+00 9.83818167e-01 1.02047002e+00
1.15970050e+04 1.00787942e+00 1.12913725e+00 9.82543097e-01 1.01813015e+00
1.15975000e+04 9.93629602e-01 1.11299306e+00 9.81303097e-01 1.00491407e+00
1.15979980e+04 9.90514128e-01 1.10940845e+00 9.80055582e-01 1.00302589e+00
1.15985050e+04 9.83336084e-01 1.10123983e+00 9.78785522e-01 9.97006880e-01
1.15990010e+04 9.80189780e-01 1.09762072e+00 9.77543017e-01 9.95066219e-01
1.15995010e+04 9.71169621e-01 1.08737510e+00 9.76290492e-01 9.87115589e-01
1.15999970e+04 9.72844214e-01 1.08919416e+00 9.75047988e-01 9.90099748e-01
1.16004980e+04 9.66626453e-01 1.08210962e+00 9.73792958e-01 9.85000885e-01
1.16010010e+04 9.70601446e-01 1.08652264e+00 9.72532918e-01 9.90373551e-01
1.16015000e+04 9.71787625e-01 1.08779033e+00 9.71282898e-01 9.92879200e-01
1.16020010e+04 9.63325066e-01 1.07817356e+00 9.70027868e-01 9.85448754e-01
1.16024980e+04 9.64621797e-01 1.07956624e+00 9.68782858e-01 9.88063523e-01
1.16029990e+04 9.57816221e-01 1.07181862e+00 9.67527828e-01 9.82319212e-01
1.16034980e+04 9.51078384e-01 1.06414769e+00 9.66277808e-01 9.76624138e-01
1.16039980e+04 9.42752598e-01 1.05468536e+00 9.65025283e-01 9.69269783e-01
1.16044980e+04 9.44439794e-01 1.05651807e+00 9.63772759e-01 9.72289773e-01
1.16049960e+04 9.38429572e-01 1.04966806e+00 9.62525244e-01 9.67311239e-01
1.16055000e+04 9.30296901e-01 1.04042300e+00 9.61262699e-01 9.60124744e-01
1.16060020e+04 9.37305161e-01 1.04825781e+00 9.60005164e-01 9.68696499e-01
1.16065000e+04 9.29618844e-01 1.03951710e+00 9.58757649e-01 9.61942689e-01
1.16069970e+04 9.30184879e-01 1.04008552e+00 9.57512639e-01 9.63793890e-01
1.16074990e+04 9.26205581e-01 1.03552592e+00 9.56255104e-01 9.60905094e-01
1.16079990e+04 9.29591016e-01 1.03927431e+00 9.55002579e-01 9.65722944e-01
