# # source: .\new_experimental\norm_Pt_GO_func_OCP.txt
# # site: Pt_GO_func_OCP
# # columns: Energy(eV) Abs_raw Preedge_normalized PredictedPost_raw Final_normalized
# 
1.15155010e+04 4.59364446e-03 1.31871139e-02 1.13867456e+00 9.43401804e-03
1.15159950e+04 2.25662050e-02 3.48531505e-02 1.13774815e+00 2.49568551e-02
1.15165010e+04 -4.46194447e-03 1.87167564e-03 1.13679924e+00 1.34149604e-03
1.15170010e+04 1.53795270e-02 2.58051862e-02 1.13586158e+00 1.85128084e-02
1.15175000e+04 1.50655417e-02 2.52645510e-02 1.13492580e+00 1.81419081e-02
1.15180000e+04 1.41212753e-02 2.39582555e-02 1.13398814e+00 1.72200272e-02
1.15185010e+04 7.60535579e-03 1.58860670e-02 1.13304860e+00 1.14288752e-02
1.15190010e+04 1.30119762e-02 2.22915570e-02 1.13211094e+00 1.60522360e-02
1.15195010e+04 9.88853760e-03 1.83391259e-02 1.13117328e+00 1.32185000e-02
1.15200000e+04 1.44707881e-03 7.92942292e-03 1.13023749e+00 5.72075179e-03
1.15205000e+04 -2.32884711e-03 3.18468633e-03 1.12929983e+00 2.29978570e-03
1.15209980e+04 3.67419377e-03 1.03150394e-02 1.12836592e+00 7.45589060e-03
1.15215050e+04 2.88515117e-03 9.19499432e-03 1.12741513e+00 6.65266713e-03
1.15220020e+04 3.11868262e-03 9.31983909e-03 1.12648310e+00 6.74932941e-03
1.15225000e+04 4.92520082e-03 1.13544184e-02 1.12554919e+00 8.23049949e-03
1.15229980e+04 4.57749242e-03 1.07731531e-02 1.12461528e+00 7.81652286e-03
1.15234980e+04 9.19026339e-03 1.62146838e-02 1.12367762e+00 1.17758092e-02
1.15240040e+04 2.99463765e-03 8.52982620e-03 1.12272870e+00 6.20067976e-03
1.15245020e+04 4.01096999e-06 4.73930531e-03 1.12179479e+00 3.44845410e-03
1.15250020e+04 -1.18533273e-03 3.13541625e-03 1.12085713e+00 2.28358747e-03
1.15255010e+04 -3.14180055e-03 6.00339397e-04 1.11992135e+00 4.37654642e-04
1.15259990e+04 -1.62552979e-02 -1.54822297e-02 1.11898744e+00 -1.12974392e-02
1.15265010e+04 1.00228831e-02 1.62666408e-02 1.11804603e+00 1.18811889e-02
1.15270000e+04 -2.05592710e-02 -2.10281724e-02 1.11711024e+00 -1.53736497e-02
1.15275040e+04 -1.71727927e-02 -1.70769877e-02 1.11616508e+00 -1.24969688e-02
1.15280010e+04 -5.42185509e-03 -2.96673150e-03 1.11523304e+00 -2.17312257e-03
1.15285030e+04 -8.31132743e-03 -6.63569969e-03 1.11429163e+00 -4.86530209e-03
1.15290020e+04 -7.08090814e-03 -5.30098791e-03 1.11335585e+00 -3.89040590e-03
1.15295000e+04 1.40748561e-03 4.84729147e-03 1.11242194e+00 3.56083469e-03
1.15300030e+04 -1.34901389e-02 -1.34033130e-02 1.11147865e+00 -9.85562061e-03
1.15305030e+04 -1.93170187e-03 4.72234566e-04 1.11054099e+00 3.47573482e-04
1.15309970e+04 -8.64888650e-03 -7.84211157e-03 1.10961458e+00 -5.77742492e-03
1.15315010e+04 -2.76544503e-03 -8.58902457e-04 1.10866942e+00 -6.33382884e-04
1.15319990e+04 -4.86588105e-03 -3.56847834e-03 1.10773551e+00 -2.63403848e-03
1.15325000e+04 -1.56671482e-02 -1.68442996e-02 1.10679597e+00 -1.24454754e-02
1.15330000e+04 -7.49054367e-03 -7.07525980e-03 1.10585831e+00 -5.23262943e-03
1.15335010e+04 2.76442793e-03 5.21719013e-03 1.10491878e+00 3.86219812e-03
1.15339970e+04 -1.35578731e-02 -1.47611418e-02 1.10398862e+00 -1.09379098e-02
1.15344980e+04 -6.22193526e-03 -6.01323028e-03 1.10304908e+00 -4.46008700e-03
1.15349990e+04 -1.36988613e-02 -1.52523545e-02 1.10210954e+00 -1.13238446e-02
1.15355060e+04 -9.70619220e-03 -1.05660397e-02 1.10115876e+00 -7.85228817e-03
1.15360010e+04 2.63787412e-03 4.26508248e-03 1.10023047e+00 3.17269779e-03
1.15365010e+04 4.93572732e-03 6.89564369e-03 1.09929281e+00 5.13449798e-03
1.15370000e+04 -1.09578824e-02 -1.25630930e-02 1.09835703e+00 -9.36356474e-03
1.15375030e+04 -1.95193625e-02 -2.31198135e-02 1.09741374e+00 -1.72486150e-02
1.15380000e+04 -4.19567323e-03 -4.67121917e-03 1.09648170e+00 -3.48835557e-03
1.15384990e+04 -1.47873695e-02 -1.76919229e-02 1.09554592e+00 -1.32247734e-02
1.15389990e+04 -3.89108589e-03 -4.62041812e-03 1.09460826e+00 -3.45715173e-03
1.15395020e+04 2.24697126e-03 2.67228633e-03 1.09366497e+00 2.00146073e-03
1.15399990e+04 -2.17353984e-03 -2.85420213e-03 1.09273294e+00 -2.13978951e-03
1.15405000e+04 4.38864191e-03 4.95414912e-03 1.09179340e+00 3.71776092e-03
1.15410030e+04 -9.20332313e-03 -1.17110129e-02 1.09085011e+00 -8.79700867e-03
1.15415050e+04 1.03570581e-02 1.18805353e-02 1.08990870e+00 8.93314368e-03
1.15420010e+04 7.69351217e-04 7.99188377e-05 1.08897854e+00 6.01506768e-05
1.15425010e+04 1.93870906e-02 2.25274701e-02 1.08804088e+00 1.69719077e-02
1.15430040e+04 3.08493249e-03 2.57136180e-03 1.08709760e+00 1.93914949e-03
1.15434980e+04 1.04355104e-02 1.13392861e-02 1.08617119e+00 8.55965782e-03
1.15440010e+04 1.93978170e-02 2.20614339e-02 1.08522790e+00 1.66699822e-02
1.15445010e+04 1.37898867e-02 1.50921222e-02 1.08429024e+00 1.14151146e-02
1.15449980e+04 8.53933012e-03 8.55772207e-03 1.08335820e+00 6.47909807e-03
1.15455020e+04 7.31998737e-03 6.91612813e-03 1.08241304e+00 5.24145972e-03
1.15459980e+04 1.93183202e-02 2.13271120e-02 1.08148288e+00 1.61788507e-02
1.15465060e+04 1.88321247e-02 2.05744902e-02 1.08053022e+00 1.56236265e-02
1.15469970e+04 2.32913344e-02 2.58324281e-02 1.07960944e+00 1.96354534e-02
1.15475020e+04 2.04422096e-02 2.22114952e-02 1.07866240e+00 1.69000864e-02
1.15480000e+04 4.15083377e-02 4.76327265e-02 1.07772849e+00 3.62782552e-02
1.15485000e+04 2.85658864e-02 3.17572172e-02 1.07679083e+00 2.42111469e-02
1.15489990e+04 4.78151915e-02 5.49719886e-02 1.07585504e+00 4.19513469e-02
1.15494960e+04 5.00852810e-02 5.75697949e-02 1.07492301e+00 4.39773827e-02
1.15499990e+04 4.92050894e-02 5.63403464e-02 1.07397972e+00 4.30814263e-02
1.15505010e+04 7.76957785e-02 9.07758319e-02 1.07303831e+00 6.94826273e-02
1.15510000e+04 5.04654586e-02 5.75511001e-02 1.07210252e+00 4.40953596e-02
1.15514990e+04 8.33625291e-02 9.73381458e-02 1.07116674e+00 7.46545059e-02
1.15519980e+04 7.90890166e-02 9.19895167e-02 1.07023095e+00 7.06228801e-02
1.15524990e+04 8.54497124e-02 9.95532067e-02 1.06929142e+00 7.65065554e-02
1.15530000e+04 1.03763471e-01 1.21631319e-01 1.06835188e+00 9.35676149e-02
1.15534990e+04 1.13205757e-01 1.32937576e-01 1.06741610e+00 1.02367792e-01
1.15540000e+04 1.27843870e-01 1.50552409e-01 1.06647656e+00 1.16048870e-01
1.15545010e+04 1.53560003e-01 1.81619112e-01 1.06553702e+00 1.40137002e-01
1.15550020e+04 1.66556407e-01 1.97240442e-01 1.06459749e+00 1.52344139e-01
1.15555000e+04 1.98666982e-01 2.36072777e-01 1.06366358e+00 1.82520653e-01
1.15559970e+04 2.13730074e-01 2.54204931e-01 1.06273154e+00 1.96736962e-01
1.15565000e+04 2.22430535e-01 2.64609124e-01 1.06178826e+00 2.04997421e-01
1.15570000e+04 2.72638271e-01 3.25415929e-01 1.06085060e+00 2.52360740e-01
1.15575030e+04 2.74883562e-01 3.27981707e-01 1.05990731e+00 2.54609788e-01
1.15580000e+04 3.35569453e-01 4.01512934e-01 1.05897527e+00 3.12005799e-01
1.15585010e+04 3.83377244e-01 4.59405203e-01 1.05803574e+00 3.57355656e-01
1.15589980e+04 4.11361777e-01 4.93227667e-01 1.05710370e+00 3.84052610e-01
1.15595040e+04 4.70969202e-01 5.65446455e-01 1.05615479e+00 4.40739237e-01
1.15600000e+04 5.53452757e-01 6.65446575e-01 1.05522463e+00 5.19208718e-01
1.15604990e+04 6.04346634e-01 7.27086870e-01 1.05428885e+00 5.67880212e-01
1.15610020e+04 6.92860620e-01 8.34407414e-01 1.05334556e+00 6.52370382e-01
1.15615020e+04 8.16071081e-01 9.83860320e-01 1.05240790e+00 7.70003980e-01
1.15620020e+04 8.81608037e-01 1.06328116e+00 1.05147024e+00 8.33012544e-01
1.15624980e+04 9.87510330e-01 1.19171830e+00 1.05054008e+00 9.34582885e-01
1.15629970e+04 1.05855118e+00 1.27782276e+00 1.04960429e+00 1.00313353e+00
1.15635000e+04 1.14279645e+00 1.37995987e+00 1.04866101e+00 1.08443247e+00
1.15640020e+04 1.18209412e+00 1.42751810e+00 1.04771959e+00 1.12296232e+00
1.15644950e+04 1.23123470e+00 1.48703132e+00 1.04679506e+00 1.17096415e+00
1.15649930e+04 1.19999197e+00 1.44893470e+00 1.04586115e+00 1.14213421e+00
1.15654970e+04 1.21804308e+00 1.47069292e+00 1.04491599e+00 1.16048891e+00
1.15659970e+04 1.17928361e+00 1.42346820e+00 1.04397833e+00 1.12438311e+00
1.15665010e+04 1.14924691e+00 1.38683412e+00 1.04303317e+00 1.09658591e+00
1.15670030e+04 1.17402538e+00 1.41676191e+00 1.04209175e+00 1.12141224e+00
1.15674970e+04 1.13324649e+00 1.36708696e+00 1.04116535e+00 1.08319866e+00
1.15679990e+04 1.11249148e+00 1.34172414e+00 1.04022393e+00 1.06420772e+00
1.15685010e+04 1.11477413e+00 1.34433559e+00 1.03928252e+00 1.06738856e+00
1.15690020e+04 1.07416387e+00 1.29486317e+00 1.03834299e+00 1.02917675e+00
1.15695020e+04 1.09247804e+00 1.31694210e+00 1.03740533e+00 1.04781250e+00
1.15700030e+04 1.11000040e+00 1.33805923e+00 1.03646579e+00 1.06572318e+00
1.15705000e+04 1.03993035e+00 1.25281550e+00 1.03553375e+00 9.98861393e-01
1.15709990e+04 1.07250677e+00 1.29221319e+00 1.03459797e+00 1.03134410e+00
1.15715000e+04 1.04723990e+00 1.26137201e+00 1.03365843e+00 1.00778108e+00
1.15719990e+04 1.03921606e+00 1.25146941e+00 1.03272265e+00 1.00091108e+00
1.15725010e+04 1.05995030e+00 1.27648635e+00 1.03178124e+00 1.02199056e+00
1.15730000e+04 1.04174248e+00 1.25421751e+00 1.03084545e+00 1.00520992e+00
1.15734990e+04 1.04227110e+00 1.25470003e+00 1.02990967e+00 1.00664765e+00
1.15739990e+04 1.04214897e+00 1.25439205e+00 1.02897200e+00 1.00745563e+00
1.15745030e+04 1.05208177e+00 1.26629234e+00 1.02802684e+00 1.01808911e+00
1.15749990e+04 1.06872491e+00 1.28634344e+00 1.02709668e+00 1.03528784e+00
1.15755000e+04 1.07089963e+00 1.28882416e+00 1.02615715e+00 1.03837746e+00
1.15759990e+04 1.05903125e+00 1.27425320e+00 1.02522136e+00 1.02771660e+00
1.15765010e+04 1.04211270e+00 1.25354893e+00 1.02427995e+00 1.01208786e+00
1.15769980e+04 1.02086897e+00 1.22759427e+00 1.02334792e+00 9.92171997e-01
1.15774990e+04 1.03154667e+00 1.24040003e+00 1.02240838e+00 1.00358281e+00
1.15780030e+04 1.04656179e+00 1.25847169e+00 1.02146322e+00 1.01928933e+00
1.15785000e+04 1.04097581e+00 1.25152999e+00 1.02053118e+00 1.01473332e+00
1.15790020e+04 1.02307600e+00 1.22963420e+00 1.01958977e+00 9.98040836e-01
1.15795010e+04 1.05739941e+00 1.27115323e+00 1.01865399e+00 1.03283210e+00
1.15799980e+04 1.02432678e+00 1.23083491e+00 1.01772195e+00 1.00112824e+00
1.15805030e+04 1.00772480e+00 1.21051409e+00 1.01677491e+00 9.85656777e-01
1.15809970e+04 1.00445284e+00 1.20638323e+00 1.01584850e+00 9.83325824e-01
1.15815010e+04 1.02012162e+00 1.22524863e+00 1.01490334e+00 9.99775289e-01
1.15820000e+04 9.99171086e-01 1.19964935e+00 1.01396756e+00 9.79928496e-01
1.15824990e+04 9.97847955e-01 1.19788332e+00 1.01303177e+00 9.79528251e-01
1.15830020e+04 1.04119754e+00 1.25036142e+00 1.01208848e+00 1.02353949e+00
1.15835020e+04 1.00016455e+00 1.20037599e+00 1.01115082e+00 9.83672750e-01
1.15839970e+04 9.98191019e-01 1.19782147e+00 1.01022254e+00 9.82619965e-01
1.15844990e+04 9.91952162e-01 1.19008540e+00 1.00928113e+00 9.77324467e-01
1.15849990e+04 9.81814251e-01 1.17761540e+00 1.00834347e+00 9.68121610e-01
1.15854990e+04 9.83264341e-01 1.17921654e+00 1.00740581e+00 9.70479336e-01
1.15860000e+04 9.62501535e-01 1.15384457e+00 1.00646627e+00 9.50621804e-01
1.15865030e+04 9.92246803e-01 1.18980315e+00 1.00552298e+00 9.81308769e-01
1.15870000e+04 9.77718417e-01 1.17200282e+00 1.00459095e+00 9.67663186e-01
1.15874970e+04 9.73544048e-01 1.16677522e+00 1.00365891e+00 9.64380130e-01
1.15879990e+04 9.90287967e-01 1.18694678e+00 1.00271750e+00 9.82116458e-01
1.15884980e+04 1.02761014e+00 1.23210717e+00 1.00178172e+00 1.02058364e+00
1.15890030e+04 9.95620989e-01 1.19310194e+00 1.00083468e+00 9.89355097e-01
1.15894950e+04 9.77936516e-01 1.17147082e+00 9.99912022e-01 9.72453688e-01
1.15900010e+04 1.00697834e+00 1.20657426e+00 9.98963109e-01 1.00269304e+00
1.15904980e+04 1.00347561e+00 1.20216222e+00 9.98031074e-01 1.00010489e+00
1.15910000e+04 9.99006917e-01 1.19657563e+00 9.97089663e-01 9.96543774e-01
1.15915010e+04 1.01695021e+00 1.21820390e+00 9.96150127e-01 1.01566278e+00
1.15919980e+04 1.00465490e+00 1.20311515e+00 9.95218092e-01 1.00416899e+00
1.15924970e+04 1.04078790e+00 1.24683154e+00 9.94282307e-01 1.04178920e+00
1.15930000e+04 1.00467955e+00 1.20282507e+00 9.93339020e-01 1.00612355e+00
1.15935030e+04 1.01212089e+00 1.21170034e+00 9.92395733e-01 1.01466193e+00
1.15939980e+04 1.02277414e+00 1.22447833e+00 9.91467449e-01 1.02647282e+00
1.15945030e+04 1.02021504e+00 1.22120956e+00 9.90520412e-01 1.02486529e+00
1.15949980e+04 1.01674053e+00 1.21683242e+00 9.89592128e-01 1.02230059e+00
1.15954980e+04 1.00413650e+00 1.20136786e+00 9.88654467e-01 1.01041636e+00
1.15959990e+04 1.00690830e+00 1.20457360e+00 9.87714931e-01 1.01422826e+00
1.15965050e+04 1.03874847e+00 1.24307504e+00 9.86766018e-01 1.04781116e+00
1.15969990e+04 9.93572882e-01 1.18806124e+00 9.85839609e-01 1.00252882e+00
1.15975020e+04 1.00991229e+00 1.20774129e+00 9.84896322e-01 1.02026610e+00
1.15979950e+04 9.93729362e-01 1.18793315e+00 9.83971789e-01 1.00462502e+00
1.15985020e+04 9.76929602e-01 1.16737154e+00 9.83021001e-01 9.88342539e-01
1.15989990e+04 9.94405878e-01 1.18843399e+00 9.82088966e-01 1.00728133e+00
1.15995030e+04 1.00180186e+00 1.19725385e+00 9.81143804e-01 1.01588970e+00
1.16000000e+04 9.91112118e-01 1.18411473e+00 9.80211769e-01 1.00584832e+00
1.16005030e+04 9.86337551e-01 1.17815640e+00 9.79268482e-01 1.00190459e+00
1.16009980e+04 9.77638632e-01 1.16743534e+00 9.78340198e-01 9.93879616e-01
1.16015000e+04 1.00046579e+00 1.19499369e+00 9.77398787e-01 1.01847735e+00
1.16020030e+04 9.70720114e-01 1.15871332e+00 9.76455500e-01 9.88662559e-01
1.16024990e+04 9.87727223e-01 1.17920639e+00 9.75525341e-01 1.00726096e+00
1.16030010e+04 9.33974229e-01 1.11377462e+00 9.74583929e-01 9.52436291e-01
1.16035010e+04 9.76608087e-01 1.16538458e+00 9.73646269e-01 9.97683819e-01
1.16039980e+04 9.75094868e-01 1.16338837e+00 9.72714234e-01 9.97082404e-01
1.16045010e+04 9.32449106e-01 1.11144362e+00 9.71770947e-01 9.53636395e-01
1.16050010e+04 9.69168433e-01 1.15587165e+00 9.70833286e-01 9.92868354e-01
1.16055010e+04 9.54308232e-01 1.13766745e+00 9.69895625e-01 9.78328283e-01
1.16060000e+04 9.65629753e-01 1.15125564e+00 9.68959840e-01 9.91123644e-01
1.16065000e+04 9.53536077e-01 1.13641078e+00 9.68022179e-01 9.79444266e-01
1.16070020e+04 9.28011972e-01 1.10525692e+00 9.67080768e-01 9.53670718e-01
1.16074990e+04 9.45975161e-01 1.12691062e+00 9.66148733e-01 9.73444412e-01
1.16079990e+04 9.34615495e-01 1.11295706e+00 9.65211072e-01 9.62476338e-01
