# # source: .\experimental\XANES_Pt_Foil(MoS2)_Exp.txt
# # site: Pt_Foil(MoS2)_Exp
# # columns: Energy(eV) Abs_raw Preedge_normalized PredictedPost_raw Final_normalized
# 
1.15262000e+04 1.75410546e-03 3.20273706e-02 1.06839659e+00 2.75563029e-02
1.15264000e+04 3.33848175e-04 3.01056508e-02 1.06818778e+00 2.59174008e-02
1.15266000e+04 -8.61956534e-04 2.84200148e-02 1.06797896e+00 2.44800117e-02
1.15268000e+04 -1.83330867e-03 2.69704627e-02 1.06777015e+00 2.32444756e-02
1.15270000e+04 -2.51061734e-03 2.58301916e-02 1.06756133e+00 2.22742533e-02
1.15272000e+04 -2.99083202e-03 2.48972280e-02 1.06735251e+00 2.14818080e-02
1.15274000e+04 -3.41840279e-03 2.40196364e-02 1.06714370e+00 2.07362732e-02
1.15276000e+04 -3.90275537e-03 2.30823204e-02 1.06693488e+00 1.99383092e-02
1.15278000e+04 -4.57753871e-03 2.19447055e-02 1.06672607e+00 1.89663316e-02
1.15280000e+04 -5.53465792e-03 2.05101239e-02 1.06651725e+00 1.77364510e-02
1.15282000e+04 -6.50978742e-03 1.90565987e-02 1.06630844e+00 1.64887915e-02
1.15284000e+04 -7.29908992e-03 1.77985301e-02 1.06609962e+00 1.54089381e-02
1.15286000e+04 -7.90384854e-03 1.67345687e-02 1.06589081e+00 1.44960063e-02
1.15288000e+04 -8.39822786e-03 1.57867064e-02 1.06568199e+00 1.36826681e-02
1.15290000e+04 -8.85004506e-03 1.48836119e-02 1.06547318e+00 1.29072329e-02
1.15292000e+04 -9.33947747e-03 1.39409528e-02 1.06526436e+00 1.20965899e-02
1.15294000e+04 -9.99665829e-03 1.28218526e-02 1.06505555e+00 1.11318439e-02
1.15296000e+04 -1.07565605e-02 1.15947079e-02 1.06484673e+00 1.00721482e-02
1.15298000e+04 -1.15089125e-02 1.03755046e-02 1.06463792e+00 9.01815370e-03
1.15300000e+04 -1.21672089e-02 9.25523108e-03 1.06442910e+00 8.04899983e-03
1.15302000e+04 -1.27250258e-02 8.24064384e-03 1.06422029e+00 7.17071039e-03
1.15304000e+04 -1.31669410e-02 7.34796443e-03 1.06401147e+00 6.39756358e-03
1.15306000e+04 -1.35081196e-02 6.56124177e-03 1.06380266e+00 5.71584276e-03
1.15308000e+04 -1.37788033e-02 5.84866727e-03 1.06359384e+00 5.09797797e-03
1.15310000e+04 -1.40633385e-02 5.12152334e-03 1.06338503e+00 4.46670368e-03
1.15312000e+04 -1.43867981e-02 4.35343796e-03 1.06317621e+00 3.79898373e-03
1.15314000e+04 -1.48489465e-02 3.43947684e-03 1.06296740e+00 3.00313387e-03
1.15316000e+04 -1.53764379e-02 2.45678662e-03 1.06275858e+00 2.14633303e-03
1.15318000e+04 -1.59266764e-02 1.45017052e-03 1.06254977e+00 1.26764093e-03
1.15320000e+04 -1.64283624e-02 4.94622948e-04 1.06234095e+00 4.32612530e-04
1.15322000e+04 -1.67608231e-02 -2.82930012e-04 1.06213214e+00 -2.47600572e-04
1.15324000e+04 -1.68254398e-02 -7.78759049e-04 1.06192332e+00 -6.81904672e-04
1.15326000e+04 -1.66591968e-02 -1.03176520e-03 1.06171451e+00 -9.03960623e-04
1.15328000e+04 -1.63715529e-02 -1.15707923e-03 1.06150569e+00 -1.01433159e-03
1.15330000e+04 -1.60859956e-02 -1.28458811e-03 1.06129688e+00 -1.12675401e-03
1.15332000e+04 -1.57937888e-02 -1.40510287e-03 1.06108806e+00 -1.23316683e-03
1.15334000e+04 -1.56122688e-02 -1.64204030e-03 1.06087925e+00 -1.44193661e-03
1.15336000e+04 -1.54363131e-02 -1.88483041e-03 1.06067043e+00 -1.65608805e-03
1.15338000e+04 -1.51250583e-02 -1.98531010e-03 1.06046162e+00 -1.74537369e-03
1.15340000e+04 -1.46358338e-02 -1.89859759e-03 1.06025280e+00 -1.67009843e-03
1.15342000e+04 -1.40423130e-02 -1.70218413e-03 1.06004399e+00 -1.49818311e-03
1.15344000e+04 -1.33781096e-02 -1.43142512e-03 1.05983517e+00 -1.26059724e-03
1.15346000e+04 -1.27708265e-02 -1.22053623e-03 1.05962636e+00 -1.07549375e-03
1.15348000e+04 -1.23627290e-02 -1.21915470e-03 1.05941754e+00 -1.07489410e-03
1.15350000e+04 -1.22316231e-02 -1.50911872e-03 1.05920873e+00 -1.33131264e-03
1.15352000e+04 -1.22022644e-02 -1.90610262e-03 1.05899991e+00 -1.68249143e-03
1.15354000e+04 -1.21838630e-02 -2.31461147e-03 1.05879110e+00 -2.04425354e-03
1.15356000e+04 -1.20422188e-02 -2.59349111e-03 1.05858228e+00 -2.29187876e-03
1.15358000e+04 -1.16793888e-02 -2.63972293e-03 1.05837347e+00 -2.33407919e-03
1.15360000e+04 -1.10592049e-02 -2.41526466e-03 1.05816465e+00 -2.13684232e-03
1.15362000e+04 -1.03266553e-02 -2.07261776e-03 1.05795584e+00 -1.83475305e-03
1.15364000e+04 -9.64574204e-03 -1.78428310e-03 1.05774702e+00 -1.58042162e-03
1.15366000e+04 -9.02442787e-03 -1.55863596e-03 1.05753821e+00 -1.38135350e-03
1.15368000e+04 -8.42842982e-03 -1.35961684e-03 1.05732939e+00 -1.20566808e-03
1.15370000e+04 -7.89485211e-03 -1.22625270e-03 1.05712058e+00 -1.08803393e-03
1.15372000e+04 -7.37573853e-03 -1.10810225e-03 1.05691176e+00 -9.83770234e-04
1.15374000e+04 -6.89514112e-03 -1.03046390e-03 1.05670295e+00 -9.15373100e-04
1.15376000e+04 -6.38648379e-03 -9.23311542e-04 1.05649413e+00 -8.20663842e-04
1.15378000e+04 -5.80682043e-03 -7.41473578e-04 1.05628532e+00 -6.59423666e-04
1.15380000e+04 -5.18454546e-03 -5.14815843e-04 1.05607650e+00 -4.58113104e-04
1.15382000e+04 -4.53094155e-03 -2.55205686e-04 1.05586769e+00 -2.27228743e-04
1.15384000e+04 -3.86467759e-03 1.77205702e-05 1.05565887e+00 1.57871184e-05
1.15386000e+04 -3.26229517e-03 2.23454906e-04 1.05545006e+00 1.99189972e-04
1.15388000e+04 -2.85043691e-03 2.28792008e-04 1.05524124e+00 2.04066150e-04
1.15390000e+04 -2.67041308e-03 -9.71912437e-06 1.05503243e+00 -8.67381104e-06
1.15392000e+04 -2.51941045e-03 -2.78755353e-04 1.05482361e+00 -2.48919474e-04
1.15394000e+04 -2.20103309e-03 -3.71743390e-04 1.05461480e+00 -3.32148200e-04
1.15396000e+04 -1.74913158e-03 -3.24287970e-04 1.05440598e+00 -2.89916293e-04
1.15398000e+04 -1.24877190e-03 -2.25863247e-04 1.05419717e+00 -2.02041524e-04
1.15400000e+04 -7.47517202e-04 -1.26497135e-04 1.05398835e+00 -1.13221575e-04
1.15402000e+04 -3.03706681e-04 -8.75519890e-05 1.05377953e+00 -7.84093940e-05
1.15404000e+04 1.94895764e-05 -1.75471410e-04 1.05357072e+00 -1.57239688e-04
1.15406000e+04 2.55530355e-04 -3.55062759e-04 1.05336190e+00 -3.18357297e-04
1.15408000e+04 4.85785387e-04 -5.40739676e-04 1.05315309e+00 -4.85123091e-04
1.15410000e+04 7.87437760e-04 -6.51319399e-04 1.05294427e+00 -5.84671464e-04
1.15412000e+04 1.11879328e-03 -7.30656741e-04 1.05273546e+00 -6.56274609e-04
1.15414000e+04 1.48421345e-03 -7.74164175e-04 1.05252664e+00 -6.95760466e-04
1.15416000e+04 1.86384413e-03 -8.02724712e-04 1.05231783e+00 -7.21851614e-04
1.15418000e+04 2.25220304e-03 -8.22104716e-04 1.05210901e+00 -7.39712927e-04
1.15420000e+04 2.62507682e-03 -8.57772286e-04 1.05190020e+00 -7.72259036e-04
1.15422000e+04 2.95300516e-03 -9.40714407e-04 1.05169138e+00 -8.47430035e-04
1.15424000e+04 3.18693411e-03 -1.12252703e-03 1.05148257e+00 -1.01180794e-03
1.15426000e+04 3.37305923e-03 -1.35462070e-03 1.05127375e+00 -1.22172751e-03
1.15428000e+04 3.58024800e-03 -1.56455918e-03 1.05106494e+00 -1.41190072e-03
1.15430000e+04 3.83833526e-03 -1.72096159e-03 1.05085612e+00 -1.55395705e-03
1.15432000e+04 4.10919456e-03 -1.86393009e-03 1.05064731e+00 -1.68404338e-03
1.15434000e+04 4.31862147e-03 -2.07151446e-03 1.05043849e+00 -1.87269735e-03
1.15436000e+04 4.53170179e-03 -2.27525609e-03 1.05022968e+00 -2.05809792e-03
1.15438000e+04 4.78666785e-03 -2.43494144e-03 1.05002086e+00 -2.20384245e-03
1.15440000e+04 5.08873650e-03 -2.54508332e-03 1.04981205e+00 -2.30489132e-03
1.15442000e+04 5.48839023e-03 -2.55258320e-03 1.04960323e+00 -2.31304951e-03
1.15444000e+04 6.04678088e-03 -2.39312031e-03 1.04939442e+00 -2.16983287e-03
1.15446000e+04 6.64796641e-03 -2.18864488e-03 1.04918560e+00 -1.98560991e-03
1.15448000e+04 7.11110656e-03 -2.12936843e-03 1.04897679e+00 -1.93297606e-03
1.15450000e+04 7.34926347e-03 -2.30673399e-03 1.04876797e+00 -2.09522352e-03
1.15452000e+04 7.54396858e-03 -2.52980305e-03 1.04855916e+00 -2.29920076e-03
1.15454000e+04 7.87282831e-03 -2.61176552e-03 1.04835034e+00 -2.37509976e-03
1.15456000e+04 8.29980803e-03 -2.59052335e-03 1.04814153e+00 -2.35718042e-03
1.15458000e+04 8.75629781e-03 -2.53824189e-03 1.04793271e+00 -2.31097962e-03
1.15460000e+04 9.25446593e-03 -2.44212230e-03 1.04772390e+00 -2.22478715e-03
1.15462000e+04 9.75147707e-03 -2.34721965e-03 1.04751508e+00 -2.13960148e-03
1.15464000e+04 1.02481124e-02 -2.25271231e-03 1.04730627e+00 -2.05467504e-03
1.15466000e+04 1.07291602e-02 -2.17460025e-03 1.04709745e+00 -1.98461036e-03
1.15468000e+04 1.12555378e-02 -2.04880932e-03 1.04688864e+00 -1.87092304e-03
1.15470000e+04 1.18762890e-02 -1.82375431e-03 1.04667982e+00 -1.66640066e-03
1.15472000e+04 1.24652607e-02 -1.63212559e-03 1.04647101e+00 -1.49219487e-03
1.15474000e+04 1.29012324e-02 -1.60142553e-03 1.04626219e+00 -1.46500039e-03
1.15476000e+04 1.32853908e-02 -1.62522374e-03 1.04605338e+00 -1.48765878e-03
1.15478000e+04 1.37600660e-02 -1.55381444e-03 1.04584456e+00 -1.42314339e-03
1.15480000e+04 1.44230476e-02 -1.28434069e-03 1.04563575e+00 -1.17703462e-03
1.15482000e+04 1.52326863e-02 -8.60609875e-04 1.04542693e+00 -7.89177990e-04
1.15484000e+04 1.62071725e-02 -2.63489133e-04 1.04521812e+00 -2.41763730e-04
1.15486000e+04 1.72292160e-02 3.83653447e-04 1.04500930e+00 3.52230937e-04
1.15488000e+04 1.81632420e-02 9.38217299e-04 1.04480049e+00 8.61890196e-04
1.15490000e+04 1.89165065e-02 1.30265246e-03 1.04459167e+00 1.19739471e-03
1.15492000e+04 1.95943868e-02 1.58779708e-03 1.04438286e+00 1.46037434e-03
1.15494000e+04 2.02468722e-02 1.84623074e-03 1.04417404e+00 1.69908752e-03
1.15496000e+04 2.09451981e-02 2.15288041e-03 1.04396523e+00 1.98248730e-03
1.15498000e+04 2.17325537e-02 2.55317338e-03 1.04375641e+00 2.35251124e-03
1.15500000e+04 2.26876385e-02 3.12988735e-03 1.04354760e+00 2.88563340e-03
1.15502000e+04 2.37823716e-02 3.85348622e-03 1.04333878e+00 3.55490062e-03
1.15504000e+04 2.50610050e-02 4.77051530e-03 1.04312997e+00 4.40352341e-03
1.15506000e+04 2.63823819e-02 5.73250290e-03 1.04292115e+00 5.29469344e-03
1.15508000e+04 2.76132614e-02 6.59930340e-03 1.04271234e+00 6.09896738e-03
1.15510000e+04 2.86933110e-02 7.30745792e-03 1.04250352e+00 6.75750497e-03
1.15512000e+04 2.96877578e-02 7.92557359e-03 1.04229471e+00 7.33352450e-03
1.15514000e+04 3.06728997e-02 8.53390227e-03 1.04208589e+00 7.90117827e-03
1.15516000e+04 3.16708034e-02 9.15565401e-03 1.04187708e+00 8.48195333e-03
1.15518000e+04 3.27056253e-02 9.81623714e-03 1.04166826e+00 9.09942640e-03
1.15520000e+04 3.38796084e-02 1.06231929e-02 1.04145945e+00 9.85341263e-03
1.15522000e+04 3.51513290e-02 1.15329509e-02 1.04125063e+00 1.07037222e-02
1.15524000e+04 3.65261909e-02 1.25511950e-02 1.04104182e+00 1.16558087e-02
1.15526000e+04 3.80075044e-02 1.36814072e-02 1.04083300e+00 1.27130925e-02
1.15528000e+04 3.96337115e-02 1.49640215e-02 1.04062418e+00 1.39133601e-02
1.15530000e+04 4.14162597e-02 1.64110784e-02 1.04041537e+00 1.52680737e-02
1.15532000e+04 4.32535242e-02 1.79156872e-02 1.04020655e+00 1.66780082e-02
1.15534000e+04 4.50009903e-02 1.93258441e-02 1.03999774e+00 1.80016754e-02
1.15536000e+04 4.67543062e-02 2.07421541e-02 1.03978892e+00 1.93326868e-02
1.15538000e+04 4.86475434e-02 2.23056360e-02 1.03958011e+00 2.08025720e-02
1.15540000e+04 5.07532037e-02 2.40925490e-02 1.03937129e+00 2.24827483e-02
1.15542000e+04 5.30381485e-02 2.60680372e-02 1.03916248e+00 2.43410532e-02
1.15544000e+04 5.54329070e-02 2.81590296e-02 1.03895366e+00 2.63095406e-02
1.15546000e+04 5.79434541e-02 3.03718109e-02 1.03874485e+00 2.83942876e-02
1.15548000e+04 6.05076036e-02 3.26409723e-02 1.03853603e+00 3.05343195e-02
1.15550000e+04 6.30968343e-02 3.49365145e-02 1.03832722e+00 3.27016575e-02
1.15552000e+04 6.58815113e-02 3.74376313e-02 1.03811840e+00 3.50641848e-02
1.15554000e+04 6.89099439e-02 4.01951353e-02 1.03790959e+00 3.76698797e-02
1.15556000e+04 7.22292408e-02 4.32585762e-02 1.03770077e+00 4.05656536e-02
1.15558000e+04 7.58036602e-02 4.65903602e-02 1.03749196e+00 4.37167637e-02
1.15560000e+04 7.95772827e-02 5.01316703e-02 1.03728314e+00 4.70684561e-02
1.15562000e+04 8.35637544e-02 5.38968594e-02 1.03707433e+00 5.06345837e-02
1.15564000e+04 8.76299384e-02 5.77458916e-02 1.03686551e+00 5.42839003e-02
1.15566000e+04 9.18562229e-02 6.17633209e-02 1.03665670e+00 5.80960925e-02
1.15568000e+04 9.62910540e-02 6.60001037e-02 1.03644788e+00 6.21194207e-02
1.15570000e+04 1.00953982e-01 7.04768031e-02 1.03623907e+00 6.63736397e-02
1.15572000e+04 1.05921940e-01 7.52743408e-02 1.03603025e+00 7.09354326e-02
1.15574000e+04 1.11077254e-01 8.02689417e-02 1.03582144e+00 7.56886544e-02
1.15576000e+04 1.16566651e-01 8.56149384e-02 1.03561262e+00 8.07792742e-02
1.15578000e+04 1.22421060e-01 9.13448635e-02 1.03540381e+00 8.62386291e-02
1.15580000e+04 1.28625505e-01 9.74429622e-02 1.03519499e+00 9.20525175e-02
1.15582000e+04 1.35298519e-01 1.04033911e-01 1.03498618e+00 9.83394477e-02
1.15584000e+04 1.42230655e-01 1.10897412e-01 1.03477736e+00 1.04891925e-01
1.15586000e+04 1.49651789e-01 1.18275249e-01 1.03456855e+00 1.11939276e-01
1.15588000e+04 1.57574444e-01 1.26180598e-01 1.03435973e+00 1.19494893e-01
1.15590000e+04 1.65991075e-01 1.34605520e-01 1.03415092e+00 1.27552195e-01
1.15592000e+04 1.75200557e-01 1.43864379e-01 1.03394210e+00 1.36410190e-01
1.15594000e+04 1.85046592e-01 1.53792777e-01 1.03373329e+00 1.45914388e-01
1.15596000e+04 1.95756945e-01 1.64630282e-01 1.03352447e+00 1.56293424e-01
1.15598000e+04 2.07217883e-01 1.76257270e-01 1.03331566e+00 1.67435288e-01
1.15600000e+04 2.19309962e-01 1.88548103e-01 1.03310684e+00 1.79221975e-01
1.15602000e+04 2.32456441e-01 2.01947977e-01 1.03289803e+00 1.92078123e-01
1.15604000e+04 2.46300540e-01 2.16081622e-01 1.03268921e+00 2.05648572e-01
1.15606000e+04 2.61390193e-01 2.31525366e-01 1.03248040e+00 2.20483496e-01
1.15608000e+04 2.77796698e-01 2.48354202e-01 1.03227158e+00 2.36656711e-01
1.15610000e+04 2.95509330e-01 2.66556849e-01 1.03206277e+00 2.54159960e-01
1.15612000e+04 3.15034286e-01 2.86665737e-01 1.03185395e+00 2.73503707e-01
1.15614000e+04 3.35764752e-01 3.08042605e-01 1.03164514e+00 2.94082055e-01
1.15616000e+04 3.58468315e-01 3.31494816e-01 1.03143632e+00 3.16668568e-01
1.15618000e+04 3.83138613e-01 3.57015680e-01 1.03122751e+00 3.41260603e-01
1.15620000e+04 4.09659126e-01 3.84482638e-01 1.03101869e+00 3.67744692e-01
1.15622000e+04 4.39087303e-01 4.15007937e-01 1.03080988e+00 3.97188867e-01
1.15624000e+04 4.70804860e-01 4.47941253e-01 1.03060106e+00 4.28975885e-01
1.15626000e+04 5.05664080e-01 4.84179036e-01 1.03039225e+00 4.63969169e-01
1.15628000e+04 5.43562855e-01 5.23613884e-01 1.03018343e+00 5.02071753e-01
1.15630000e+04 5.83996072e-01 5.65714511e-01 1.02997462e+00 5.42779724e-01
1.15632000e+04 6.27933300e-01 6.11500729e-01 1.02976580e+00 5.87077058e-01
1.15634000e+04 6.74386024e-01 6.59932797e-01 1.02955699e+00 6.33971662e-01
1.15636000e+04 7.23788918e-01 7.11467915e-01 1.02934817e+00 6.83907909e-01
1.15638000e+04 7.76349553e-01 7.66324410e-01 1.02913936e+00 7.37101526e-01
1.15640000e+04 8.31036836e-01 8.23417757e-01 1.02893054e+00 7.92514824e-01
1.15642000e+04 8.87748610e-01 8.82640506e-01 1.02872173e+00 8.50048502e-01
1.15644000e+04 9.45763347e-01 9.43233739e-01 1.02851291e+00 9.08975204e-01
1.15646000e+04 1.00365192e+00 1.00369426e+00 1.02830410e+00 9.67848053e-01
1.15648000e+04 1.06138822e+00 1.06399464e+00 1.02809528e+00 1.02664047e+00
1.15650000e+04 1.11727680e+00 1.12235153e+00 1.02788647e+00 1.08363049e+00
1.15652000e+04 1.16973404e+00 1.17709927e+00 1.02767765e+00 1.13720549e+00
1.15654000e+04 1.21913486e+00 1.22863221e+00 1.02746883e+00 1.18774024e+00
1.15656000e+04 1.26253157e+00 1.27384990e+00 1.02726002e+00 1.23222984e+00
1.15658000e+04 1.29939452e+00 1.31219524e+00 1.02705120e+00 1.27012360e+00
1.15660000e+04 1.32955426e+00 1.34349002e+00 1.02684239e+00 1.30123641e+00
1.15662000e+04 1.35143920e+00 1.36608119e+00 1.02663357e+00 1.32395335e+00
1.15664000e+04 1.36691801e+00 1.38193426e+00 1.02642476e+00 1.34016459e+00
1.15666000e+04 1.37548724e+00 1.39051968e+00 1.02621594e+00 1.34934390e+00
1.15668000e+04 1.37770187e+00 1.39242122e+00 1.02600713e+00 1.35204477e+00
1.15670000e+04 1.37608540e+00 1.39029312e+00 1.02579831e+00 1.35083380e+00
1.15672000e+04 1.36967780e+00 1.38312560e+00 1.02558950e+00 1.34472180e+00
1.15674000e+04 1.36058745e+00 1.37313632e+00 1.02538068e+00 1.33585689e+00
1.15676000e+04 1.34930673e+00 1.36084316e+00 1.02517187e+00 1.32473796e+00
1.15678000e+04 1.33596662e+00 1.34638390e+00 1.02496305e+00 1.31149494e+00
1.15680000e+04 1.32189791e+00 1.33115828e+00 1.02475424e+00 1.29748811e+00
1.15682000e+04 1.30647173e+00 1.31450483e+00 1.02454542e+00 1.28207086e+00
1.15684000e+04 1.29009726e+00 1.29685397e+00 1.02433661e+00 1.26566056e+00
1.15686000e+04 1.27325306e+00 1.27870902e+00 1.02412779e+00 1.24874685e+00
1.15688000e+04 1.25610565e+00 1.26024516e+00 1.02391898e+00 1.23149995e+00
1.15690000e+04 1.23918422e+00 1.24201899e+00 1.02371016e+00 1.21446346e+00
1.15692000e+04 1.22261230e+00 1.22416044e+00 1.02350135e+00 1.19776493e+00
1.15694000e+04 1.20631287e+00 1.20658849e+00 1.02329253e+00 1.18132568e+00
1.15696000e+04 1.19090208e+00 1.18995124e+00 1.02308372e+00 1.16578113e+00
1.15698000e+04 1.17653652e+00 1.17441340e+00 1.02287490e+00 1.15129446e+00
1.15700000e+04 1.16319183e+00 1.15994931e+00 1.02266609e+00 1.13784256e+00
1.15702000e+04 1.15111221e+00 1.14681585e+00 1.02245727e+00 1.12567954e+00
1.15704000e+04 1.14001667e+00 1.13471747e+00 1.02224846e+00 1.11451759e+00
1.15706000e+04 1.12978112e+00 1.12352365e+00 1.02203964e+00 1.10423035e+00
1.15708000e+04 1.11994263e+00 1.11274745e+00 1.02183083e+00 1.09434064e+00
1.15710000e+04 1.11002387e+00 1.10188683e+00 1.02162201e+00 1.08435515e+00
1.15712000e+04 1.10076982e+00 1.09172537e+00 1.02141320e+00 1.07504531e+00
1.15714000e+04 1.09238360e+00 1.08247671e+00 1.02120438e+00 1.06662293e+00
1.15716000e+04 1.08482188e+00 1.07409527e+00 1.02099557e+00 1.05904480e+00
1.15718000e+04 1.07789433e+00 1.06638087e+00 1.02078675e+00 1.05211503e+00
1.15720000e+04 1.07127845e+00 1.05899428e+00 1.02057794e+00 1.04549997e+00
1.15722000e+04 1.06488391e+00 1.05184051e+00 1.02036912e+00 1.03910639e+00
1.15724000e+04 1.05832219e+00 1.04451090e+00 1.02016031e+00 1.03253074e+00
1.15726000e+04 1.05170002e+00 1.03711769e+00 1.01995149e+00 1.02588370e+00
1.15728000e+04 1.04526163e+00 1.02991780e+00 1.01974268e+00 1.01941942e+00
1.15730000e+04 1.03912498e+00 1.02303528e+00 1.01953386e+00 1.01326113e+00
1.15732000e+04 1.03328447e+00 1.01646424e+00 1.01932505e+00 1.00740359e+00
1.15734000e+04 1.02763237e+00 1.01009139e+00 1.01911623e+00 1.00173501e+00
1.15736000e+04 1.02224597e+00 1.00399800e+00 1.01890742e+00 9.96336427e-01
1.15738000e+04 1.01707317e+00 9.98129279e-01 1.01869860e+00 9.91153952e-01
1.15740000e+04 1.01207714e+00 9.92446481e-01 1.01848979e+00 9.86149503e-01
1.15742000e+04 1.00748651e+00 9.87190103e-01 1.01828097e+00 9.81562552e-01
1.15744000e+04 1.00325167e+00 9.82307949e-01 1.01807216e+00 9.77341981e-01
1.15746000e+04 9.99544533e-01 9.77980839e-01 1.01786334e+00 9.73668525e-01
1.15748000e+04 9.96396131e-01 9.74241421e-01 1.01765453e+00 9.70575777e-01
1.15750000e+04 9.93711661e-01 9.70989977e-01 1.01744571e+00 9.67965461e-01
1.15752000e+04 9.91519629e-01 9.68256488e-01 1.01723690e+00 9.65868427e-01
1.15754000e+04 9.89469949e-01 9.65672728e-01 1.01702808e+00 9.63918121e-01
1.15756000e+04 9.87803180e-01 9.63491722e-01 1.01681927e+00 9.62367556e-01
1.15758000e+04 9.86654839e-01 9.61856010e-01 1.01661045e+00 9.61359983e-01
1.15760000e+04 9.85992851e-01 9.60731853e-01 1.01640164e+00 9.60862721e-01
1.15762000e+04 9.85987657e-01 9.60298526e-01 1.01619282e+00 9.61056184e-01
1.15764000e+04 9.86493933e-01 9.60403174e-01 1.01598401e+00 9.61788652e-01
1.15766000e+04 9.87516996e-01 9.61051388e-01 1.01577519e+00 9.63066782e-01
1.15768000e+04 9.88865409e-01 9.62041813e-01 1.01556638e+00 9.64689737e-01
1.15770000e+04 9.90314203e-01 9.63137821e-01 1.01535756e+00 9.66420759e-01
1.15772000e+04 9.92214069e-01 9.64708275e-01 1.01514875e+00 9.68630423e-01
1.15774000e+04 9.94602349e-01 9.66792453e-01 1.01493993e+00 9.71359134e-01
1.15776000e+04 9.97462777e-01 9.69373247e-01 1.01473112e+00 9.74590711e-01
1.15778000e+04 1.00075289e+00 9.72405990e-01 1.01452230e+00 9.78281209e-01
1.15780000e+04 1.00424627e+00 9.75652538e-01 1.01431349e+00 9.82191790e-01
1.15782000e+04 1.00777666e+00 9.78938011e-01 1.01410467e+00 9.86146721e-01
1.15784000e+04 1.01104964e+00 9.81952735e-01 1.01389585e+00 9.89833930e-01
1.15786000e+04 1.01404509e+00 9.84675544e-01 1.01368704e+00 9.93231540e-01
1.15788000e+04 1.01687681e+00 9.87226147e-01 1.01347822e+00 9.96459805e-01
1.15790000e+04 1.01959747e+00 9.89659925e-01 1.01326941e+00 9.99574328e-01
1.15792000e+04 1.02225571e+00 9.92028056e-01 1.01306059e+00 1.00262661e+00
1.15794000e+04 1.02500118e+00 9.94487934e-01 1.01285178e+00 1.00577570e+00
1.15796000e+04 1.02771707e+00 9.96916694e-01 1.01264296e+00 1.00889746e+00
1.15798000e+04 1.03028219e+00 9.99186876e-01 1.01243415e+00 1.01186276e+00
1.15800000e+04 1.03257963e+00 1.00117551e+00 1.01222533e+00 1.01454666e+00
1.15802000e+04 1.03455376e+00 1.00282408e+00 1.01201652e+00 1.01688928e+00
1.15804000e+04 1.03646210e+00 1.00440345e+00 1.01180770e+00 1.01916478e+00
1.15806000e+04 1.03785227e+00 1.00543779e+00 1.01159889e+00 1.02088989e+00
1.15808000e+04 1.03845524e+00 1.00564414e+00 1.01139007e+00 1.02177603e+00
1.15810000e+04 1.03821227e+00 1.00496072e+00 1.01118126e+00 1.02175868e+00
1.15812000e+04 1.03706667e+00 1.00332788e+00 1.01097244e+00 1.02077539e+00
1.15814000e+04 1.03522141e+00 1.00095914e+00 1.01076363e+00 1.01904159e+00
1.15816000e+04 1.03286257e+00 9.98050200e-01 1.01055481e+00 1.01675517e+00
1.15818000e+04 1.03033894e+00 9.94967932e-01 1.01034600e+00 1.01428901e+00
1.15820000e+04 1.02804513e+00 9.92127391e-01 1.01013718e+00 1.01206616e+00
1.15822000e+04 1.02551607e+00 9.89039405e-01 1.00992837e+00 1.00958776e+00
1.15824000e+04 1.02274366e+00 9.85695465e-01 1.00971955e+00 1.00684461e+00
1.15826000e+04 1.01949757e+00 9.81853299e-01 1.00951074e+00 1.00358856e+00
1.15828000e+04 1.01565607e+00 9.77384864e-01 1.00930192e+00 9.99687593e-01
1.15830000e+04 1.01125250e+00 9.72325231e-01 1.00909311e+00 9.95176331e-01
1.15832000e+04 1.00640568e+00 9.66799388e-01 1.00888429e+00 9.90181557e-01
1.15834000e+04 1.00124717e+00 9.60945699e-01 1.00867548e+00 9.84844107e-01
1.15836000e+04 9.96110717e-01 9.55115204e-01 1.00846666e+00 9.79523305e-01
1.15838000e+04 9.91164157e-01 9.49484447e-01 1.00825785e+00 9.74400358e-01
1.15840000e+04 9.86693063e-01 9.44353795e-01 1.00804903e+00 9.69784123e-01
1.15842000e+04 9.82706040e-01 9.39732297e-01 1.00784022e+00 9.65684916e-01
1.15844000e+04 9.79119399e-01 9.35531930e-01 1.00763140e+00 9.62013262e-01
1.15846000e+04 9.76033226e-01 9.31857967e-01 1.00742259e+00 9.58878348e-01
1.15848000e+04 9.73389066e-01 9.28648920e-01 1.00721377e+00 9.56217942e-01
1.15850000e+04 9.71045953e-01 9.25756522e-01 1.00700496e+00 9.53880229e-01
1.15852000e+04 9.69160354e-01 9.23345346e-01 1.00679614e+00 9.52035546e-01
1.15854000e+04 9.67650411e-01 9.21329294e-01 1.00658733e+00 9.50596057e-01
1.15856000e+04 9.66463245e-01 9.19652743e-01 1.00637851e+00 9.49505150e-01
1.15858000e+04 9.65520347e-01 9.18233120e-01 1.00616970e+00 9.48678220e-01
1.15860000e+04 9.64642149e-01 9.16881549e-01 1.00596088e+00 9.47920531e-01
1.15862000e+04 9.63875874e-01 9.15647702e-01 1.00575207e+00 9.47283611e-01
1.15864000e+04 9.63030224e-01 9.14330366e-01 1.00554325e+00 9.46559398e-01
1.15866000e+04 9.62272945e-01 9.13105980e-01 1.00533444e+00 9.45930499e-01
1.15868000e+04 9.61762874e-01 9.12141614e-01 1.00512562e+00 9.45570298e-01
1.15870000e+04 9.61564901e-01 9.11505517e-01 1.00491681e+00 9.45550141e-01
1.15872000e+04 9.61689453e-01 9.11208659e-01 1.00470799e+00 9.45882103e-01
1.15874000e+04 9.62129533e-01 9.11243681e-01 1.00449918e+00 9.46559257e-01
1.15876000e+04 9.62727740e-01 9.11445024e-01 1.00429036e+00 9.47410213e-01
1.15878000e+04 9.63258930e-01 9.11575876e-01 1.00408155e+00 9.48189003e-01
1.15880000e+04 9.63556044e-01 9.11460523e-01 1.00387273e+00 9.48712581e-01
1.15882000e+04 9.63845234e-01 9.11336835e-01 1.00366392e+00 9.49228189e-01
1.15884000e+04 9.64116544e-01 9.11194341e-01 1.00345510e+00 9.49724897e-01
1.15886000e+04 9.64643024e-01 9.11320239e-01 1.00324629e+00 9.50502212e-01
1.15888000e+04 9.65601545e-01 9.11900568e-01 1.00303747e+00 9.51754877e-01
1.15890000e+04 9.67114385e-01 9.13063940e-01 1.00282866e+00 9.53618188e-01
1.15892000e+04 9.69114737e-01 9.14740087e-01 1.00261984e+00 9.56019954e-01
1.15894000e+04 9.71481974e-01 9.16802132e-01 1.00241103e+00 9.58828583e-01
1.15896000e+04 9.74089254e-01 9.19116659e-01 1.00220221e+00 9.61905283e-01
1.15898000e+04 9.76751366e-01 9.21488860e-01 1.00199340e+00 9.65046585e-01
1.15900000e+04 9.79299597e-01 9.23741277e-01 1.00178458e+00 9.68066651e-01
1.15902000e+04 9.81975452e-01 9.26127933e-01 1.00157577e+00 9.71231623e-01
1.15904000e+04 9.84741615e-01 9.28609576e-01 1.00136695e+00 9.74500609e-01
1.15906000e+04 9.87849027e-01 9.31450152e-01 1.00115814e+00 9.78151001e-01
1.15908000e+04 9.91479849e-01 9.34841262e-01 1.00094932e+00 9.82384929e-01
1.15910000e+04 9.95682054e-01 9.38833364e-01 1.00074050e+00 9.87256655e-01
1.15912000e+04 1.00032713e+00 9.43291283e-01 1.00053169e+00 9.92625248e-01
1.15914000e+04 1.00522996e+00 9.48020320e-01 1.00032287e+00 9.98286706e-01
1.15916000e+04 1.01022671e+00 9.52848144e-01 1.00011406e+00 1.00406004e+00
1.15918000e+04 1.01517730e+00 9.57627406e-01 9.99905245e-01 1.00979011e+00
1.15920000e+04 1.01990369e+00 9.62170858e-01 9.99696430e-01 1.01527924e+00
1.15922000e+04 1.02459140e+00 9.66673623e-01 9.99487614e-01 1.02073297e+00
1.15924000e+04 1.02938084e+00 9.71283396e-01 9.99278799e-01 1.02630728e+00
1.15926000e+04 1.03419805e+00 9.75922374e-01 9.99069984e-01 1.03192017e+00
1.15928000e+04 1.03898889e+00 9.80533616e-01 9.98861169e-01 1.03751145e+00
1.15930000e+04 1.04372135e+00 9.85083447e-01 9.98652354e-01 1.04304543e+00
1.15932000e+04 1.04830304e+00 9.89474702e-01 9.98443539e-01 1.04841903e+00
1.15934000e+04 1.05292031e+00 9.93903379e-01 9.98234724e-01 1.05383975e+00
1.15936000e+04 1.05717143e+00 9.97946929e-01 9.98025909e-01 1.05885933e+00
1.15938000e+04 1.06084086e+00 1.00137865e+00 9.97817094e-01 1.06323624e+00
1.15940000e+04 1.06387340e+00 1.00414047e+00 9.97608279e-01 1.06690744e+00
1.15942000e+04 1.06618204e+00 1.00614088e+00 9.97399464e-01 1.06977417e+00
1.15944000e+04 1.06801442e+00 1.00764035e+00 9.97190649e-01 1.07211188e+00
1.15946000e+04 1.06932582e+00 1.00859184e+00 9.96981833e-01 1.07386940e+00
1.15948000e+04 1.07032225e+00 1.00921205e+00 9.96773018e-01 1.07527639e+00
1.15950000e+04 1.07125033e+00 1.00976036e+00 9.96564203e-01 1.07660868e+00
1.15952000e+04 1.07160904e+00 1.00970979e+00 9.96355388e-01 1.07730386e+00
1.15954000e+04 1.07136455e+00 1.00902477e+00 9.96146573e-01 1.07732260e+00
1.15956000e+04 1.07039770e+00 1.00757995e+00 9.95937758e-01 1.07652957e+00
1.15958000e+04 1.06885085e+00 1.00552508e+00 9.95728943e-01 1.07508319e+00
1.15960000e+04 1.06691747e+00 1.00306365e+00 9.95520128e-01 1.07319980e+00
1.15962000e+04 1.06438831e+00 9.99975559e-01 9.95311313e-01 1.07064285e+00
1.15964000e+04 1.06133878e+00 9.96340137e-01 9.95102498e-01 1.06749589e+00
1.15966000e+04 1.05787652e+00 9.92270592e-01 9.94893683e-01 1.06387908e+00
1.15968000e+04 1.05406579e+00 9.87834524e-01 9.94684868e-01 1.05986396e+00
1.15970000e+04 1.05016460e+00 9.83303308e-01 9.94476053e-01 1.05574106e+00
1.15972000e+04 1.04628186e+00 9.78791497e-01 9.94267237e-01 1.05163324e+00
1.15974000e+04 1.04268195e+00 9.74577175e-01 9.94058422e-01 1.04783950e+00
1.15976000e+04 1.03931548e+00 9.70608397e-01 9.93849607e-01 1.04430463e+00
1.15978000e+04 1.03603248e+00 9.66727402e-01 9.93640792e-01 1.04085931e+00
1.15980000e+04 1.03271362e+00 9.62808696e-01 9.93431977e-01 1.03736851e+00
1.15982000e+04 1.02931585e+00 9.58806980e-01 9.93223162e-01 1.03378331e+00
1.15984000e+04 1.02571546e+00 9.54592154e-01 9.93014347e-01 1.02996312e+00
1.15986000e+04 1.02201536e+00 9.50272449e-01 9.92805532e-01 1.02602432e+00
1.15988000e+04 1.01836245e+00 9.46002378e-01 9.92596717e-01 1.02213359e+00
1.15990000e+04 1.01487335e+00 9.41904611e-01 9.92387902e-01 1.01842367e+00
1.15992000e+04 1.01151222e+00 9.37941439e-01 9.92179087e-01 1.01485415e+00
1.15994000e+04 1.00816064e+00 9.33988317e-01 9.91970272e-01 1.01129048e+00
1.15996000e+04 1.00496611e+00 9.30200374e-01 9.91761457e-01 1.00790074e+00
1.15998000e+04 1.00195628e+00 9.26606711e-01 9.91552641e-01 1.00471687e+00
1.16000000e+04 9.99158664e-01 9.23236258e-01 9.91343826e-01 1.00177068e+00
1.16002000e+04 9.96763944e-01 9.20289578e-01 9.91135011e-01 9.99280475e-01
1.16004000e+04 9.94896754e-01 9.17897766e-01 9.90926196e-01 9.97389657e-01
1.16006000e+04 9.93384699e-01 9.15879491e-01 9.90717381e-01 9.95902331e-01
1.16008000e+04 9.91966843e-01 9.13960297e-01 9.90508566e-01 9.94520710e-01
1.16010000e+04 9.90392684e-01 9.11876700e-01 9.90299751e-01 9.92958104e-01
1.16012000e+04 9.88771287e-01 9.09743417e-01 9.90090936e-01 9.91339136e-01
1.16014000e+04 9.87047312e-01 9.07502241e-01 9.89882121e-01 9.89600211e-01
1.16016000e+04 9.85331468e-01 9.05269617e-01 9.89673306e-01 9.87868143e-01
1.16018000e+04 9.83767000e-01 9.03196213e-01 9.89464491e-01 9.86307480e-01
1.16020000e+04 9.82480091e-01 9.01414752e-01 9.89255676e-01 9.85063626e-01
1.16022000e+04 9.81390427e-01 8.99840757e-01 9.89046860e-01 9.84044878e-01
1.16024000e+04 9.80416438e-01 8.98388432e-01 9.88838045e-01 9.83157827e-01
1.16026000e+04 9.79574638e-01 8.97075145e-01 9.88629230e-01 9.82421774e-01
1.16028000e+04 9.78921783e-01 8.95960595e-01 9.88420415e-01 9.81902469e-01
1.16030000e+04 9.78379381e-01 8.94962222e-01 9.88211600e-01 9.81509834e-01
1.16032000e+04 9.77853926e-01 8.93981673e-01 9.88002785e-01 9.81136198e-01
1.16034000e+04 9.77293976e-01 8.92964842e-01 9.87793970e-01 9.80722179e-01
1.16036000e+04 9.76518580e-01 8.91721401e-01 9.87585155e-01 9.80058508e-01
1.16038000e+04 9.75411319e-01 8.90128897e-01 9.87376340e-01 9.79009967e-01
1.16040000e+04 9.73937487e-01 8.88150826e-01 9.87167525e-01 9.77535550e-01
1.16042000e+04 9.72220996e-01 8.85917521e-01 9.86958710e-01 9.75777892e-01
1.16044000e+04 9.70379630e-01 8.83552871e-01 9.86749895e-01 9.73872935e-01
1.16046000e+04 9.68567706e-01 8.81219188e-01 9.86541080e-01 9.71999395e-01
1.16048000e+04 9.66926717e-01 8.79065298e-01 9.86332264e-01 9.70321615e-01
1.16050000e+04 9.65555517e-01 8.77195178e-01 9.86123449e-01 9.68954871e-01
1.16052000e+04 9.64265268e-01 8.75410203e-01 9.85914634e-01 9.67680276e-01
1.16054000e+04 9.62943812e-01 8.73592405e-01 9.85705819e-01 9.66367534e-01
1.16056000e+04 9.61500159e-01 8.71646077e-01 9.85497004e-01 9.64910613e-01
1.16058000e+04 9.59935203e-01 8.69572160e-01 9.85288189e-01 9.63310245e-01
1.16060000e+04 9.58171512e-01 8.67289210e-01 9.85079374e-01 9.61475829e-01
1.16062000e+04 9.56173982e-01 8.64760303e-01 9.84870559e-01 9.59365894e-01
1.16064000e+04 9.53789700e-01 8.61824601e-01 9.84661744e-01 9.56801278e-01
1.16066000e+04 9.51268506e-01 8.58744894e-01 9.84452929e-01 9.54072954e-01
1.16068000e+04 9.48753632e-01 8.55671833e-01 9.84244114e-01 9.51348063e-01
1.16070000e+04 9.46456277e-01 8.52827564e-01 9.84035299e-01 9.48873777e-01
1.16072000e+04 9.44589149e-01 8.50435818e-01 9.83826484e-01 9.46899748e-01
1.16074000e+04 9.43338627e-01 8.48692628e-01 9.83617668e-01 9.45645498e-01
1.16076000e+04 9.42603464e-01 8.47491505e-01 9.83408853e-01 9.44993854e-01
1.16078000e+04 9.42114271e-01 8.46549098e-01 9.83200038e-01 9.44629951e-01
1.16080000e+04 9.41549030e-01 8.45526701e-01 9.82991223e-01 9.44176197e-01
1.16082000e+04 9.40888032e-01 8.44403587e-01 9.82782408e-01 9.43609230e-01
1.16084000e+04 9.40234102e-01 8.43287906e-01 9.82573593e-01 9.43049750e-01
1.16086000e+04 9.39587240e-01 8.42179659e-01 9.82364778e-01 9.42497772e-01
1.16088000e+04 9.38947446e-01 8.41078846e-01 9.82155963e-01 9.41953314e-01
