# # source: .\experimental\XANES_Pt_PVP(OCP))_Exp.txt
# # site: Pt_PVP(OCP))_Exp
# # columns: Energy(eV) Abs_raw Preedge_normalized PredictedPost_raw Final_normalized
# 
1.15262000e+04 2.94395810e-05 1.54385128e-02 8.20581959e-01 1.46665810e-02
1.15264000e+04 -1.85866240e-04 1.49319003e-02 8.21112495e-01 1.41794717e-02
1.15266000e+04 -3.79628144e-04 1.44523338e-02 8.21643031e-01 1.37184351e-02
1.15268000e+04 -5.51846132e-04 1.39998133e-02 8.22173567e-01 1.32834390e-02
1.15270000e+04 -6.76189776e-04 1.36073937e-02 8.22704104e-01 1.29058020e-02
1.15272000e+04 -7.88743410e-04 1.32297750e-02 8.23234640e-01 1.25425068e-02
1.15274000e+04 -8.98042526e-04 1.28562421e-02 8.23765176e-01 1.21833815e-02
1.15276000e+04 -1.01134744e-03 1.24776803e-02 8.24295713e-01 1.18197867e-02
1.15278000e+04 -1.09029719e-03 1.21422476e-02 8.24826249e-01 1.14973282e-02
1.15280000e+04 -1.13623163e-03 1.18482619e-02 8.25356785e-01 1.12143633e-02
1.15282000e+04 -1.23817202e-03 1.14839670e-02 8.25887321e-01 1.08651097e-02
1.15284000e+04 -1.51916154e-03 1.08948960e-02 8.26417858e-01 1.03035658e-02
1.15286000e+04 -1.88872574e-03 1.01946295e-02 8.26948394e-01 9.63736379e-03
1.15288000e+04 -2.22880961e-03 9.53137215e-03 8.27478930e-01 9.00667842e-03
1.15290000e+04 -2.46801406e-03 8.99475762e-03 8.28009466e-01 8.49613080e-03
1.15292000e+04 -2.61671441e-03 8.57176085e-03 8.28540003e-01 8.09327576e-03
1.15294000e+04 -2.68064438e-03 8.25518379e-03 8.29070539e-01 7.79118791e-03
1.15296000e+04 -2.69412039e-03 8.00194601e-03 8.29601075e-01 7.54910145e-03
1.15298000e+04 -2.74264584e-03 7.70470759e-03 8.30131611e-01 7.26571888e-03
1.15300000e+04 -2.91013783e-03 7.25812002e-03 8.30662148e-01 6.84178515e-03
1.15302000e+04 -3.09514613e-03 6.78954270e-03 8.31192684e-01 6.39747709e-03
1.15304000e+04 -3.26653154e-03 6.33806737e-03 8.31723220e-01 5.96963899e-03
1.15306000e+04 -3.38318421e-03 5.95530287e-03 8.32253756e-01 5.60683976e-03
1.15308000e+04 -3.43887093e-03 5.64907427e-03 8.32784293e-01 5.31636416e-03
1.15310000e+04 -3.44187620e-03 5.40898133e-03 8.33314829e-01 5.08834016e-03
1.15312000e+04 -3.41023753e-03 5.21237999e-03 8.33845365e-01 4.90139848e-03
1.15314000e+04 -3.36909950e-03 5.02770400e-03 8.34375901e-01 4.72581815e-03
1.15316000e+04 -3.34982046e-03 4.81558652e-03 8.34906438e-01 4.52459726e-03
1.15318000e+04 -3.39709512e-03 4.51991833e-03 8.35436974e-01 4.24506975e-03
1.15320000e+04 -3.52924648e-03 4.11769696e-03 8.35967510e-01 3.86573609e-03
1.15322000e+04 -3.65457635e-03 3.72403920e-03 8.36498047e-01 3.49474676e-03
1.15324000e+04 -3.67394383e-03 3.46340534e-03 8.37028583e-01 3.24884139e-03
1.15326000e+04 -3.61500541e-03 3.30107577e-03 8.37559119e-01 3.09531228e-03
1.15328000e+04 -3.52433588e-03 3.17858103e-03 8.38089655e-01 2.97924438e-03
1.15330000e+04 -3.43828329e-03 3.05029024e-03 8.38620192e-01 2.85784020e-03
1.15332000e+04 -3.40472631e-03 2.85609711e-03 8.39150728e-01 2.67481501e-03
1.15334000e+04 -3.49142573e-03 2.51093555e-03 8.39681264e-01 2.35060916e-03
1.15336000e+04 -3.65111552e-03 2.07414278e-03 8.40211800e-01 1.94092009e-03
1.15338000e+04 -3.78966468e-03 1.66388968e-03 8.40742337e-01 1.55638757e-03
1.15340000e+04 -3.83641923e-03 1.36887443e-03 8.41272873e-01 1.27991499e-03
1.15342000e+04 -3.83659490e-03 1.13233374e-03 8.41803409e-01 1.05831835e-03
1.15344000e+04 -3.78264633e-03 9.63739964e-04 8.42333945e-01 9.00380704e-04
1.15346000e+04 -3.73833618e-03 7.83046225e-04 8.42864482e-01 7.31270770e-04
1.15348000e+04 -3.77659719e-03 4.98693664e-04 8.43395018e-01 4.65531678e-04
1.15350000e+04 -3.93914643e-03 5.83111644e-05 8.43925554e-01 5.44116314e-05
1.15352000e+04 -4.15360032e-03 -4.47231802e-04 8.44456090e-01 -4.17154975e-04
1.15354000e+04 -4.41412494e-03 -1.01061141e-03 8.44986627e-01 -9.42266458e-04
1.15356000e+04 -4.60454736e-03 -1.48598556e-03 8.45517163e-01 -1.38493370e-03
1.15358000e+04 -4.60983402e-03 -1.72894253e-03 8.46047699e-01 -1.61071936e-03
1.15360000e+04 -4.38929374e-03 -1.68839910e-03 8.46578235e-01 -1.57231455e-03
1.15362000e+04 -4.08461926e-03 -1.54223462e-03 8.47108772e-01 -1.43562111e-03
1.15364000e+04 -3.86182539e-03 -1.49886206e-03 8.47639308e-01 -1.39468521e-03
1.15366000e+04 -3.72542010e-03 -1.56394067e-03 8.48169844e-01 -1.45465502e-03
1.15368000e+04 -3.65481055e-03 -1.71161845e-03 8.48700381e-01 -1.59137297e-03
1.15370000e+04 -3.66650040e-03 -1.96261391e-03 8.49230917e-01 -1.82400171e-03
1.15372000e+04 -3.65810725e-03 -2.18839741e-03 8.49761453e-01 -2.03302155e-03
1.15374000e+04 -3.55158356e-03 -2.29098903e-03 8.50291989e-01 -2.12747413e-03
1.15376000e+04 -3.36585990e-03 -2.29415396e-03 8.50822526e-01 -2.12955764e-03
1.15378000e+04 -3.19495226e-03 -2.31591874e-03 8.51353062e-01 -2.14889793e-03
1.15380000e+04 -3.11075814e-03 -2.44654263e-03 8.51883598e-01 -2.26919051e-03
1.15382000e+04 -3.05626353e-03 -2.61445091e-03 8.52414134e-01 -2.42395434e-03
1.15384000e+04 -2.99836466e-03 -2.77808553e-03 8.52944671e-01 -2.57463338e-03
1.15386000e+04 -2.94451556e-03 -2.94680419e-03 8.53475207e-01 -2.72990147e-03
1.15388000e+04 -2.93243042e-03 -3.16795280e-03 8.54005743e-01 -2.93359648e-03
1.15390000e+04 -2.95143433e-03 -3.42813023e-03 8.54536279e-01 -3.17325546e-03
1.15392000e+04 -2.94766920e-03 -3.65972370e-03 8.55066816e-01 -3.38627435e-03
1.15394000e+04 -2.83750236e-03 -3.75774175e-03 8.55597352e-01 -3.47557738e-03
1.15396000e+04 -2.66398747e-03 -3.77623343e-03 8.56127888e-01 -3.49128356e-03
1.15398000e+04 -2.47217569e-03 -3.77175540e-03 8.56658424e-01 -3.48574923e-03
1.15400000e+04 -2.29223862e-03 -3.78218475e-03 8.57188961e-01 -3.49399078e-03
1.15402000e+04 -2.16376944e-03 -3.85722626e-03 8.57719497e-01 -3.56189078e-03
1.15404000e+04 -2.16166703e-03 -4.09090707e-03 8.58250033e-01 -3.77617084e-03
1.15406000e+04 -2.19742265e-03 -4.37211440e-03 8.58780569e-01 -4.03413235e-03
1.15408000e+04 -2.14035033e-03 -4.53678667e-03 8.59311106e-01 -4.18440447e-03
1.15410000e+04 -1.90556548e-03 -4.47836078e-03 8.59841642e-01 -4.12886916e-03
1.15412000e+04 -1.57592102e-03 -4.30084928e-03 8.60372178e-01 -3.96362975e-03
1.15414000e+04 -1.19206244e-03 -4.05527804e-03 8.60902715e-01 -3.73582371e-03
1.15416000e+04 -8.22252276e-04 -3.82734301e-03 8.61433251e-01 -3.52443963e-03
1.15418000e+04 -5.40520731e-04 -3.70998081e-03 8.61963787e-01 -3.41500523e-03
1.15420000e+04 -4.00573860e-04 -3.77061337e-03 8.62494323e-01 -3.46943536e-03
1.15422000e+04 -2.89032192e-04 -3.86690547e-03 8.63024860e-01 -3.55662037e-03
1.15424000e+04 -7.00601674e-05 -3.82833081e-03 8.63555396e-01 -3.51974046e-03
1.15426000e+04 1.95243062e-04 -3.73159252e-03 8.64085932e-01 -3.42943590e-03
1.15428000e+04 4.27802190e-04 -3.67596077e-03 8.64616468e-01 -3.37696616e-03
1.15430000e+04 5.96452426e-04 -3.70055947e-03 8.65147005e-01 -3.39821350e-03
1.15432000e+04 6.70237480e-04 -3.84425077e-03 8.65677541e-01 -3.52876294e-03
1.15434000e+04 6.40905831e-04 -4.11739353e-03 8.66208077e-01 -3.77798927e-03
1.15436000e+04 5.31367075e-04 -4.49122731e-03 8.66738613e-01 -4.11937203e-03
1.15438000e+04 3.96602218e-04 -4.89672963e-03 8.67269150e-01 -4.48951898e-03
1.15440000e+04 3.33024730e-04 -5.21286420e-03 8.67799686e-01 -4.77746894e-03
1.15442000e+04 3.32697183e-04 -5.44959555e-03 8.68330222e-01 -4.99244829e-03
1.15444000e+04 4.13576334e-04 -5.58438101e-03 8.68860758e-01 -5.11390029e-03
1.15446000e+04 6.04261147e-04 -5.58131777e-03 8.69391295e-01 -5.10907106e-03
1.15448000e+04 9.43356528e-04 -5.39194171e-03 8.69921831e-01 -4.93376465e-03
1.15450000e+04 1.41597514e-03 -5.03494220e-03 8.70452367e-01 -4.60527794e-03
1.15452000e+04 1.93089956e-03 -4.62483250e-03 8.70982903e-01 -4.22849234e-03
1.15454000e+04 2.38880816e-03 -4.28629976e-03 8.71513440e-01 -3.91742175e-03
1.15456000e+04 2.76117907e-03 -4.05515001e-03 8.72043976e-01 -3.70469990e-03
1.15458000e+04 3.05692053e-03 -3.92019992e-03 8.72574512e-01 -3.57999741e-03
1.15460000e+04 3.29643567e-03 -3.85583569e-03 8.73105049e-01 -3.51982822e-03
1.15462000e+04 3.56149275e-03 -3.75940640e-03 8.73635585e-01 -3.43044729e-03
1.15464000e+04 3.91136946e-03 -3.55649559e-03 8.74166121e-01 -3.24401115e-03
1.15466000e+04 4.38952113e-03 -3.19254996e-03 8.74696657e-01 -2.91089422e-03
1.15468000e+04 5.02285728e-03 -2.63378760e-03 8.75227194e-01 -2.40048057e-03
1.15470000e+04 5.77848165e-03 -1.92150610e-03 8.75757730e-01 -1.75060437e-03
1.15472000e+04 6.54300021e-03 -1.19805895e-03 8.76288266e-01 -1.09107169e-03
1.15474000e+04 7.14176398e-03 -6.82698348e-04 8.76818802e-01 -6.21488189e-04
1.15476000e+04 7.62765042e-03 -3.09042573e-04 8.77349339e-01 -2.81223321e-04
1.15478000e+04 8.09577695e-03 4.23176321e-05 8.77879875e-01 3.84931493e-05
1.15480000e+04 8.58850074e-03 4.24556933e-04 8.78410411e-01 3.86035418e-04
1.15482000e+04 9.13942368e-03 8.79858741e-04 8.78940947e-01 7.99711543e-04
1.15484000e+04 9.72053395e-03 1.37305736e-03 8.79471484e-01 1.24749369e-03
1.15486000e+04 1.04004600e-02 1.99030813e-03 8.80002020e-01 1.80758748e-03
1.15488000e+04 1.11725946e-02 2.72331638e-03 8.80532556e-01 2.47233037e-03
1.15490000e+04 1.19825764e-02 3.50383746e-03 8.81063092e-01 3.17966833e-03
1.15492000e+04 1.28804809e-02 4.39473571e-03 8.81593629e-01 3.98657707e-03
1.15494000e+04 1.38286878e-02 5.34878302e-03 8.82124165e-01 4.85011439e-03
1.15496000e+04 1.48229020e-02 6.36058724e-03 8.82654701e-01 5.76532615e-03
1.15498000e+04 1.58023848e-02 7.35389794e-03 8.83185237e-01 6.66306420e-03
1.15500000e+04 1.67029443e-02 8.24812917e-03 8.83715774e-01 7.47036208e-03
1.15502000e+04 1.76436232e-02 9.19272591e-03 8.84246310e-01 8.32262594e-03
1.15504000e+04 1.86626793e-02 1.02357164e-02 8.84776846e-01 9.26326829e-03
1.15506000e+04 1.97867377e-02 1.14105255e-02 8.85307383e-01 1.03224228e-02
1.15508000e+04 2.09921920e-02 1.26875180e-02 8.85837919e-01 1.14731517e-02
1.15510000e+04 2.22324876e-02 1.40082499e-02 8.86368455e-01 1.26625180e-02
1.15512000e+04 2.35013695e-02 1.53648686e-02 8.86898991e-01 1.38833811e-02
1.15514000e+04 2.47037569e-02 1.66380110e-02 8.87429528e-01 1.50278920e-02
1.15516000e+04 2.59130978e-02 1.79198828e-02 8.87960064e-01 1.61793904e-02
1.15518000e+04 2.71987621e-02 1.92975700e-02 8.88490600e-01 1.74164650e-02
1.15520000e+04 2.85732923e-02 2.07868184e-02 8.89021136e-01 1.87532210e-02
1.15522000e+04 3.00447851e-02 2.23977924e-02 8.89551673e-01 2.01987082e-02
1.15524000e+04 3.15194535e-02 2.40127530e-02 8.90082209e-01 2.16466617e-02
1.15526000e+04 3.30837869e-02 2.57402779e-02 8.90612745e-01 2.31949195e-02
1.15528000e+04 3.47686579e-02 2.76191244e-02 8.91143281e-01 2.48782755e-02
1.15530000e+04 3.65369833e-02 2.96027385e-02 8.91673818e-01 2.66546540e-02
1.15532000e+04 3.84534883e-02 3.17723754e-02 8.92204354e-01 2.85970810e-02
1.15534000e+04 4.04654132e-02 3.40618013e-02 8.92734890e-01 3.06457713e-02
1.15536000e+04 4.25917953e-02 3.64949155e-02 8.93265426e-01 3.28220951e-02
1.15538000e+04 4.47848118e-02 3.90116816e-02 8.93795963e-01 3.50719300e-02
1.15540000e+04 4.69563409e-02 4.15014727e-02 8.94326499e-01 3.72957741e-02
1.15542000e+04 4.92134029e-02 4.40986408e-02 8.94857035e-01 3.96143477e-02
1.15544000e+04 5.14821800e-02 4.67105158e-02 8.95387571e-01 4.19443263e-02
1.15546000e+04 5.38950890e-02 4.95033323e-02 8.95918108e-01 4.44349109e-02
1.15548000e+04 5.64907473e-02 5.25255701e-02 8.96448644e-01 4.71294140e-02
1.15550000e+04 5.92613889e-02 5.57674797e-02 8.96979180e-01 5.00188536e-02
1.15552000e+04 6.22952097e-02 5.93397813e-02 8.97509717e-01 5.32022712e-02
1.15554000e+04 6.55779039e-02 6.32245156e-02 8.98040253e-01 5.66632295e-02
1.15556000e+04 6.90670127e-02 6.73683802e-02 8.98570789e-01 6.03536535e-02
1.15558000e+04 7.26337408e-02 7.16096872e-02 8.99101325e-01 6.41284803e-02
1.15560000e+04 7.61342487e-02 7.57678622e-02 8.99631862e-01 6.78259651e-02
1.15562000e+04 7.97275299e-02 8.00425035e-02 9.00162398e-01 7.16248053e-02
1.15564000e+04 8.33660565e-02 8.43739454e-02 9.00692934e-01 7.54715129e-02
1.15566000e+04 8.71913164e-02 8.89398101e-02 9.01223470e-01 7.95248518e-02
1.15568000e+04 9.12350524e-02 9.37799470e-02 9.01754007e-01 8.38201997e-02
1.15570000e+04 9.55531358e-02 9.89644963e-02 9.02284543e-01 8.84199426e-02
1.15572000e+04 1.00295974e-01 1.04682278e-01 9.02815079e-01 9.34923643e-02
1.15574000e+04 1.05530254e-01 1.11017009e-01 9.03345615e-01 9.91116559e-02
1.15576000e+04 1.11167815e-01 1.17858015e-01 9.03876152e-01 1.05178416e-01
1.15578000e+04 1.16969298e-01 1.24904806e-01 9.04406688e-01 1.11424070e-01
1.15580000e+04 1.22768996e-01 1.31949356e-01 9.04937224e-01 1.17662906e-01
1.15582000e+04 1.28891672e-01 1.39399369e-01 9.05467760e-01 1.24258353e-01
1.15584000e+04 1.35400174e-01 1.47333743e-01 9.05998297e-01 1.31280300e-01
1.15586000e+04 1.42471699e-01 1.55974929e-01 9.06528833e-01 1.38926392e-01
1.15588000e+04 1.50125251e-01 1.65346785e-01 9.07059369e-01 1.47217148e-01
1.15590000e+04 1.58436123e-01 1.75543832e-01 9.07589905e-01 1.56235949e-01
1.15592000e+04 1.67514356e-01 1.86704216e-01 9.08120442e-01 1.66104857e-01
1.15594000e+04 1.77160846e-01 1.98577983e-01 9.08650978e-01 1.76600602e-01
1.15596000e+04 1.87501807e-01 2.11323579e-01 9.09181514e-01 1.87863315e-01
1.15598000e+04 1.98648079e-01 2.25080153e-01 9.09712051e-01 2.00015768e-01
1.15600000e+04 2.10531416e-01 2.39762030e-01 9.10242587e-01 2.12980827e-01
1.15602000e+04 2.23199188e-01 2.55428678e-01 9.10773123e-01 2.26810362e-01
1.15604000e+04 2.36080172e-01 2.71362987e-01 9.11303659e-01 2.40866858e-01
1.15606000e+04 2.49673974e-01 2.88192162e-01 9.11834196e-01 2.55706556e-01
1.15608000e+04 2.64191975e-01 3.06181564e-01 9.12364732e-01 2.71563915e-01
1.15610000e+04 2.79789046e-01 3.25525617e-01 9.12895268e-01 2.88610140e-01
1.15612000e+04 2.97090268e-01 3.47009041e-01 9.13425804e-01 3.07539327e-01
1.15614000e+04 3.15831166e-01 3.70299817e-01 9.13956341e-01 3.28055168e-01
1.15616000e+04 3.36518218e-01 3.96033770e-01 9.14486877e-01 3.50718915e-01
1.15618000e+04 3.58595169e-01 4.23512586e-01 9.15017413e-01 3.74909924e-01
1.15620000e+04 3.81973071e-01 4.52624600e-01 9.15547949e-01 4.00527628e-01
1.15622000e+04 4.08624420e-01 4.85846060e-01 9.16078486e-01 4.29760784e-01
1.15624000e+04 4.39219330e-01 5.24018218e-01 9.16609022e-01 4.63349096e-01
1.15626000e+04 4.73903759e-01 5.67324308e-01 9.17139558e-01 5.01449528e-01
1.15628000e+04 5.12226824e-01 6.15198299e-01 9.17670094e-01 5.43556789e-01
1.15630000e+04 5.52978721e-01 6.66121415e-01 9.18200631e-01 5.88324889e-01
1.15632000e+04 5.95732467e-01 7.19557628e-01 9.18731167e-01 6.35277535e-01
1.15634000e+04 6.38747402e-01 7.73321735e-01 9.19261703e-01 6.82483706e-01
1.15636000e+04 6.82030818e-01 8.27422890e-01 9.19792239e-01 7.29951186e-01
1.15638000e+04 7.26760509e-01 8.83339680e-01 9.20322776e-01 7.78983588e-01
1.15640000e+04 7.72879861e-01 9.41001035e-01 9.20853312e-01 8.29516469e-01
1.15642000e+04 8.19463855e-01 9.99245694e-01 9.21383848e-01 8.80524824e-01
1.15644000e+04 8.65964239e-01 1.05738539e+00 9.21914385e-01 9.31401848e-01
1.15646000e+04 9.11272798e-01 1.11402889e+00 9.22444921e-01 9.80922675e-01
1.15648000e+04 9.55368225e-01 1.16914943e+00 9.22975457e-01 1.02906531e+00
1.15650000e+04 9.97615696e-01 1.22195007e+00 9.23505993e-01 1.07513014e+00
1.15652000e+04 1.03711330e+00 1.27129857e+00 9.24036530e-01 1.11812371e+00
1.15654000e+04 1.07464844e+00 1.31818340e+00 9.24567066e-01 1.15891857e+00
1.15656000e+04 1.10849187e+00 1.36043371e+00 9.25097602e-01 1.19560939e+00
1.15658000e+04 1.13834097e+00 1.39766958e+00 9.25628138e-01 1.22786708e+00
1.15660000e+04 1.16403335e+00 1.42968717e+00 9.26158675e-01 1.25551769e+00
1.15662000e+04 1.18381604e+00 1.45428580e+00 9.26689211e-01 1.27663461e+00
1.15664000e+04 1.19839800e+00 1.47235549e+00 9.27219747e-01 1.29200630e+00
1.15666000e+04 1.20743085e+00 1.48345891e+00 9.27750283e-01 1.30125566e+00
1.15668000e+04 1.21138337e+00 1.48818453e+00 9.28280820e-01 1.30490567e+00
1.15670000e+04 1.21212121e+00 1.48887449e+00 9.28811356e-01 1.30501562e+00
1.15672000e+04 1.20901119e+00 1.48473389e+00 9.29341892e-01 1.30089304e+00
1.15674000e+04 1.20365045e+00 1.47776776e+00 9.29872428e-01 1.29429886e+00
1.15676000e+04 1.19641919e+00 1.46845340e+00 9.30402965e-01 1.28565376e+00
1.15678000e+04 1.18727545e+00 1.45673815e+00 9.30933501e-01 1.27491398e+00
1.15680000e+04 1.17715146e+00 1.44379229e+00 9.31464037e-01 1.26310573e+00
1.15682000e+04 1.16563362e+00 1.42909661e+00 9.31994573e-01 1.24977616e+00
1.15684000e+04 1.15290950e+00 1.41288659e+00 9.32525110e-01 1.23513285e+00
1.15686000e+04 1.13962807e+00 1.39597691e+00 9.33055646e-01 1.21988921e+00
1.15688000e+04 1.12600916e+00 1.37864358e+00 9.33586182e-01 1.20428702e+00
1.15690000e+04 1.11257911e+00 1.36154734e+00 9.34116719e-01 1.18890363e+00
1.15692000e+04 1.09960858e+00 1.34502798e+00 9.34647255e-01 1.17403542e+00
1.15694000e+04 1.08736700e+00 1.32942372e+00 9.35177791e-01 1.15997689e+00
1.15696000e+04 1.07588138e+00 1.31476850e+00 9.35708327e-01 1.14675673e+00
1.15698000e+04 1.06441094e+00 1.30013232e+00 9.36238864e-01 1.13356315e+00
1.15700000e+04 1.05266686e+00 1.28515263e+00 9.36769400e-01 1.12008012e+00
1.15702000e+04 1.04183570e+00 1.27131901e+00 9.37299936e-01 1.10760575e+00
1.15704000e+04 1.03283982e+00 1.25978936e+00 9.37830472e-01 1.09714730e+00
1.15706000e+04 1.02531966e+00 1.25011232e+00 9.38361009e-01 1.08830955e+00
1.15708000e+04 1.01859947e+00 1.24143956e+00 9.38891545e-01 1.08035242e+00
1.15710000e+04 1.01205930e+00 1.23299279e+00 9.39422081e-01 1.07259788e+00
1.15712000e+04 1.00549955e+00 1.22452144e+00 9.39952617e-01 1.06482779e+00
1.15714000e+04 9.98194212e-01 1.21511409e+00 9.40483154e-01 1.05624992e+00
1.15716000e+04 9.90695989e-01 1.20546459e+00 9.41013690e-01 1.04746809e+00
1.15718000e+04 9.84049467e-01 1.19688431e+00 9.41544226e-01 1.03962158e+00
1.15720000e+04 9.78866111e-01 1.19014086e+00 9.42074762e-01 1.03337587e+00
1.15722000e+04 9.74485532e-01 1.18440522e+00 9.42605299e-01 1.02800956e+00
1.15724000e+04 9.70307481e-01 1.17892382e+00 9.43135835e-01 1.02286788e+00
1.15726000e+04 9.66201659e-01 1.17353310e+00 9.43666371e-01 1.01780870e+00
1.15728000e+04 9.62108835e-01 1.16815870e+00 9.44196907e-01 1.01276747e+00
1.15730000e+04 9.57787615e-01 1.16249758e+00 9.44727444e-01 1.00748152e+00
1.15732000e+04 9.53679409e-01 1.15710386e+00 9.45257980e-01 1.00243120e+00
1.15734000e+04 9.49963546e-01 1.15220269e+00 9.45788516e-01 9.97811215e-01
1.15736000e+04 9.46671352e-01 1.14783339e+00 9.46319052e-01 9.93655114e-01
1.15738000e+04 9.43594663e-01 1.14373464e+00 9.46849589e-01 9.89736240e-01
1.15740000e+04 9.40583131e-01 1.13971767e+00 9.47380125e-01 9.85891057e-01
1.15742000e+04 9.37853619e-01 1.13605476e+00 9.47910661e-01 9.82354895e-01
1.15744000e+04 9.35435158e-01 1.13278233e+00 9.48441198e-01 9.79158911e-01
1.15746000e+04 9.33329798e-01 1.12990297e+00 9.48971734e-01 9.76304947e-01
1.15748000e+04 9.31482077e-01 1.12734704e+00 9.49502270e-01 9.73732481e-01
1.15750000e+04 9.29815255e-01 1.12501821e+00 9.50032806e-01 9.71358017e-01
1.15752000e+04 9.28385391e-01 1.12298686e+00 9.50563343e-01 9.69242073e-01
1.15754000e+04 9.27040311e-01 1.12106194e+00 9.51093879e-01 9.67219540e-01
1.15756000e+04 9.25938840e-01 1.11944285e+00 9.51624415e-01 9.65462273e-01
1.15758000e+04 9.25199318e-01 1.11827814e+00 9.52154951e-01 9.64098057e-01
1.15760000e+04 9.24886343e-01 1.11764892e+00 9.52685488e-01 9.63196338e-01
1.15762000e+04 9.25075521e-01 1.11765009e+00 9.53216024e-01 9.62838369e-01
1.15764000e+04 9.25771605e-01 1.11828762e+00 9.53746560e-01 9.63028680e-01
1.15766000e+04 9.26823710e-01 1.11937210e+00 9.54277096e-01 9.63603598e-01
1.15768000e+04 9.28041812e-01 1.12066497e+00 9.54807633e-01 9.64357414e-01
1.15770000e+04 9.29226210e-01 1.12191553e+00 9.55338169e-01 9.65074271e-01
1.15772000e+04 9.30518324e-01 1.12330132e+00 9.55868705e-01 9.65906873e-01
1.15774000e+04 9.31861440e-01 1.12475113e+00 9.56399241e-01 9.66793891e-01
1.15776000e+04 9.33378369e-01 1.12641914e+00 9.56929778e-01 9.67867739e-01
1.15778000e+04 9.35211802e-01 1.12848449e+00 9.57460314e-01 9.69282070e-01
1.15780000e+04 9.37449638e-01 1.13105752e+00 9.57990850e-01 9.71131248e-01
1.15782000e+04 9.39999160e-01 1.13402184e+00 9.58521386e-01 9.73314889e-01
1.15784000e+04 9.42823256e-01 1.13733086e+00 9.59051923e-01 9.75792649e-01
1.15786000e+04 9.45726513e-01 1.14073925e+00 9.59582459e-01 9.78353800e-01
1.15788000e+04 9.48570804e-01 1.14407362e+00 9.60112995e-01 9.80849588e-01
1.15790000e+04 9.51230562e-01 1.14717633e+00 9.60643532e-01 9.83144988e-01
1.15792000e+04 9.53777341e-01 1.15013720e+00 9.61174068e-01 9.85317180e-01
1.15794000e+04 9.56230884e-01 1.15298103e+00 9.61704604e-01 9.87387526e-01
1.15796000e+04 9.58687698e-01 1.15582896e+00 9.62235140e-01 9.89459853e-01
1.15798000e+04 9.61360237e-01 1.15894772e+00 9.62765677e-01 9.91762398e-01
1.15800000e+04 9.64331495e-01 1.16244148e+00 9.63296213e-01 9.94384030e-01
1.15802000e+04 9.67235266e-01 1.16585052e+00 9.63826749e-01 9.96931276e-01
1.15804000e+04 9.69868132e-01 1.16891946e+00 9.64357285e-01 9.99185931e-01
1.15806000e+04 9.72065825e-01 1.17144210e+00 9.64887822e-01 1.00097211e+00
1.15808000e+04 9.73853202e-01 1.17344963e+00 9.65418358e-01 1.00231698e+00
1.15810000e+04 9.75226736e-01 1.17493763e+00 9.65948894e-01 1.00321725e+00
1.15812000e+04 9.76190894e-01 1.17591170e+00 9.66479430e-01 1.00367821e+00
1.15814000e+04 9.77054738e-01 1.17675984e+00 9.67009967e-01 1.00403139e+00
1.15816000e+04 9.77560791e-01 1.17715881e+00 9.67540503e-01 1.00400120e+00
1.15818000e+04 9.77422727e-01 1.17674917e+00 9.68071039e-01 1.00328162e+00
1.15820000e+04 9.76645686e-01 1.17553736e+00 9.68601575e-01 1.00187891e+00
1.15822000e+04 9.75343033e-01 1.17366571e+00 9.69132112e-01 9.99915070e-01
1.15824000e+04 9.73880078e-01 1.17159281e+00 9.69662648e-01 9.97781293e-01
1.15826000e+04 9.72247531e-01 1.16930701e+00 9.70193184e-01 9.95467834e-01
1.15828000e+04 9.70403523e-01 1.16675575e+00 9.70723720e-01 9.92930163e-01
1.15830000e+04 9.68577150e-01 1.16422662e+00 9.71254257e-01 9.90413193e-01
1.15832000e+04 9.66689059e-01 1.16162001e+00 9.71784793e-01 9.87832188e-01
1.15834000e+04 9.64657498e-01 1.15883330e+00 9.72315329e-01 9.85099972e-01
1.15836000e+04 9.62817839e-01 1.15628749e+00 9.72845866e-01 9.82574484e-01
1.15838000e+04 9.61678575e-01 1.15462095e+00 9.73376402e-01 9.80797748e-01
1.15840000e+04 9.61352819e-01 1.15397568e+00 9.73906938e-01 9.79889521e-01
1.15842000e+04 9.61116133e-01 1.15344223e+00 9.74437474e-01 9.79076875e-01
1.15844000e+04 9.60071087e-01 1.15189397e+00 9.74968011e-01 9.77403744e-01
1.15846000e+04 9.58473590e-01 1.14965217e+00 9.75498547e-01 9.75143574e-01
1.15848000e+04 9.56681027e-01 1.14716549e+00 9.76029083e-01 9.72677427e-01
1.15850000e+04 9.54871201e-01 1.14465714e+00 9.76559619e-01 9.70194720e-01
1.15852000e+04 9.53472249e-01 1.14266459e+00 9.77090156e-01 9.68150863e-01
1.15854000e+04 9.52771139e-01 1.14154810e+00 9.77620692e-01 9.66850496e-01
1.15856000e+04 9.52711926e-01 1.14123745e+00 9.78151228e-01 9.66233341e-01
1.15858000e+04 9.52848969e-01 1.14117317e+00 9.78681764e-01 9.65825159e-01
1.15860000e+04 9.52666103e-01 1.14070728e+00 9.79212301e-01 9.65077500e-01
1.15862000e+04 9.52400791e-01 1.14013789e+00 9.79742837e-01 9.64242854e-01
1.15864000e+04 9.51805248e-01 1.13915393e+00 9.80273373e-01 9.63058336e-01
1.15866000e+04 9.51191926e-01 1.13814766e+00 9.80803909e-01 9.61855821e-01
1.15868000e+04 9.50697601e-01 1.13729077e+00 9.81334446e-01 9.60780388e-01
1.15870000e+04 9.50461025e-01 1.13675745e+00 9.81864982e-01 9.59978996e-01
1.15872000e+04 9.50788158e-01 1.13693181e+00 9.82395518e-01 9.59775594e-01
1.15874000e+04 9.51918515e-01 1.13811453e+00 9.82926054e-01 9.60423265e-01
1.15876000e+04 9.53641674e-01 1.14004144e+00 9.83456591e-01 9.61698241e-01
1.15878000e+04 9.55485497e-01 1.14211983e+00 9.83987127e-01 9.63100023e-01
1.15880000e+04 9.57021395e-01 1.14381166e+00 9.84517663e-01 9.64174927e-01
1.15882000e+04 9.58541477e-01 1.14548363e+00 9.85048200e-01 9.65232318e-01
1.15884000e+04 9.60172517e-01 1.14729490e+00 9.85578736e-01 9.66406272e-01
1.15886000e+04 9.61826348e-01 1.14913478e+00 9.86109272e-01 9.67603461e-01
1.15888000e+04 9.63455414e-01 1.15094357e+00 9.86639808e-01 9.68773610e-01
1.15890000e+04 9.65083397e-01 1.15275100e+00 9.87170345e-01 9.69941763e-01
1.15892000e+04 9.66643554e-01 1.15447328e+00 9.87700881e-01 9.71037447e-01
1.15894000e+04 9.67961581e-01 1.15589160e+00 9.88231417e-01 9.71876757e-01
1.15896000e+04 9.69347292e-01 1.15739488e+00 9.88761953e-01 9.72786875e-01
1.15898000e+04 9.71174921e-01 1.15945294e+00 9.89292490e-01 9.74162450e-01
1.15900000e+04 9.73657610e-01 1.16233336e+00 9.89823026e-01 9.76227710e-01
1.15902000e+04 9.76563829e-01 1.16574547e+00 9.90353562e-01 9.78737871e-01
1.15904000e+04 9.79601516e-01 1.16932263e+00 9.90884098e-01 9.81384725e-01
1.15906000e+04 9.82739555e-01 1.17302576e+00 9.91414635e-01 9.84135352e-01
1.15908000e+04 9.85984339e-01 1.17686291e+00 9.91945171e-01 9.86996370e-01
1.15910000e+04 9.89165127e-01 1.18061971e+00 9.92475707e-01 9.89787959e-01
1.15912000e+04 9.92388898e-01 1.18443047e+00 9.93006243e-01 9.92622746e-01
1.15914000e+04 9.95499143e-01 1.18809871e+00 9.93536780e-01 9.95336081e-01
1.15916000e+04 9.98685453e-01 1.19186245e+00 9.94067316e-01 9.98127420e-01
1.15918000e+04 1.00206035e+00 1.19586294e+00 9.94597852e-01 1.00111493e+00
1.15920000e+04 1.00561068e+00 1.20008365e+00 9.95128388e-01 1.00428458e+00
1.15922000e+04 1.00936877e+00 1.20456519e+00 9.95658925e-01 1.00767012e+00
1.15924000e+04 1.01326787e+00 1.20922376e+00 9.96189461e-01 1.01120125e+00
1.15926000e+04 1.01723024e+00 1.21396174e+00 9.96719997e-01 1.01479622e+00
1.15928000e+04 1.02111481e+00 1.21860207e+00 9.97250534e-01 1.01830698e+00
1.15930000e+04 1.02470693e+00 1.22287526e+00 9.97781070e-01 1.02150852e+00
1.15932000e+04 1.02813199e+00 1.22693871e+00 9.98311606e-01 1.02453261e+00
1.15934000e+04 1.03154872e+00 1.23099171e+00 9.98842142e-01 1.02754580e+00
1.15936000e+04 1.03475087e+00 1.23477534e+00 9.99372679e-01 1.03033203e+00
1.15938000e+04 1.03753147e+00 1.23802974e+00 9.99903215e-01 1.03267481e+00
1.15940000e+04 1.03978696e+00 1.24062493e+00 1.00043375e+00 1.03446624e+00
1.15942000e+04 1.04154982e+00 1.24260169e+00 1.00096429e+00 1.03574089e+00
1.15944000e+04 1.04289240e+00 1.24405084e+00 1.00149482e+00 1.03657500e+00
1.15946000e+04 1.04398645e+00 1.24518797e+00 1.00202536e+00 1.03714862e+00
1.15948000e+04 1.04499633e+00 1.24621943e+00 1.00255590e+00 1.03763386e+00
1.15950000e+04 1.04613835e+00 1.24741680e+00 1.00308643e+00 1.03825682e+00
1.15952000e+04 1.04726960e+00 1.24860063e+00 1.00361697e+00 1.03886809e+00
1.15954000e+04 1.04848238e+00 1.24988682e+00 1.00414750e+00 1.03956404e+00
1.15956000e+04 1.04956504e+00 1.25100967e+00 1.00467804e+00 1.04012368e+00
1.15958000e+04 1.05032175e+00 1.25172331e+00 1.00520858e+00 1.04034282e+00
1.15960000e+04 1.05062586e+00 1.25186876e+00 1.00573911e+00 1.04008973e+00
1.15962000e+04 1.05054171e+00 1.25152680e+00 1.00626965e+00 1.03943201e+00
1.15964000e+04 1.05020481e+00 1.25086754e+00 1.00680019e+00 1.03851133e+00
1.15966000e+04 1.04965326e+00 1.24993881e+00 1.00733072e+00 1.03736767e+00
1.15968000e+04 1.04892477e+00 1.24878796e+00 1.00786126e+00 1.03604056e+00
1.15970000e+04 1.04817808e+00 1.24761424e+00 1.00839180e+00 1.03469543e+00
1.15972000e+04 1.04735301e+00 1.24634214e+00 1.00892233e+00 1.03326970e+00
1.15974000e+04 1.04657661e+00 1.24513114e+00 1.00945287e+00 1.03189564e+00
1.15976000e+04 1.04575500e+00 1.24386339e+00 1.00998340e+00 1.03047553e+00
1.15978000e+04 1.04482696e+00 1.24246201e+00 1.01051394e+00 1.02894579e+00
1.15980000e+04 1.04377443e+00 1.24090435e+00 1.01104448e+00 1.02728777e+00
1.15982000e+04 1.04251615e+00 1.23908841e+00 1.01157501e+00 1.02541718e+00
1.15984000e+04 1.04086418e+00 1.23677823e+00 1.01210555e+00 1.02313907e+00
1.15986000e+04 1.03914216e+00 1.23438010e+00 1.01263609e+00 1.02078986e+00
1.15988000e+04 1.03775176e+00 1.23239829e+00 1.01316662e+00 1.01878649e+00
1.15990000e+04 1.03689837e+00 1.23109063e+00 1.01369716e+00 1.01734165e+00
1.15992000e+04 1.03627856e+00 1.23007622e+00 1.01422769e+00 1.01614009e+00
1.15994000e+04 1.03559006e+00 1.22897556e+00 1.01475823e+00 1.01486817e+00
1.15996000e+04 1.03477053e+00 1.22771042e+00 1.01528877e+00 1.01346138e+00
1.15998000e+04 1.03375506e+00 1.22619928e+00 1.01581930e+00 1.01185259e+00
1.16000000e+04 1.03239007e+00 1.22424936e+00 1.01634984e+00 1.00988301e+00
1.16002000e+04 1.03094137e+00 1.22219437e+00 1.01688038e+00 1.00782819e+00
1.16004000e+04 1.02947483e+00 1.22011698e+00 1.01741091e+00 1.00575636e+00
1.16006000e+04 1.02816521e+00 1.21823657e+00 1.01794145e+00 1.00384834e+00
1.16008000e+04 1.02696461e+00 1.21649304e+00 1.01847198e+00 1.00205442e+00
1.16010000e+04 1.02583123e+00 1.21483388e+00 1.01900252e+00 1.00033126e+00
1.16012000e+04 1.02490514e+00 1.21343496e+00 1.01953306e+00 9.98823525e-01
1.16014000e+04 1.02422601e+00 1.21234606e+00 1.02006359e+00 9.97571974e-01
1.16016000e+04 1.02372435e+00 1.21147996e+00 1.02059413e+00 9.96504575e-01
1.16018000e+04 1.02323323e+00 1.21062711e+00 1.02112467e+00 9.95448827e-01
1.16020000e+04 1.02256766e+00 1.20955523e+00 1.02165520e+00 9.94213802e-01
1.16022000e+04 1.02185874e+00 1.20842894e+00 1.02218574e+00 9.92934943e-01
1.16024000e+04 1.02119724e+00 1.20736218e+00 1.02271627e+00 9.91705889e-01
1.16026000e+04 1.02048248e+00 1.20622856e+00 1.02324681e+00 9.90422810e-01
1.16028000e+04 1.01952039e+00 1.20478445e+00 1.02377735e+00 9.88885789e-01
1.16030000e+04 1.01833376e+00 1.20305845e+00 1.02430788e+00 9.87118571e-01
1.16032000e+04 1.01721351e+00 1.20141578e+00 1.02483842e+00 9.85420962e-01
1.16034000e+04 1.01651743e+00 1.20030561e+00 1.02536896e+00 9.84161156e-01
1.16036000e+04 1.01617248e+00 1.19963624e+00 1.02589949e+00 9.83263545e-01
1.16038000e+04 1.01611644e+00 1.19932957e+00 1.02643003e+00 9.82663744e-01
1.16040000e+04 1.01623579e+00 1.19924308e+00 1.02696056e+00 9.82244713e-01
1.16042000e+04 1.01615508e+00 1.19890544e+00 1.02749110e+00 9.81620337e-01
1.16044000e+04 1.01556314e+00 1.19792601e+00 1.02802164e+00 9.80471120e-01
1.16046000e+04 1.01444637e+00 1.19628770e+00 1.02855217e+00 9.78783633e-01
1.16048000e+04 1.01296891e+00 1.19419659e+00 1.02908271e+00 9.76726999e-01
1.16050000e+04 1.01143247e+00 1.19203145e+00 1.02961325e+00 9.74611285e-01
1.16052000e+04 1.01002095e+00 1.19002313e+00 1.03014378e+00 9.72625240e-01
1.16054000e+04 1.00913043e+00 1.18866885e+00 1.03067432e+00 9.71174978e-01
1.16056000e+04 1.00864722e+00 1.18782592e+00 1.03120485e+00 9.70143367e-01
1.16058000e+04 1.00834657e+00 1.18721217e+00 1.03173539e+00 9.69299604e-01
1.16060000e+04 1.00808547e+00 1.18664806e+00 1.03226593e+00 9.68496957e-01
1.16062000e+04 1.00777500e+00 1.18602198e+00 1.03279646e+00 9.67644310e-01
1.16064000e+04 1.00718960e+00 1.18505076e+00 1.03332700e+00 9.66510771e-01
1.16066000e+04 1.00653936e+00 1.18399813e+00 1.03385754e+00 9.65311666e-01
1.16068000e+04 1.00621032e+00 1.18334875e+00 1.03438807e+00 9.64442054e-01
1.16070000e+04 1.00643310e+00 1.18339210e+00 1.03491861e+00 9.64137437e-01
1.16072000e+04 1.00690694e+00 1.18375063e+00 1.03544914e+00 9.64089732e-01
1.16074000e+04 1.00751190e+00 1.18427377e+00 1.03597968e+00 9.64176081e-01
1.16076000e+04 1.00797344e+00 1.18461686e+00 1.03651022e+00 9.64115831e-01
1.16078000e+04 1.00799361e+00 1.18440586e+00 1.03704075e+00 9.63604824e-01
1.16080000e+04 1.00748320e+00 1.18352879e+00 1.03757129e+00 9.62552470e-01
1.16082000e+04 1.00743696e+00 1.18323441e+00 1.03810183e+00 9.61974594e-01
1.16084000e+04 1.00737878e+00 1.18292505e+00 1.03863236e+00 9.61384944e-01
1.16086000e+04 1.00730866e+00 1.18260071e+00 1.03916290e+00 9.60783533e-01
1.16088000e+04 1.00722661e+00 1.18226137e+00 1.03969343e+00 9.60170373e-01
