# energy(eV) normalized_intensity
1.141400e+04 6.367402e-04
1.141450e+04 6.189557e-04
1.141500e+04 6.013191e-04
1.141550e+04 5.838315e-04
1.141600e+04 5.664947e-04
1.141650e+04 5.493107e-04
1.141700e+04 5.322805e-04
1.141750e+04 5.154060e-04
1.141800e+04 4.986887e-04
1.141850e+04 4.821308e-04
1.141900e+04 4.657332e-04
1.141950e+04 4.494981e-04
1.142000e+04 4.334274e-04
1.142050e+04 4.175226e-04
1.142100e+04 4.017853e-04
1.142150e+04 3.862178e-04
1.142200e+04 3.708218e-04
1.142250e+04 3.555988e-04
1.142300e+04 3.405513e-04
1.142350e+04 3.256810e-04
1.142400e+04 3.109897e-04
1.142450e+04 2.964795e-04
1.142500e+04 2.821525e-04
1.142550e+04 2.680107e-04
1.142600e+04 2.540560e-04
1.142650e+04 2.402908e-04
1.142700e+04 2.267171e-04
1.142750e+04 2.133370e-04
1.142800e+04 2.001530e-04
1.142850e+04 1.871672e-04
1.142900e+04 1.743816e-04
1.142950e+04 1.617989e-04
1.143000e+04 1.494215e-04
1.143050e+04 1.372513e-04
1.143100e+04 1.252912e-04
1.143150e+04 1.135433e-04
1.143200e+04 1.020105e-04
1.143250e+04 9.069498e-05
1.143300e+04 7.959964e-05
1.143350e+04 6.872674e-05
1.143400e+04 5.807940e-05
1.143450e+04 4.765962e-05
1.143500e+04 3.747082e-05
1.143550e+04 2.751555e-05
1.143600e+04 1.779665e-05
1.143650e+04 8.316977e-06
1.143700e+04 -9.203481e-07
1.143750e+04 -9.912763e-06
1.143800e+04 -1.865685e-05
1.143850e+04 -2.714978e-05
1.143900e+04 -3.538812e-05
1.143950e+04 -4.336904e-05
1.144000e+04 -5.108912e-05
1.144050e+04 -5.854524e-05
1.144100e+04 -6.573369e-05
1.144150e+04 -7.265135e-05
1.144200e+04 -7.929480e-05
1.144250e+04 -8.566063e-05
1.144300e+04 -9.174486e-05
1.144350e+04 -9.754407e-05
1.144400e+04 -1.030546e-04
1.144450e+04 -1.082727e-04
1.144500e+04 -1.131944e-04
1.144550e+04 -1.178157e-04
1.144600e+04 -1.221332e-04
1.144650e+04 -1.261421e-04
1.144700e+04 -1.298390e-04
1.144750e+04 -1.332193e-04
1.144800e+04 -1.362790e-04
1.144850e+04 -1.390133e-04
1.144900e+04 -1.414186e-04
1.144950e+04 -1.434895e-04
1.145000e+04 -1.452218e-04
1.145050e+04 -1.466112e-04
1.145100e+04 -1.476525e-04
1.145150e+04 -1.483411e-04
1.145200e+04 -1.486719e-04
1.145250e+04 -1.486400e-04
1.145300e+04 -1.482406e-04
1.145350e+04 -1.474677e-04
1.145400e+04 -1.463168e-04
1.145450e+04 -1.447825e-04
1.145500e+04 -1.428584e-04
1.145550e+04 -1.405399e-04
1.145600e+04 -1.378209e-04
1.145650e+04 -1.346956e-04
1.145700e+04 -1.311580e-04
1.145750e+04 -1.272022e-04
1.145800e+04 -1.228217e-04
1.145850e+04 -1.180106e-04
1.145900e+04 -1.127620e-04
1.145950e+04 -1.070700e-04
1.146000e+04 -1.009277e-04
1.146050e+04 -9.432800e-05
1.146100e+04 -8.726411e-05
1.146150e+04 -7.972890e-05
1.146200e+04 -7.171525e-05
1.146250e+04 -6.321578e-05
1.146300e+04 -5.422310e-05
1.146350e+04 -4.472922e-05
1.146400e+04 -3.472648e-05
1.146450e+04 -2.420663e-05
1.146500e+04 -1.316169e-05
1.146550e+04 -1.583435e-06
1.146600e+04 1.053697e-05
1.146650e+04 2.320805e-05
1.146700e+04 3.643891e-05
1.146750e+04 5.023836e-05
1.146800e+04 6.461580e-05
1.146850e+04 7.958089e-05
1.146900e+04 9.514302e-05
1.146950e+04 1.113124e-04
1.147000e+04 1.280991e-04
1.147050e+04 1.455132e-04
1.147100e+04 1.635656e-04
1.147150e+04 1.822671e-04
1.147200e+04 2.016288e-04
1.147250e+04 2.216620e-04
1.147300e+04 2.423785e-04
1.147350e+04 2.637895e-04
1.147400e+04 2.859080e-04
1.147450e+04 3.087458e-04
1.147500e+04 3.323158e-04
1.147550e+04 3.566313e-04
1.147600e+04 3.817050e-04
1.147650e+04 4.075511e-04
1.147700e+04 4.341833e-04
1.147750e+04 4.616159e-04
1.147800e+04 4.898641e-04
1.147850e+04 5.189419e-04
1.147900e+04 5.488657e-04
1.147950e+04 5.796507e-04
1.148000e+04 6.113129e-04
1.148050e+04 6.438694e-04
1.148100e+04 6.773370e-04
1.148150e+04 7.117330e-04
1.148200e+04 7.470753e-04
1.148250e+04 7.833821e-04
1.148300e+04 8.206725e-04
1.148350e+04 8.589656e-04
1.148400e+04 8.982812e-04
1.148450e+04 9.386396e-04
1.148500e+04 9.800618e-04
1.148550e+04 1.022569e-03
1.148600e+04 1.066183e-03
1.148650e+04 1.110927e-03
1.148700e+04 1.156824e-03
1.148750e+04 1.203898e-03
1.148800e+04 1.252173e-03
1.148850e+04 1.301674e-03
1.148900e+04 1.352427e-03
1.148950e+04 1.404460e-03
1.149000e+04 1.457799e-03
1.149050e+04 1.512472e-03
1.149100e+04 1.568508e-03
1.149150e+04 1.625938e-03
1.149200e+04 1.684792e-03
1.149250e+04 1.745101e-03
1.149300e+04 1.806898e-03
1.149350e+04 1.870217e-03
1.149400e+04 1.935092e-03
1.149450e+04 2.001559e-03
1.149500e+04 2.069654e-03
1.149550e+04 2.139415e-03
1.149600e+04 2.210881e-03
1.149650e+04 2.284092e-03
1.149700e+04 2.359089e-03
1.149750e+04 2.435917e-03
1.149800e+04 2.514617e-03
1.149850e+04 2.595237e-03
1.149900e+04 2.677822e-03
1.149950e+04 2.762422e-03
1.150000e+04 2.849087e-03
1.150050e+04 2.937869e-03
1.150100e+04 3.028821e-03
1.150150e+04 3.121999e-03
1.150200e+04 3.217459e-03
1.150250e+04 3.315262e-03
1.150300e+04 3.415468e-03
1.150350e+04 3.518141e-03
1.150400e+04 3.623347e-03
1.150450e+04 3.731154e-03
1.150500e+04 3.841632e-03
1.150550e+04 3.954855e-03
1.150600e+04 4.070898e-03
1.150650e+04 4.189839e-03
1.150700e+04 4.311761e-03
1.150750e+04 4.436747e-03
1.150800e+04 4.564887e-03
1.150850e+04 4.696269e-03
1.150900e+04 4.830990e-03
1.150950e+04 4.969148e-03
1.151000e+04 5.110844e-03
1.151050e+04 5.256186e-03
1.151100e+04 5.405284e-03
1.151150e+04 5.558252e-03
1.151200e+04 5.715210e-03
1.151250e+04 5.876285e-03
1.151300e+04 6.041604e-03
1.151350e+04 6.211304e-03
1.151400e+04 6.385526e-03
1.151450e+04 6.564417e-03
1.151500e+04 6.748131e-03
1.151550e+04 6.936829e-03
1.151600e+04 7.130679e-03
1.151650e+04 7.329854e-03
1.151700e+04 7.534540e-03
1.151750e+04 7.744926e-03
1.151800e+04 7.961215e-03
1.151850e+04 8.183616e-03
1.151900e+04 8.412349e-03
1.151950e+04 8.647644e-03
1.152000e+04 8.889744e-03
1.152050e+04 9.138902e-03
1.152100e+04 9.395385e-03
1.152150e+04 9.659473e-03
1.152200e+04 9.931460e-03
1.152250e+04 1.021165e-02
1.152300e+04 1.050038e-02
1.152350e+04 1.079799e-02
1.152400e+04 1.110484e-02
1.152450e+04 1.142130e-02
1.152500e+04 1.174779e-02
1.152550e+04 1.208472e-02
1.152600e+04 1.243256e-02
1.152650e+04 1.279176e-02
1.152700e+04 1.316283e-02
1.152750e+04 1.354631e-02
1.152800e+04 1.394276e-02
1.152850e+04 1.435277e-02
1.152900e+04 1.477699e-02
1.152950e+04 1.521608e-02
1.153000e+04 1.567077e-02
1.153050e+04 1.614181e-02
1.153100e+04 1.663003e-02
1.153150e+04 1.713629e-02
1.153200e+04 1.766153e-02
1.153250e+04 1.820672e-02
1.153300e+04 1.877293e-02
1.153350e+04 1.936129e-02
1.153400e+04 1.997303e-02
1.153450e+04 2.060946e-02
1.153500e+04 2.127196e-02
1.153550e+04 2.196206e-02
1.153600e+04 2.268139e-02
1.153650e+04 2.343171e-02
1.153700e+04 2.421491e-02
1.153750e+04 2.503304e-02
1.153800e+04 2.588834e-02
1.153850e+04 2.678322e-02
1.153900e+04 2.772031e-02
1.153950e+04 2.870246e-02
1.154000e+04 2.973279e-02
1.154050e+04 3.081471e-02
1.154100e+04 3.195195e-02
1.154150e+04 3.314859e-02
1.154200e+04 3.440913e-02
1.154250e+04 3.573850e-02
1.154300e+04 3.714217e-02
1.154350e+04 3.862617e-02
1.154400e+04 4.019718e-02
1.154450e+04 4.186265e-02
1.154500e+04 4.363084e-02
1.154550e+04 4.551101e-02
1.154600e+04 4.751351e-02
1.154650e+04 4.964999e-02
1.154700e+04 5.193355e-02
1.154750e+04 5.437904e-02
1.154800e+04 5.700326e-02
1.154850e+04 5.982538e-02
1.154900e+04 6.286729e-02
1.154950e+04 6.615409e-02
1.155000e+04 6.971473e-02
1.155050e+04 7.358269e-02
1.155100e+04 7.779692e-02
1.155150e+04 8.240293e-02
1.155200e+04 8.745414e-02
1.155250e+04 9.301370e-02
1.155300e+04 9.915660e-02
1.155350e+04 1.059725e-01
1.155400e+04 1.135692e-01
1.155410e+04 1.151933e-01
1.155420e+04 1.168550e-01
1.155430e+04 1.185553e-01
1.155440e+04 1.202958e-01
1.155450e+04 1.220775e-01
1.155460e+04 1.239020e-01
1.155470e+04 1.257707e-01
1.155480e+04 1.276850e-01
1.155490e+04 1.296465e-01
1.155500e+04 1.316569e-01
1.155510e+04 1.337178e-01
1.155520e+04 1.358310e-01
1.155530e+04 1.379984e-01
1.155540e+04 1.402218e-01
1.155550e+04 1.425034e-01
1.155560e+04 1.448452e-01
1.155570e+04 1.472494e-01
1.155580e+04 1.497184e-01
1.155590e+04 1.522544e-01
1.155600e+04 1.548602e-01
1.155610e+04 1.575382e-01
1.155620e+04 1.602914e-01
1.155630e+04 1.631225e-01
1.155640e+04 1.660346e-01
1.155650e+04 1.690309e-01
1.155660e+04 1.721148e-01
1.155670e+04 1.752897e-01
1.155680e+04 1.785593e-01
1.155690e+04 1.819274e-01
1.155700e+04 1.853982e-01
1.155710e+04 1.889759e-01
1.155720e+04 1.926649e-01
1.155730e+04 1.964699e-01
1.155740e+04 2.003959e-01
1.155750e+04 2.044481e-01
1.155760e+04 2.086318e-01
1.155770e+04 2.129529e-01
1.155780e+04 2.174174e-01
1.155790e+04 2.220316e-01
1.155800e+04 2.268022e-01
1.155810e+04 2.317363e-01
1.155820e+04 2.368413e-01
1.155830e+04 2.421249e-01
1.155840e+04 2.475955e-01
1.155850e+04 2.532615e-01
1.155860e+04 2.591323e-01
1.155870e+04 2.652173e-01
1.155880e+04 2.715266e-01
1.155890e+04 2.780709e-01
1.155900e+04 2.848614e-01
1.155910e+04 2.919099e-01
1.155920e+04 2.992287e-01
1.155930e+04 3.068308e-01
1.155940e+04 3.147300e-01
1.155950e+04 3.229406e-01
1.155960e+04 3.314777e-01
1.155970e+04 3.403569e-01
1.155980e+04 3.495949e-01
1.155990e+04 3.592089e-01
1.156000e+04 3.692168e-01
1.156010e+04 3.796374e-01
1.156020e+04 3.904902e-01
1.156030e+04 4.017952e-01
1.156040e+04 4.135734e-01
1.156050e+04 4.258460e-01
1.156060e+04 4.386350e-01
1.156070e+04 4.519627e-01
1.156080e+04 4.658517e-01
1.156090e+04 4.803245e-01
1.156100e+04 4.954038e-01
1.156110e+04 5.111117e-01
1.156120e+04 5.274696e-01
1.156130e+04 5.444980e-01
1.156140e+04 5.622157e-01
1.156150e+04 5.806396e-01
1.156160e+04 5.997839e-01
1.156170e+04 6.196595e-01
1.156180e+04 6.402731e-01
1.156190e+04 6.616267e-01
1.156200e+04 6.837161e-01
1.156210e+04 7.065304e-01
1.156220e+04 7.300505e-01
1.156230e+04 7.542482e-01
1.156240e+04 7.790851e-01
1.156250e+04 8.045113e-01
1.156260e+04 8.304645e-01
1.156270e+04 8.568691e-01
1.156280e+04 8.836359e-01
1.156290e+04 9.106613e-01
1.156300e+04 9.378278e-01
1.156310e+04 9.650044e-01
1.156320e+04 9.920479e-01
1.156330e+04 1.018805e+00
1.156340e+04 1.045112e+00
1.156350e+04 1.070804e+00
1.156360e+04 1.095711e+00
1.156370e+04 1.119666e+00
1.156380e+04 1.142509e+00
1.156390e+04 1.164090e+00
1.156400e+04 1.184272e+00
1.156410e+04 1.202937e+00
1.156420e+04 1.219985e+00
1.156430e+04 1.235342e+00
1.156440e+04 1.248957e+00
1.156450e+04 1.260804e+00
1.156460e+04 1.270880e+00
1.156470e+04 1.279207e+00
1.156480e+04 1.285823e+00
1.156490e+04 1.290787e+00
1.156500e+04 1.294172e+00
1.156510e+04 1.296061e+00
1.156520e+04 1.296548e+00
1.156530e+04 1.295731e+00
1.156540e+04 1.293714e+00
1.156550e+04 1.290600e+00
1.156560e+04 1.286494e+00
1.156570e+04 1.281497e+00
1.156580e+04 1.275708e+00
1.156590e+04 1.269223e+00
1.156600e+04 1.262134e+00
1.156610e+04 1.254527e+00
1.156620e+04 1.246485e+00
1.156630e+04 1.238085e+00
1.156640e+04 1.229401e+00
1.156650e+04 1.220500e+00
1.156660e+04 1.211446e+00
1.156670e+04 1.202298e+00
1.156680e+04 1.193110e+00
1.156690e+04 1.183933e+00
1.156700e+04 1.174813e+00
1.156710e+04 1.165791e+00
1.156720e+04 1.156905e+00
1.156730e+04 1.148190e+00
1.156740e+04 1.139675e+00
1.156750e+04 1.131387e+00
1.156760e+04 1.123349e+00
1.156770e+04 1.115581e+00
1.156780e+04 1.108098e+00
1.156790e+04 1.100914e+00
1.156800e+04 1.094039e+00
1.156810e+04 1.087480e+00
1.156820e+04 1.081241e+00
1.156830e+04 1.075324e+00
1.156840e+04 1.069729e+00
1.156850e+04 1.064450e+00
1.156860e+04 1.059484e+00
1.156870e+04 1.054820e+00
1.156880e+04 1.050450e+00
1.156890e+04 1.046360e+00
1.156900e+04 1.042536e+00
1.156910e+04 1.038961e+00
1.156920e+04 1.035616e+00
1.156930e+04 1.032483e+00
1.156940e+04 1.029540e+00
1.156950e+04 1.026764e+00
1.156960e+04 1.024133e+00
1.156970e+04 1.021622e+00
1.156980e+04 1.019208e+00
1.156990e+04 1.016868e+00
1.157000e+04 1.014579e+00
1.157010e+04 1.012319e+00
1.157020e+04 1.010069e+00
1.157030e+04 1.007811e+00
1.157040e+04 1.005530e+00
1.157050e+04 1.003215e+00
1.157060e+04 1.000857e+00
1.157070e+04 9.984498e-01
1.157080e+04 9.959928e-01
1.157090e+04 9.934878e-01
1.157100e+04 9.909404e-01
1.157110e+04 9.883593e-01
1.157120e+04 9.857568e-01
1.157130e+04 9.831475e-01
1.157140e+04 9.805485e-01
1.157150e+04 9.779790e-01
1.157160e+04 9.754595e-01
1.157170e+04 9.730114e-01
1.157180e+04 9.706566e-01
1.157190e+04 9.684171e-01
1.157200e+04 9.663146e-01
1.157210e+04 9.643700e-01
1.157220e+04 9.626031e-01
1.157230e+04 9.610323e-01
1.157240e+04 9.596744e-01
1.157250e+04 9.585445e-01
1.157260e+04 9.576556e-01
1.157270e+04 9.570188e-01
1.157280e+04 9.566427e-01
1.157290e+04 9.565339e-01
1.157300e+04 9.566965e-01
1.157310e+04 9.571327e-01
1.157320e+04 9.578418e-01
1.157330e+04 9.588214e-01
1.157340e+04 9.600664e-01
1.157350e+04 9.615699e-01
1.157360e+04 9.633225e-01
1.157370e+04 9.653131e-01
1.157380e+04 9.675286e-01
1.157390e+04 9.699542e-01
1.157400e+04 9.725734e-01
1.157410e+04 9.753686e-01
1.157420e+04 9.783206e-01
1.157430e+04 9.814096e-01
1.157440e+04 9.846147e-01
1.157450e+04 9.879148e-01
1.157460e+04 9.912884e-01
1.157470e+04 9.947139e-01
1.157480e+04 9.981699e-01
1.157490e+04 1.001635e+00
1.157500e+04 1.005090e+00
1.157510e+04 1.008514e+00
1.157520e+04 1.011889e+00
1.157530e+04 1.015197e+00
1.157540e+04 1.018420e+00
1.157550e+04 1.021544e+00
1.157560e+04 1.024554e+00
1.157570e+04 1.027437e+00
1.157580e+04 1.030179e+00
1.157590e+04 1.032771e+00
1.157600e+04 1.035202e+00
1.157610e+04 1.037462e+00
1.157620e+04 1.039544e+00
1.157630e+04 1.041440e+00
1.157640e+04 1.043143e+00
1.157650e+04 1.044648e+00
1.157660e+04 1.045949e+00
1.157670e+04 1.047042e+00
1.157680e+04 1.047921e+00
1.157690e+04 1.048584e+00
1.157700e+04 1.049026e+00
1.157710e+04 1.049244e+00
1.157720e+04 1.049235e+00
1.157730e+04 1.048996e+00
1.157740e+04 1.048525e+00
1.157750e+04 1.047819e+00
1.157760e+04 1.046877e+00
1.157770e+04 1.045697e+00
1.157780e+04 1.044278e+00
1.157790e+04 1.042620e+00
1.157800e+04 1.040724e+00
1.157810e+04 1.038592e+00
1.157820e+04 1.036226e+00
1.157830e+04 1.033631e+00
1.157840e+04 1.030811e+00
1.157850e+04 1.027773e+00
1.157860e+04 1.024525e+00
1.157870e+04 1.021076e+00
1.157880e+04 1.017438e+00
1.157890e+04 1.013621e+00
1.157900e+04 1.009640e+00
1.157910e+04 1.005507e+00
1.157920e+04 1.001239e+00
1.157930e+04 9.968501e-01
1.157940e+04 9.923581e-01
1.157950e+04 9.877796e-01
1.157960e+04 9.831321e-01
1.157970e+04 9.784336e-01
1.157980e+04 9.737021e-01
1.157990e+04 9.689561e-01
1.158000e+04 9.642138e-01
1.158010e+04 9.594938e-01
1.158020e+04 9.548144e-01
1.158030e+04 9.501936e-01
1.158040e+04 9.456491e-01
1.158050e+04 9.411982e-01
1.158060e+04 9.368574e-01
1.158070e+04 9.326423e-01
1.158080e+04 9.285673e-01
1.158090e+04 9.246460e-01
1.158100e+04 9.208902e-01
1.158110e+04 9.173101e-01
1.158120e+04 9.139145e-01
1.158130e+04 9.107103e-01
1.158140e+04 9.077022e-01
1.158150e+04 9.048935e-01
1.158160e+04 9.022852e-01
1.158170e+04 8.998766e-01
1.158180e+04 8.976649e-01
1.158190e+04 8.956459e-01
1.158200e+04 8.938137e-01
1.158210e+04 8.921606e-01
1.158220e+04 8.906780e-01
1.158230e+04 8.893559e-01
1.158240e+04 8.881836e-01
1.158250e+04 8.871496e-01
1.158260e+04 8.862419e-01
1.158270e+04 8.854483e-01
1.158280e+04 8.847566e-01
1.158290e+04 8.841550e-01
1.158300e+04 8.836321e-01
1.158310e+04 8.831772e-01
1.158320e+04 8.827806e-01
1.158330e+04 8.824336e-01
1.158340e+04 8.821290e-01
1.158350e+04 8.818608e-01
1.158360e+04 8.816246e-01
1.158370e+04 8.814175e-01
1.158380e+04 8.812383e-01
1.158390e+04 8.810872e-01
1.158400e+04 8.809659e-01
1.158410e+04 8.808777e-01
1.158420e+04 8.808267e-01
1.158430e+04 8.808185e-01
1.158440e+04 8.808594e-01
1.158450e+04 8.809564e-01
1.158460e+04 8.811170e-01
1.158470e+04 8.813490e-01
1.158480e+04 8.816602e-01
1.158490e+04 8.820580e-01
1.158500e+04 8.825498e-01
1.158510e+04 8.831421e-01
1.158520e+04 8.838410e-01
1.158530e+04 8.846514e-01
1.158540e+04 8.855777e-01
1.158550e+04 8.866227e-01
1.158560e+04 8.877889e-01
1.158570e+04 8.890772e-01
1.158580e+04 8.904879e-01
1.158590e+04 8.920201e-01
1.158600e+04 8.936725e-01
1.158610e+04 8.954430e-01
1.158620e+04 8.973291e-01
1.158630e+04 8.993279e-01
1.158640e+04 9.014366e-01
1.158650e+04 9.036524e-01
1.158660e+04 9.059729e-01
1.158670e+04 9.083960e-01
1.158680e+04 9.109202e-01
1.158690e+04 9.135450e-01
1.158700e+04 9.162701e-01
1.158710e+04 9.190964e-01
1.158720e+04 9.220256e-01
1.158730e+04 9.250598e-01
1.158740e+04 9.282022e-01
1.158750e+04 9.314560e-01
1.158760e+04 9.348252e-01
1.158770e+04 9.383139e-01
1.158780e+04 9.419261e-01
1.158790e+04 9.456658e-01
1.158800e+04 9.495366e-01
1.158810e+04 9.535416e-01
1.158820e+04 9.576831e-01
1.158830e+04 9.619625e-01
1.158840e+04 9.663801e-01
1.158850e+04 9.709350e-01
1.158860e+04 9.756247e-01
1.158870e+04 9.804455e-01
1.158880e+04 9.853918e-01
1.158890e+04 9.904563e-01
1.158900e+04 9.956298e-01
1.158910e+04 1.000901e+00
1.158920e+04 1.006258e+00
1.158930e+04 1.011684e+00
1.158940e+04 1.017164e+00
1.158950e+04 1.022678e+00
1.158960e+04 1.028206e+00
1.158970e+04 1.033725e+00
1.158980e+04 1.039213e+00
1.158990e+04 1.044643e+00
1.159000e+04 1.049989e+00
1.159010e+04 1.055225e+00
1.159020e+04 1.060323e+00
1.159030e+04 1.065256e+00
1.159040e+04 1.069996e+00
1.159050e+04 1.074515e+00
1.159060e+04 1.078789e+00
1.159070e+04 1.082793e+00
1.159080e+04 1.086503e+00
1.159090e+04 1.089899e+00
1.159100e+04 1.092963e+00
1.159110e+04 1.095679e+00
1.159120e+04 1.098035e+00
1.159130e+04 1.100020e+00
1.159140e+04 1.101629e+00
1.159150e+04 1.102858e+00
1.159160e+04 1.103709e+00
1.159170e+04 1.104184e+00
1.159180e+04 1.104292e+00
1.159190e+04 1.104041e+00
1.159200e+04 1.103446e+00
1.159210e+04 1.102521e+00
1.159220e+04 1.101285e+00
1.159230e+04 1.099758e+00
1.159240e+04 1.097962e+00
1.159250e+04 1.095919e+00
1.159260e+04 1.093654e+00
1.159270e+04 1.091192e+00
1.159280e+04 1.088557e+00
1.159290e+04 1.085774e+00
1.159300e+04 1.082868e+00
1.159310e+04 1.079862e+00
1.159320e+04 1.076779e+00
1.159330e+04 1.073641e+00
1.159340e+04 1.070469e+00
1.159350e+04 1.067279e+00
1.159360e+04 1.064090e+00
1.159370e+04 1.060916e+00
1.159380e+04 1.057772e+00
1.159390e+04 1.054667e+00
1.159400e+04 1.051613e+00
1.159450e+04 1.037314e+00
1.159500e+04 1.024865e+00
1.159550e+04 1.014204e+00
1.159600e+04 1.005218e+00
1.159650e+04 9.980526e-01
1.159700e+04 9.931051e-01
1.159750e+04 9.907678e-01
1.159800e+04 9.911021e-01
1.159850e+04 9.936306e-01
1.159900e+04 9.973389e-01
1.159950e+04 1.000880e+00
1.160000e+04 1.002906e+00
1.160050e+04 1.002419e+00
1.160100e+04 9.990091e-01
1.160150e+04 9.929096e-01
1.160200e+04 9.848708e-01
1.160250e+04 9.759236e-01
1.160300e+04 9.671381e-01
1.160350e+04 9.594430e-01
1.160400e+04 9.535266e-01
1.160450e+04 9.498056e-01
1.160500e+04 9.484385e-01
1.160550e+04 9.493631e-01
1.160600e+04 9.523495e-01
1.160650e+04 9.570659e-01
1.160700e+04 9.631534e-01
1.160750e+04 9.702948e-01
1.160800e+04 9.782545e-01
1.160850e+04 9.868780e-01
1.160900e+04 9.960619e-01
1.160950e+04 1.005719e+00
1.161000e+04 1.015756e+00
1.161050e+04 1.026076e+00
1.161100e+04 1.036586e+00
1.161150e+04 1.047198e+00
1.161200e+04 1.057819e+00
1.161250e+04 1.068329e+00
1.161300e+04 1.078550e+00
1.161350e+04 1.088230e+00
1.161400e+04 1.097039e+00
1.161450e+04 1.104599e+00
1.161500e+04 1.110543e+00
1.161550e+04 1.114589e+00
1.161600e+04 1.116606e+00
1.161650e+04 1.116662e+00
1.161700e+04 1.115025e+00
1.161750e+04 1.112108e+00
1.161800e+04 1.108396e+00
1.161850e+04 1.104356e+00
1.161900e+04 1.100363e+00
1.161950e+04 1.096664e+00
1.162000e+04 1.093373e+00
1.162050e+04 1.090493e+00
1.162100e+04 1.087954e+00
1.162150e+04 1.085650e+00
1.162200e+04 1.083480e+00
1.162250e+04 1.081367e+00
1.162300e+04 1.079272e+00
1.162350e+04 1.077194e+00
1.162400e+04 1.075161e+00
1.162500e+04 1.071416e+00
1.162600e+04 1.068381e+00
1.162700e+04 1.066174e+00
1.162800e+04 1.064567e+00
1.162900e+04 1.063049e+00
1.163000e+04 1.060984e+00
1.163100e+04 1.057798e+00
1.163200e+04 1.053101e+00
1.163300e+04 1.046740e+00
1.163400e+04 1.038826e+00
1.163500e+04 1.029733e+00
1.163600e+04 1.020022e+00
1.163700e+04 1.010288e+00
1.163800e+04 1.001040e+00
1.163900e+04 9.926678e-01
1.164000e+04 9.854801e-01
1.164100e+04 9.797244e-01
1.164200e+04 9.755585e-01
1.164300e+04 9.730238e-01
1.164400e+04 9.720635e-01
1.164500e+04 9.725879e-01
1.164600e+04 9.745386e-01
1.164700e+04 9.779063e-01
1.164800e+04 9.826925e-01
1.164900e+04 9.888456e-01
1.165000e+04 9.962153e-01
1.165100e+04 1.004545e+00
1.165200e+04 1.013492e+00
1.165300e+04 1.022660e+00
1.165400e+04 1.031599e+00
1.165500e+04 1.039818e+00
1.165600e+04 1.046800e+00
1.165700e+04 1.052073e+00
1.165800e+04 1.055305e+00
1.165900e+04 1.056394e+00
1.166000e+04 1.055519e+00
1.166100e+04 1.053105e+00
1.166200e+04 1.049732e+00
1.166300e+04 1.045993e+00
1.166400e+04 1.042372e+00
1.166500e+04 1.039164e+00
1.166600e+04 1.036454e+00
1.166700e+04 1.034168e+00
1.166800e+04 1.032144e+00
1.166900e+04 1.030214e+00
1.167000e+04 1.028258e+00
1.167100e+04 1.026224e+00
1.167200e+04 1.024129e+00
1.167300e+04 1.022050e+00
1.167400e+04 1.020111e+00
1.167500e+04 1.018472e+00
1.167600e+04 1.017315e+00
1.167700e+04 1.016812e+00
1.167800e+04 1.017100e+00
1.167900e+04 1.018250e+00
1.168000e+04 1.020248e+00
1.168100e+04 1.022975e+00
1.168200e+04 1.026209e+00
1.168300e+04 1.029634e+00
1.168400e+04 1.032863e+00
1.168500e+04 1.035478e+00
1.168600e+04 1.037070e+00
1.168700e+04 1.037290e+00
1.168800e+04 1.035885e+00
1.168900e+04 1.032729e+00
1.169000e+04 1.027843e+00
1.169100e+04 1.021388e+00
1.169200e+04 1.013657e+00
1.169300e+04 1.005032e+00
1.169400e+04 9.959433e-01
1.169500e+04 9.868231e-01
1.169600e+04 9.780674e-01
1.169700e+04 9.700099e-01
1.169800e+04 9.629100e-01
1.169900e+04 9.569501e-01
1.170000e+04 9.522390e-01
1.170100e+04 9.488201e-01
1.170200e+04 9.466807e-01
1.170300e+04 9.457639e-01
1.170400e+04 9.459805e-01
1.170500e+04 9.472214e-01
1.170600e+04 9.493671e-01
1.170700e+04 9.522946e-01
1.170800e+04 9.558797e-01
1.170900e+04 9.599967e-01
1.171000e+04 9.645175e-01
1.171100e+04 9.693116e-01
1.171200e+04 9.742477e-01
1.171300e+04 9.791982e-01
1.171400e+04 9.840441e-01
1.171500e+04 9.886819e-01
1.171600e+04 9.930302e-01
1.171700e+04 9.970348e-01
1.171800e+04 1.000670e+00
1.171900e+04 1.003936e+00
1.172000e+04 1.006848e+00
1.172100e+04 1.009426e+00
1.172200e+04 1.011679e+00
1.172300e+04 1.013603e+00
1.172400e+04 1.015170e+00
1.172500e+04 1.016340e+00
1.172600e+04 1.017067e+00
1.172700e+04 1.017306e+00
1.172800e+04 1.017030e+00
1.172900e+04 1.016230e+00
1.173000e+04 1.014925e+00
1.173100e+04 1.013161e+00
1.173200e+04 1.011014e+00
1.173300e+04 1.008593e+00
1.173400e+04 1.006042e+00
1.173500e+04 1.003534e+00
1.173600e+04 1.001262e+00
1.173700e+04 9.994286e-01
1.173800e+04 9.982321e-01
1.173900e+04 9.978475e-01
1.174000e+04 9.984105e-01
1.174100e+04 1.000000e+00
1.174200e+04 1.002621e+00
1.174300e+04 1.006194e+00
1.174400e+04 1.010547e+00
1.174500e+04 1.015419e+00
1.174600e+04 1.020478e+00
1.174700e+04 1.025339e+00
1.174800e+04 1.029598e+00
1.174900e+04 1.032868e+00
1.175000e+04 1.034811e+00
1.175100e+04 1.035178e+00
1.175200e+04 1.033827e+00
1.175300e+04 1.030739e+00
1.175400e+04 1.026016e+00
1.175500e+04 1.019867e+00
1.175600e+04 1.012584e+00
1.175700e+04 1.004509e+00
1.175800e+04 9.960007e-01
1.175900e+04 9.874038e-01
1.176000e+04 9.790224e-01
1.176100e+04 9.711045e-01
1.176200e+04 9.638359e-01
1.176300e+04 9.573433e-01
1.176400e+04 9.517024e-01
1.176500e+04 9.469495e-01
1.176600e+04 9.430931e-01
1.176700e+04 9.401234e-01
1.176800e+04 9.380193e-01
1.176900e+04 9.367516e-01
1.177000e+04 9.362816e-01
1.177100e+04 9.365575e-01
1.177200e+04 9.375093e-01
1.177300e+04 9.390465e-01
1.177400e+04 9.410598e-01
1.177500e+04 9.434270e-01
1.177600e+04 9.460227e-01
1.177700e+04 9.487268e-01
1.177800e+04 9.514308e-01
1.177900e+04 9.540374e-01
1.178000e+04 9.564532e-01
1.178100e+04 9.585751e-01
1.178200e+04 9.602791e-01
1.178300e+04 9.614298e-01
1.178400e+04 9.619273e-01
1.178500e+04 9.617783e-01
1.178600e+04 9.611416e-01
1.178700e+04 9.603060e-01
1.178800e+04 9.596153e-01
1.178900e+04 9.593881e-01
1.179000e+04 9.598656e-01
1.179100e+04 9.611921e-01
1.179200e+04 9.634175e-01
1.179300e+04 9.665105e-01
1.179400e+04 9.703802e-01
1.179500e+04 9.748993e-01
1.179600e+04 9.799257e-01
1.179700e+04 9.853207e-01
1.179800e+04 9.909589e-01
1.179900e+04 9.967308e-01
1.180000e+04 1.002540e+00
1.180100e+04 1.008300e+00
1.180200e+04 1.013929e+00
1.180300e+04 1.019353e+00
1.180400e+04 1.024504e+00
1.180500e+04 1.029323e+00
1.180600e+04 1.033765e+00
1.180700e+04 1.037798e+00
1.180800e+04 1.041404e+00
1.180900e+04 1.044584e+00
1.181000e+04 1.047356e+00
1.181100e+04 1.049750e+00
1.181200e+04 1.051809e+00
1.181300e+04 1.053580e+00
1.181400e+04 1.055107e+00
