# energy(eV) normalized_intensity
1.141400e+04 6.440920e-04
1.141450e+04 6.261024e-04
1.141500e+04 6.082624e-04
1.141550e+04 5.905732e-04
1.141600e+04 5.730365e-04
1.141650e+04 5.556543e-04
1.141700e+04 5.384277e-04
1.141750e+04 5.213585e-04
1.141800e+04 5.044484e-04
1.141850e+04 4.876995e-04
1.141900e+04 4.711128e-04
1.141950e+04 4.546903e-04
1.142000e+04 4.384342e-04
1.142050e+04 4.223458e-04
1.142100e+04 4.064269e-04
1.142150e+04 3.906798e-04
1.142200e+04 3.751061e-04
1.142250e+04 3.597074e-04
1.142300e+04 3.444862e-04
1.142350e+04 3.294442e-04
1.142400e+04 3.145832e-04
1.142450e+04 2.999055e-04
1.142500e+04 2.854131e-04
1.142550e+04 2.711080e-04
1.142600e+04 2.569922e-04
1.142650e+04 2.430680e-04
1.142700e+04 2.293375e-04
1.142750e+04 2.158029e-04
1.142800e+04 2.024666e-04
1.142850e+04 1.893307e-04
1.142900e+04 1.763975e-04
1.142950e+04 1.636694e-04
1.143000e+04 1.511490e-04
1.143050e+04 1.388381e-04
1.143100e+04 1.267398e-04
1.143150e+04 1.148561e-04
1.143200e+04 1.031900e-04
1.143250e+04 9.174372e-05
1.143300e+04 8.052011e-05
1.143350e+04 6.952151e-05
1.143400e+04 5.875107e-05
1.143450e+04 4.821081e-05
1.143500e+04 3.790419e-05
1.143550e+04 2.783379e-05
1.143600e+04 1.800250e-05
1.143650e+04 8.413179e-06
1.143700e+04 -9.309942e-07
1.143750e+04 -1.002743e-05
1.143800e+04 -1.887269e-05
1.143850e+04 -2.746387e-05
1.143900e+04 -3.579754e-05
1.143950e+04 -4.387082e-05
1.144000e+04 -5.168024e-05
1.144050e+04 -5.922266e-05
1.144100e+04 -6.649431e-05
1.144150e+04 -7.349205e-05
1.144200e+04 -8.021241e-05
1.144250e+04 -8.665195e-05
1.144300e+04 -9.280663e-05
1.144350e+04 -9.867301e-05
1.144400e+04 -1.042473e-04
1.144450e+04 -1.095259e-04
1.144500e+04 -1.145046e-04
1.144550e+04 -1.191795e-04
1.144600e+04 -1.235470e-04
1.144650e+04 -1.276024e-04
1.144700e+04 -1.313421e-04
1.144750e+04 -1.347616e-04
1.144800e+04 -1.378568e-04
1.144850e+04 -1.406229e-04
1.144900e+04 -1.430560e-04
1.144950e+04 -1.451510e-04
1.145000e+04 -1.469034e-04
1.145050e+04 -1.483090e-04
1.145100e+04 -1.493624e-04
1.145150e+04 -1.500591e-04
1.145200e+04 -1.503937e-04
1.145250e+04 -1.503615e-04
1.145300e+04 -1.499576e-04
1.145350e+04 -1.491758e-04
1.145400e+04 -1.480116e-04
1.145450e+04 -1.464596e-04
1.145500e+04 -1.445134e-04
1.145550e+04 -1.421680e-04
1.145600e+04 -1.394176e-04
1.145650e+04 -1.362562e-04
1.145700e+04 -1.326776e-04
1.145750e+04 -1.286760e-04
1.145800e+04 -1.242449e-04
1.145850e+04 -1.193781e-04
1.145900e+04 -1.140687e-04
1.145950e+04 -1.083108e-04
1.146000e+04 -1.020973e-04
1.146050e+04 -9.542122e-05
1.146100e+04 -8.827550e-05
1.146150e+04 -8.065300e-05
1.146200e+04 -7.254650e-05
1.146250e+04 -6.394855e-05
1.146300e+04 -5.485165e-05
1.146350e+04 -4.524774e-05
1.146400e+04 -3.512906e-05
1.146450e+04 -2.448726e-05
1.146500e+04 -1.331429e-05
1.146550e+04 -1.601794e-06
1.146600e+04 1.065914e-05
1.146650e+04 2.347715e-05
1.146700e+04 3.686144e-05
1.146750e+04 5.082093e-05
1.146800e+04 6.536512e-05
1.146850e+04 8.050380e-05
1.146900e+04 9.624645e-05
1.146950e+04 1.126034e-04
1.147000e+04 1.295848e-04
1.147050e+04 1.472010e-04
1.147100e+04 1.654629e-04
1.147150e+04 1.843814e-04
1.147200e+04 2.039677e-04
1.147250e+04 2.242335e-04
1.147300e+04 2.451904e-04
1.147350e+04 2.668500e-04
1.147400e+04 2.892252e-04
1.147450e+04 3.123281e-04
1.147500e+04 3.361717e-04
1.147550e+04 3.607695e-04
1.147600e+04 3.861344e-04
1.147650e+04 4.122805e-04
1.147700e+04 4.392220e-04
1.147750e+04 4.669733e-04
1.147800e+04 4.955494e-04
1.147850e+04 5.249650e-04
1.147900e+04 5.552363e-04
1.147950e+04 5.863789e-04
1.148000e+04 6.184090e-04
1.148050e+04 6.513437e-04
1.148100e+04 6.852001e-04
1.148150e+04 7.199957e-04
1.148200e+04 7.557487e-04
1.148250e+04 7.924774e-04
1.148300e+04 8.302011e-04
1.148350e+04 8.689392e-04
1.148400e+04 9.087117e-04
1.148450e+04 9.495392e-04
1.148500e+04 9.914428e-04
1.148550e+04 1.034444e-03
1.148600e+04 1.078566e-03
1.148650e+04 1.123829e-03
1.148700e+04 1.170260e-03
1.148750e+04 1.217881e-03
1.148800e+04 1.266717e-03
1.148850e+04 1.316794e-03
1.148900e+04 1.368138e-03
1.148950e+04 1.420775e-03
1.149000e+04 1.474734e-03
1.149050e+04 1.530043e-03
1.149100e+04 1.586731e-03
1.149150e+04 1.644829e-03
1.149200e+04 1.704368e-03
1.149250e+04 1.765379e-03
1.149300e+04 1.827895e-03
1.149350e+04 1.891950e-03
1.149400e+04 1.957580e-03
1.149450e+04 2.024820e-03
1.149500e+04 2.093707e-03
1.149550e+04 2.164280e-03
1.149600e+04 2.236577e-03
1.149650e+04 2.310640e-03
1.149700e+04 2.386511e-03
1.149750e+04 2.464232e-03
1.149800e+04 2.543849e-03
1.149850e+04 2.625407e-03
1.149900e+04 2.708954e-03
1.149950e+04 2.794539e-03
1.150000e+04 2.882213e-03
1.150050e+04 2.972028e-03
1.150100e+04 3.064039e-03
1.150150e+04 3.158301e-03
1.150200e+04 3.254873e-03
1.150250e+04 3.353815e-03
1.150300e+04 3.455188e-03
1.150350e+04 3.559057e-03
1.150400e+04 3.665488e-03
1.150450e+04 3.774551e-03
1.150500e+04 3.886316e-03
1.150550e+04 4.000857e-03
1.150600e+04 4.118252e-03
1.150650e+04 4.238579e-03
1.150700e+04 4.361921e-03
1.150750e+04 4.488363e-03
1.150800e+04 4.617995e-03
1.150850e+04 4.750909e-03
1.150900e+04 4.887199e-03
1.150950e+04 5.026967e-03
1.151000e+04 5.170315e-03
1.151050e+04 5.317350e-03
1.151100e+04 5.468185e-03
1.151150e+04 5.622936e-03
1.151200e+04 5.781724e-03
1.151250e+04 5.944675e-03
1.151300e+04 6.111921e-03
1.151350e+04 6.283599e-03
1.151400e+04 6.459852e-03
1.151450e+04 6.640829e-03
1.151500e+04 6.826685e-03
1.151550e+04 7.017583e-03
1.151600e+04 7.213692e-03
1.151650e+04 7.415190e-03
1.151700e+04 7.622261e-03
1.151750e+04 7.835101e-03
1.151800e+04 8.053912e-03
1.151850e+04 8.278906e-03
1.151900e+04 8.510306e-03
1.151950e+04 8.748345e-03
1.152000e+04 8.993269e-03
1.152050e+04 9.245333e-03
1.152100e+04 9.504807e-03
1.152150e+04 9.771975e-03
1.152200e+04 1.004713e-02
1.152250e+04 1.033060e-02
1.152300e+04 1.062270e-02
1.152350e+04 1.092377e-02
1.152400e+04 1.123420e-02
1.152450e+04 1.155436e-02
1.152500e+04 1.188465e-02
1.152550e+04 1.222552e-02
1.152600e+04 1.257741e-02
1.152650e+04 1.294080e-02
1.152700e+04 1.331620e-02
1.152750e+04 1.370416e-02
1.152800e+04 1.410523e-02
1.152850e+04 1.452003e-02
1.152900e+04 1.494919e-02
1.152950e+04 1.539341e-02
1.153000e+04 1.585341e-02
1.153050e+04 1.632995e-02
1.153100e+04 1.682387e-02
1.153150e+04 1.733604e-02
1.153200e+04 1.786740e-02
1.153250e+04 1.841895e-02
1.153300e+04 1.899177e-02
1.153350e+04 1.958701e-02
1.153400e+04 2.020589e-02
1.153450e+04 2.084974e-02
1.153500e+04 2.151998e-02
1.153550e+04 2.221814e-02
1.153600e+04 2.294587e-02
1.153650e+04 2.370494e-02
1.153700e+04 2.449729e-02
1.153750e+04 2.532497e-02
1.153800e+04 2.619026e-02
1.153850e+04 2.709559e-02
1.153900e+04 2.804362e-02
1.153950e+04 2.903724e-02
1.154000e+04 3.007960e-02
1.154050e+04 3.117416e-02
1.154100e+04 3.232467e-02
1.154150e+04 3.353529e-02
1.154200e+04 3.481055e-02
1.154250e+04 3.615545e-02
1.154300e+04 3.757551e-02
1.154350e+04 3.907684e-02
1.154400e+04 4.066620e-02
1.154450e+04 4.235112e-02
1.154500e+04 4.413996e-02
1.154550e+04 4.604209e-02
1.154600e+04 4.806799e-02
1.154650e+04 5.022942e-02
1.154700e+04 5.253966e-02
1.154750e+04 5.501371e-02
1.154800e+04 5.766859e-02
1.154850e+04 6.052367e-02
1.154900e+04 6.360112e-02
1.154950e+04 6.692631e-02
1.155000e+04 7.052855e-02
1.155050e+04 7.444170e-02
1.155100e+04 7.870517e-02
1.155150e+04 8.336498e-02
1.155200e+04 8.847521e-02
1.155250e+04 9.409972e-02
1.155300e+04 1.003144e-01
1.155350e+04 1.072099e-01
1.155400e+04 1.148954e-01
1.155410e+04 1.165385e-01
1.155420e+04 1.182195e-01
1.155430e+04 1.199398e-01
1.155440e+04 1.217005e-01
1.155450e+04 1.235031e-01
1.155460e+04 1.253489e-01
1.155470e+04 1.272394e-01
1.155480e+04 1.291761e-01
1.155490e+04 1.311606e-01
1.155500e+04 1.331944e-01
1.155510e+04 1.352794e-01
1.155520e+04 1.374173e-01
1.155530e+04 1.396100e-01
1.155540e+04 1.418594e-01
1.155550e+04 1.441677e-01
1.155560e+04 1.465368e-01
1.155570e+04 1.489691e-01
1.155580e+04 1.514669e-01
1.155590e+04 1.540326e-01
1.155600e+04 1.566688e-01
1.155610e+04 1.593782e-01
1.155620e+04 1.621635e-01
1.155630e+04 1.650277e-01
1.155640e+04 1.679738e-01
1.155650e+04 1.710051e-01
1.155660e+04 1.741250e-01
1.155670e+04 1.773370e-01
1.155680e+04 1.806448e-01
1.155690e+04 1.840524e-01
1.155700e+04 1.875637e-01
1.155710e+04 1.911832e-01
1.155720e+04 1.949153e-01
1.155730e+04 1.987648e-01
1.155740e+04 2.027367e-01
1.155750e+04 2.068362e-01
1.155760e+04 2.110688e-01
1.155770e+04 2.154404e-01
1.155780e+04 2.199570e-01
1.155790e+04 2.246252e-01
1.155800e+04 2.294515e-01
1.155810e+04 2.344433e-01
1.155820e+04 2.396079e-01
1.155830e+04 2.449533e-01
1.155840e+04 2.504878e-01
1.155850e+04 2.562200e-01
1.155860e+04 2.621594e-01
1.155870e+04 2.683155e-01
1.155880e+04 2.746985e-01
1.155890e+04 2.813193e-01
1.155900e+04 2.881892e-01
1.155910e+04 2.953200e-01
1.155920e+04 3.027243e-01
1.155930e+04 3.104153e-01
1.155940e+04 3.184068e-01
1.155950e+04 3.267134e-01
1.155960e+04 3.353502e-01
1.155970e+04 3.443332e-01
1.155980e+04 3.536791e-01
1.155990e+04 3.634055e-01
1.156000e+04 3.735303e-01
1.156010e+04 3.840727e-01
1.156020e+04 3.950523e-01
1.156030e+04 4.064895e-01
1.156040e+04 4.184053e-01
1.156050e+04 4.308214e-01
1.156060e+04 4.437598e-01
1.156070e+04 4.572433e-01
1.156080e+04 4.712945e-01
1.156090e+04 4.859365e-01
1.156100e+04 5.011920e-01
1.156110e+04 5.170835e-01
1.156120e+04 5.336326e-01
1.156130e+04 5.508600e-01
1.156140e+04 5.687848e-01
1.156150e+04 5.874240e-01
1.156160e+04 6.067921e-01
1.156170e+04 6.268999e-01
1.156180e+04 6.477545e-01
1.156190e+04 6.693576e-01
1.156200e+04 6.917052e-01
1.156210e+04 7.147862e-01
1.156220e+04 7.385812e-01
1.156230e+04 7.630617e-01
1.156240e+04 7.881889e-01
1.156250e+04 8.139123e-01
1.156260e+04 8.401688e-01
1.156270e+04 8.668821e-01
1.156280e+04 8.939617e-01
1.156290e+04 9.213030e-01
1.156300e+04 9.487870e-01
1.156310e+04 9.762813e-01
1.156320e+04 1.003641e+00
1.156330e+04 1.030710e+00
1.156340e+04 1.057326e+00
1.156350e+04 1.083318e+00
1.156360e+04 1.108516e+00
1.156370e+04 1.132751e+00
1.156380e+04 1.155861e+00
1.156390e+04 1.177694e+00
1.156400e+04 1.198113e+00
1.156410e+04 1.216979e+00
1.156420e+04 1.234173e+00
1.156430e+04 1.249617e+00
1.156440e+04 1.263259e+00
1.156450e+04 1.275073e+00
1.156460e+04 1.285059e+00
1.156470e+04 1.293240e+00
1.156480e+04 1.299661e+00
1.156490e+04 1.304386e+00
1.156500e+04 1.307492e+00
1.156510e+04 1.309072e+00
1.156520e+04 1.309224e+00
1.156530e+04 1.308055e+00
1.156540e+04 1.305675e+00
1.156550e+04 1.302192e+00
1.156560e+04 1.297718e+00
1.156570e+04 1.292358e+00
1.156580e+04 1.286218e+00
1.156590e+04 1.279397e+00
1.156600e+04 1.271990e+00
1.156610e+04 1.264087e+00
1.156620e+04 1.255774e+00
1.156630e+04 1.247130e+00
1.156640e+04 1.238229e+00
1.156650e+04 1.229140e+00
1.156660e+04 1.219929e+00
1.156670e+04 1.210653e+00
1.156680e+04 1.201367e+00
1.156690e+04 1.192120e+00
1.156700e+04 1.182957e+00
1.156710e+04 1.173919e+00
1.156720e+04 1.165040e+00
1.156730e+04 1.156354e+00
1.156740e+04 1.147887e+00
1.156750e+04 1.139663e+00
1.156760e+04 1.131701e+00
1.156770e+04 1.124020e+00
1.156780e+04 1.116630e+00
1.156790e+04 1.109543e+00
1.156800e+04 1.102764e+00
1.156810e+04 1.096297e+00
1.156820e+04 1.090143e+00
1.156830e+04 1.084301e+00
1.156840e+04 1.078765e+00
1.156850e+04 1.073530e+00
1.156860e+04 1.068586e+00
1.156870e+04 1.063923e+00
1.156880e+04 1.059528e+00
1.156890e+04 1.055386e+00
1.156900e+04 1.051483e+00
1.156910e+04 1.047801e+00
1.156920e+04 1.044321e+00
1.156930e+04 1.041026e+00
1.156940e+04 1.037896e+00
1.156950e+04 1.034910e+00
1.156960e+04 1.032051e+00
1.156970e+04 1.029299e+00
1.156980e+04 1.026636e+00
1.156990e+04 1.024045e+00
1.157000e+04 1.021510e+00
1.157010e+04 1.019019e+00
1.157020e+04 1.016559e+00
1.157030e+04 1.014122e+00
1.157040e+04 1.011699e+00
1.157050e+04 1.009287e+00
1.157060e+04 1.006884e+00
1.157070e+04 1.004490e+00
1.157080e+04 1.002108e+00
1.157090e+04 9.997435e-01
1.157100e+04 9.974032e-01
1.157110e+04 9.950960e-01
1.157120e+04 9.928323e-01
1.157130e+04 9.906235e-01
1.157140e+04 9.884819e-01
1.157150e+04 9.864200e-01
1.157160e+04 9.844508e-01
1.157170e+04 9.825867e-01
1.157180e+04 9.808400e-01
1.157190e+04 9.792222e-01
1.157200e+04 9.777437e-01
1.157210e+04 9.764139e-01
1.157220e+04 9.752409e-01
1.157230e+04 9.742315e-01
1.157240e+04 9.733907e-01
1.157250e+04 9.727223e-01
1.157260e+04 9.722282e-01
1.157270e+04 9.719088e-01
1.157280e+04 9.717630e-01
1.157290e+04 9.717880e-01
1.157300e+04 9.719796e-01
1.157310e+04 9.723321e-01
1.157320e+04 9.728385e-01
1.157330e+04 9.734905e-01
1.157340e+04 9.742789e-01
1.157350e+04 9.751932e-01
1.157360e+04 9.762221e-01
1.157370e+04 9.773538e-01
1.157380e+04 9.785757e-01
1.157390e+04 9.798746e-01
1.157400e+04 9.812374e-01
1.157410e+04 9.826506e-01
1.157420e+04 9.841004e-01
1.157430e+04 9.855736e-01
1.157440e+04 9.870567e-01
1.157450e+04 9.885369e-01
1.157460e+04 9.900016e-01
1.157470e+04 9.914387e-01
1.157480e+04 9.928367e-01
1.157490e+04 9.941847e-01
1.157500e+04 9.954726e-01
1.157510e+04 9.966907e-01
1.157520e+04 9.978303e-01
1.157530e+04 9.988834e-01
1.157540e+04 9.998429e-01
1.157550e+04 1.000702e+00
1.157560e+04 1.001455e+00
1.157570e+04 1.002098e+00
1.157580e+04 1.002626e+00
1.157590e+04 1.003035e+00
1.157600e+04 1.003322e+00
1.157610e+04 1.003487e+00
1.157620e+04 1.003526e+00
1.157630e+04 1.003441e+00
1.157640e+04 1.003229e+00
1.157650e+04 1.002893e+00
1.157660e+04 1.002433e+00
1.157670e+04 1.001850e+00
1.157680e+04 1.001147e+00
1.157690e+04 1.000326e+00
1.157700e+04 9.993906e-01
1.157710e+04 9.983447e-01
1.157720e+04 9.971921e-01
1.157730e+04 9.959373e-01
1.157740e+04 9.945852e-01
1.157750e+04 9.931411e-01
1.157760e+04 9.916106e-01
1.157770e+04 9.899995e-01
1.157780e+04 9.883139e-01
1.157790e+04 9.865604e-01
1.157800e+04 9.847452e-01
1.157810e+04 9.828752e-01
1.157820e+04 9.809570e-01
1.157830e+04 9.789975e-01
1.157840e+04 9.770034e-01
1.157850e+04 9.749816e-01
1.157860e+04 9.729388e-01
1.157870e+04 9.708814e-01
1.157880e+04 9.688160e-01
1.157890e+04 9.667487e-01
1.157900e+04 9.646856e-01
1.157910e+04 9.626324e-01
1.157920e+04 9.605946e-01
1.157930e+04 9.585774e-01
1.157940e+04 9.565855e-01
1.157950e+04 9.546237e-01
1.157960e+04 9.526960e-01
1.157970e+04 9.508063e-01
1.157980e+04 9.489581e-01
1.157990e+04 9.471545e-01
1.158000e+04 9.453983e-01
1.158010e+04 9.436920e-01
1.158020e+04 9.420377e-01
1.158030e+04 9.404372e-01
1.158040e+04 9.388919e-01
1.158050e+04 9.374032e-01
1.158060e+04 9.359719e-01
1.158070e+04 9.345988e-01
1.158080e+04 9.332842e-01
1.158090e+04 9.320285e-01
1.158100e+04 9.308317e-01
1.158110e+04 9.296936e-01
1.158120e+04 9.286139e-01
1.158130e+04 9.275923e-01
1.158140e+04 9.266281e-01
1.158150e+04 9.257207e-01
1.158160e+04 9.248694e-01
1.158170e+04 9.240733e-01
1.158180e+04 9.233315e-01
1.158190e+04 9.226430e-01
1.158200e+04 9.220070e-01
1.158210e+04 9.214224e-01
1.158220e+04 9.208880e-01
1.158230e+04 9.204029e-01
1.158240e+04 9.199660e-01
1.158250e+04 9.195763e-01
1.158260e+04 9.192325e-01
1.158270e+04 9.189337e-01
1.158280e+04 9.186788e-01
1.158290e+04 9.184668e-01
1.158300e+04 9.182965e-01
1.158310e+04 9.181669e-01
1.158320e+04 9.180771e-01
1.158330e+04 9.180259e-01
1.158340e+04 9.180125e-01
1.158350e+04 9.180358e-01
1.158360e+04 9.180948e-01
1.158370e+04 9.181886e-01
1.158380e+04 9.183163e-01
1.158390e+04 9.184768e-01
1.158400e+04 9.186694e-01
1.158410e+04 9.188930e-01
1.158420e+04 9.191468e-01
1.158430e+04 9.194299e-01
1.158440e+04 9.197413e-01
1.158450e+04 9.200803e-01
1.158460e+04 9.204459e-01
1.158470e+04 9.208373e-01
1.158480e+04 9.212537e-01
1.158490e+04 9.216941e-01
1.158500e+04 9.221578e-01
1.158510e+04 9.226439e-01
1.158520e+04 9.231515e-01
1.158530e+04 9.236799e-01
1.158540e+04 9.242281e-01
1.158550e+04 9.247954e-01
1.158560e+04 9.253809e-01
1.158570e+04 9.259838e-01
1.158580e+04 9.266033e-01
1.158590e+04 9.272385e-01
1.158600e+04 9.278887e-01
1.158610e+04 9.285529e-01
1.158620e+04 9.292303e-01
1.158630e+04 9.299202e-01
1.158640e+04 9.306217e-01
1.158650e+04 9.313339e-01
1.158660e+04 9.320561e-01
1.158670e+04 9.327874e-01
1.158680e+04 9.335269e-01
1.158690e+04 9.342739e-01
1.158700e+04 9.350276e-01
1.158710e+04 9.357870e-01
1.158720e+04 9.365515e-01
1.158730e+04 9.373201e-01
1.158740e+04 9.380920e-01
1.158750e+04 9.388665e-01
1.158760e+04 9.396427e-01
1.158770e+04 9.404199e-01
1.158780e+04 9.411972e-01
1.158790e+04 9.419738e-01
1.158800e+04 9.427490e-01
1.158810e+04 9.435219e-01
1.158820e+04 9.442919e-01
1.158830e+04 9.450582e-01
1.158840e+04 9.458200e-01
1.158850e+04 9.465767e-01
1.158860e+04 9.473275e-01
1.158870e+04 9.480716e-01
1.158880e+04 9.488085e-01
1.158890e+04 9.495376e-01
1.158900e+04 9.502580e-01
1.158910e+04 9.509693e-01
1.158920e+04 9.516708e-01
1.158930e+04 9.523619e-01
1.158940e+04 9.530422e-01
1.158950e+04 9.537109e-01
1.158960e+04 9.543678e-01
1.158970e+04 9.550123e-01
1.158980e+04 9.556439e-01
1.158990e+04 9.562622e-01
1.159000e+04 9.568668e-01
1.159010e+04 9.574573e-01
1.159020e+04 9.580335e-01
1.159030e+04 9.585950e-01
1.159040e+04 9.591415e-01
1.159050e+04 9.596728e-01
1.159060e+04 9.601887e-01
1.159070e+04 9.606890e-01
1.159080e+04 9.611734e-01
1.159090e+04 9.616420e-01
1.159100e+04 9.620946e-01
1.159110e+04 9.625312e-01
1.159120e+04 9.629517e-01
1.159130e+04 9.633560e-01
1.159140e+04 9.637444e-01
1.159150e+04 9.641167e-01
1.159160e+04 9.644731e-01
1.159170e+04 9.648136e-01
1.159180e+04 9.651385e-01
1.159190e+04 9.654479e-01
1.159200e+04 9.657419e-01
1.159210e+04 9.660207e-01
1.159220e+04 9.662847e-01
1.159230e+04 9.665339e-01
1.159240e+04 9.667688e-01
1.159250e+04 9.669895e-01
1.159260e+04 9.671965e-01
1.159270e+04 9.673899e-01
1.159280e+04 9.675702e-01
1.159290e+04 9.677376e-01
1.159300e+04 9.678926e-01
1.159310e+04 9.680355e-01
1.159320e+04 9.681667e-01
1.159330e+04 9.682865e-01
1.159340e+04 9.683955e-01
1.159350e+04 9.684938e-01
1.159360e+04 9.685821e-01
1.159370e+04 9.686606e-01
1.159380e+04 9.687298e-01
1.159390e+04 9.687901e-01
1.159400e+04 9.688419e-01
1.159450e+04 9.689877e-01
1.159500e+04 9.689810e-01
1.159550e+04 9.688677e-01
1.159600e+04 9.686879e-01
1.159650e+04 9.684749e-01
1.159700e+04 9.682549e-01
1.159750e+04 9.680470e-01
1.159800e+04 9.678644e-01
1.159850e+04 9.677158e-01
1.159900e+04 9.676075e-01
1.159950e+04 9.675446e-01
1.160000e+04 9.675336e-01
1.160050e+04 9.675832e-01
1.160100e+04 9.677058e-01
1.160150e+04 9.679174e-01
1.160200e+04 9.682377e-01
1.160250e+04 9.686890e-01
1.160300e+04 9.692951e-01
1.160350e+04 9.700795e-01
1.160400e+04 9.710643e-01
1.160450e+04 9.722681e-01
1.160500e+04 9.737054e-01
1.160550e+04 9.753852e-01
1.160600e+04 9.773108e-01
1.160650e+04 9.794795e-01
1.160700e+04 9.818826e-01
1.160750e+04 9.845060e-01
1.160800e+04 9.873308e-01
1.160850e+04 9.903335e-01
1.160900e+04 9.934867e-01
1.160950e+04 9.967603e-01
1.161000e+04 1.000121e+00
1.161050e+04 1.003535e+00
1.161100e+04 1.006965e+00
1.161150e+04 1.010375e+00
1.161200e+04 1.013729e+00
1.161250e+04 1.016990e+00
1.161300e+04 1.020124e+00
1.161350e+04 1.023099e+00
1.161400e+04 1.025888e+00
1.161450e+04 1.028466e+00
1.161500e+04 1.030815e+00
1.161550e+04 1.032920e+00
1.161600e+04 1.034775e+00
1.161650e+04 1.036379e+00
1.161700e+04 1.037734e+00
1.161750e+04 1.038851e+00
1.161800e+04 1.039742e+00
1.161850e+04 1.040424e+00
1.161900e+04 1.040915e+00
1.161950e+04 1.041233e+00
1.162000e+04 1.041397e+00
1.162050e+04 1.041427e+00
1.162100e+04 1.041337e+00
1.162150e+04 1.041144e+00
1.162200e+04 1.040861e+00
1.162250e+04 1.040499e+00
1.162300e+04 1.040069e+00
1.162350e+04 1.039579e+00
1.162400e+04 1.039036e+00
1.162500e+04 1.037807e+00
1.162600e+04 1.036407e+00
1.162700e+04 1.034837e+00
1.162800e+04 1.033078e+00
1.162900e+04 1.031097e+00
1.163000e+04 1.028856e+00
1.163100e+04 1.026322e+00
1.163200e+04 1.023482e+00
1.163300e+04 1.020347e+00
1.163400e+04 1.016961e+00
1.163500e+04 1.013398e+00
1.163600e+04 1.009758e+00
1.163700e+04 1.006158e+00
1.163800e+04 1.002725e+00
1.163900e+04 9.995801e-01
1.164000e+04 9.968370e-01
1.164100e+04 9.945924e-01
1.164200e+04 9.929228e-01
1.164300e+04 9.918830e-01
1.164400e+04 9.915051e-01
1.164500e+04 9.918002e-01
1.164600e+04 9.927586e-01
1.164700e+04 9.943511e-01
1.164800e+04 9.965284e-01
1.164900e+04 9.992199e-01
1.165000e+04 1.002334e+00
1.165100e+04 1.005760e+00
1.165200e+04 1.009369e+00
1.165300e+04 1.013020e+00
1.165400e+04 1.016568e+00
1.165500e+04 1.019872e+00
1.165600e+04 1.022805e+00
1.165700e+04 1.025265e+00
1.165800e+04 1.027184e+00
1.165900e+04 1.028536e+00
1.166000e+04 1.029332e+00
1.166100e+04 1.029623e+00
1.166200e+04 1.029487e+00
1.166300e+04 1.029012e+00
1.166400e+04 1.028291e+00
1.166500e+04 1.027405e+00
1.166600e+04 1.026421e+00
1.166700e+04 1.025384e+00
1.166800e+04 1.024329e+00
1.166900e+04 1.023275e+00
1.167000e+04 1.022242e+00
1.167100e+04 1.021246e+00
1.167200e+04 1.020310e+00
1.167300e+04 1.019458e+00
1.167400e+04 1.018721e+00
1.167500e+04 1.018130e+00
1.167600e+04 1.017710e+00
1.167700e+04 1.017482e+00
1.167800e+04 1.017448e+00
1.167900e+04 1.017596e+00
1.168000e+04 1.017890e+00
1.168100e+04 1.018272e+00
1.168200e+04 1.018664e+00
1.168300e+04 1.018970e+00
1.168400e+04 1.019083e+00
1.168500e+04 1.018897e+00
1.168600e+04 1.018310e+00
1.168700e+04 1.017241e+00
1.168800e+04 1.015634e+00
1.168900e+04 1.013466e+00
1.169000e+04 1.010748e+00
1.169100e+04 1.007531e+00
1.169200e+04 1.003895e+00
1.169300e+04 9.999487e-01
1.169400e+04 9.958199e-01
1.169500e+04 9.916441e-01
1.169600e+04 9.875574e-01
1.169700e+04 9.836877e-01
1.169800e+04 9.801482e-01
1.169900e+04 9.770332e-01
1.170000e+04 9.744150e-01
1.170100e+04 9.723434e-01
1.170200e+04 9.708461e-01
1.170300e+04 9.699308e-01
1.170400e+04 9.695869e-01
1.170500e+04 9.697890e-01
1.170600e+04 9.704993e-01
1.170700e+04 9.716701e-01
1.170800e+04 9.732469e-01
1.170900e+04 9.751695e-01
1.171000e+04 9.773748e-01
1.171100e+04 9.797981e-01
1.171200e+04 9.823752e-01
1.171300e+04 9.850438e-01
1.171400e+04 9.877457e-01
1.171500e+04 9.904278e-01
1.171600e+04 9.930437e-01
1.171700e+04 9.955541e-01
1.171800e+04 9.979267e-01
1.171900e+04 1.000136e+00
1.172000e+04 1.002162e+00
1.172100e+04 1.003989e+00
1.172200e+04 1.005603e+00
1.172300e+04 1.006993e+00
1.172400e+04 1.008148e+00
1.172500e+04 1.009061e+00
1.172600e+04 1.009726e+00
1.172700e+04 1.010143e+00
1.172800e+04 1.010318e+00
1.172900e+04 1.010264e+00
1.173000e+04 1.010006e+00
1.173100e+04 1.009576e+00
1.173200e+04 1.009018e+00
1.173300e+04 1.008382e+00
1.173400e+04 1.007729e+00
1.173500e+04 1.007124e+00
1.173600e+04 1.006633e+00
1.173700e+04 1.006319e+00
1.173800e+04 1.006237e+00
1.173900e+04 1.006430e+00
1.174000e+04 1.006922e+00
1.174100e+04 1.007716e+00
1.174200e+04 1.008789e+00
1.174300e+04 1.010092e+00
1.174400e+04 1.011549e+00
1.174500e+04 1.013064e+00
1.174600e+04 1.014519e+00
1.174700e+04 1.015789e+00
1.174800e+04 1.016747e+00
1.174900e+04 1.017273e+00
1.175000e+04 1.017267e+00
1.175100e+04 1.016651e+00
1.175200e+04 1.015382e+00
1.175300e+04 1.013451e+00
1.175400e+04 1.010884e+00
1.175500e+04 1.007742e+00
1.175600e+04 1.004111e+00
1.175700e+04 1.000099e+00
1.175800e+04 9.958281e-01
1.175900e+04 9.914229e-01
1.176000e+04 9.870058e-01
1.176100e+04 9.826899e-01
1.176200e+04 9.785751e-01
1.176300e+04 9.747450e-01
1.176400e+04 9.712663e-01
1.176500e+04 9.681892e-01
1.176600e+04 9.655478e-01
1.176700e+04 9.633621e-01
1.176800e+04 9.616392e-01
1.176900e+04 9.603747e-01
1.177000e+04 9.595535e-01
1.177100e+04 9.591510e-01
1.177200e+04 9.591338e-01
1.177300e+04 9.594606e-01
1.177400e+04 9.600842e-01
1.177500e+04 9.609527e-01
1.177600e+04 9.620119e-01
1.177700e+04 9.632070e-01
1.177800e+04 9.644846e-01
1.177900e+04 9.657943e-01
1.178000e+04 9.670909e-01
1.178100e+04 9.683363e-01
1.178200e+04 9.695025e-01
1.178300e+04 9.705758e-01
1.178400e+04 9.715604e-01
1.178500e+04 9.724814e-01
1.178600e+04 9.733847e-01
1.178700e+04 9.743328e-01
1.178800e+04 9.753974e-01
1.178900e+04 9.766510e-01
1.179000e+04 9.781572e-01
1.179100e+04 9.799647e-01
1.179200e+04 9.821026e-01
1.179300e+04 9.845799e-01
1.179400e+04 9.873864e-01
1.179500e+04 9.904960e-01
1.179600e+04 9.938705e-01
1.179700e+04 9.974637e-01
1.179800e+04 1.001225e+00
1.179900e+04 1.005102e+00
1.180000e+04 1.009042e+00
1.180100e+04 1.012995e+00
1.180200e+04 1.016914e+00
1.180300e+04 1.020756e+00
1.180400e+04 1.024483e+00
1.180500e+04 1.028061e+00
1.180600e+04 1.031463e+00
1.180700e+04 1.034668e+00
1.180800e+04 1.037664e+00
1.180900e+04 1.040442e+00
1.181000e+04 1.043001e+00
1.181100e+04 1.045348e+00
1.181200e+04 1.047489e+00
1.181300e+04 1.049439e+00
1.181400e+04 1.051211e+00
