 11564.000   78  2  3  2.3455774E-02 -9.8236436E+00  0.0000000E+00  1  1  1.1435663E+04  1.5327454E+01  0.0000000E+00  4.7160101E-01  1.0000000E+00  0.0000000E+00  = E_edge, Z, n_edge, j_edge, Abs_before_edge, VO_interstitial, E_cut, ninit, ninit1, Epsii, UnitCell_Volume, Surface_ref, f0_forward, natomsym_f, abs_u_iso
    Energy    <xanes>    
  11414.00  2.5510201E-27
  11414.50  0.0000000E+00
  11415.00  0.0000000E+00
  11415.50  0.0000000E+00
  11416.00  0.0000000E+00
  11416.50  0.0000000E+00
  11417.00  0.0000000E+00
  11417.50  0.0000000E+00
  11418.00  0.0000000E+00
  11418.50  0.0000000E+00
  11419.00  0.0000000E+00
  11419.50  0.0000000E+00
  11420.00  0.0000000E+00
  11420.50  0.0000000E+00
  11421.00  0.0000000E+00
  11421.50  0.0000000E+00
  11422.00  0.0000000E+00
  11422.50  0.0000000E+00
  11423.00  0.0000000E+00
  11423.50  0.0000000E+00
  11424.00  0.0000000E+00
  11424.50  0.0000000E+00
  11425.00  0.0000000E+00
  11425.50  0.0000000E+00
  11426.00  0.0000000E+00
  11426.50  0.0000000E+00
  11427.00  0.0000000E+00
  11427.50  0.0000000E+00
  11428.00  0.0000000E+00
  11428.50  0.0000000E+00
  11429.00  0.0000000E+00
  11429.50  0.0000000E+00
  11430.00  2.8997153E-27
  11430.50  0.0000000E+00
  11431.00  0.0000000E+00
  11431.50  0.0000000E+00
  11432.00  0.0000000E+00
  11432.50  0.0000000E+00
  11433.00  0.0000000E+00
  11433.50  0.0000000E+00
  11434.00  0.0000000E+00
  11434.50  0.0000000E+00
  11435.00  0.0000000E+00
  11435.50  0.0000000E+00
  11436.00  0.0000000E+00
  11436.50  0.0000000E+00
  11437.00  0.0000000E+00
  11437.50  0.0000000E+00
  11438.00  0.0000000E+00
  11438.50  0.0000000E+00
  11439.00  0.0000000E+00
  11439.50  0.0000000E+00
  11440.00  0.0000000E+00
  11440.50  0.0000000E+00
  11441.00  0.0000000E+00
  11441.50  0.0000000E+00
  11442.00  0.0000000E+00
  11442.50  0.0000000E+00
  11443.00  0.0000000E+00
  11443.50  0.0000000E+00
  11444.00  0.0000000E+00
  11444.50  0.0000000E+00
  11445.00  0.0000000E+00
  11445.50  0.0000000E+00
  11446.00  3.3440715E-27
  11446.50  0.0000000E+00
  11447.00  0.0000000E+00
  11447.50  0.0000000E+00
  11448.00  0.0000000E+00
  11448.50  0.0000000E+00
  11449.00  0.0000000E+00
  11449.50  0.0000000E+00
  11450.00  0.0000000E+00
  11450.50  0.0000000E+00
  11451.00  0.0000000E+00
  11451.50  0.0000000E+00
  11452.00  0.0000000E+00
  11452.50  0.0000000E+00
  11453.00  0.0000000E+00
  11453.50  0.0000000E+00
  11454.00  0.0000000E+00
  11454.50  0.0000000E+00
  11455.00  0.0000000E+00
  11455.50  0.0000000E+00
  11456.00  0.0000000E+00
  11456.50  0.0000000E+00
  11457.00  0.0000000E+00
  11457.50  0.0000000E+00
  11458.00  0.0000000E+00
  11458.50  0.0000000E+00
  11459.00  0.0000000E+00
  11459.50  0.0000000E+00
  11460.00  0.0000000E+00
  11460.50  0.0000000E+00
  11461.00  0.0000000E+00
  11461.50  0.0000000E+00
  11462.00  3.9306260E-27
  11462.50  0.0000000E+00
  11463.00  0.0000000E+00
  11463.50  0.0000000E+00
  11464.00  0.0000000E+00
  11464.50  0.0000000E+00
  11465.00  0.0000000E+00
  11465.50  0.0000000E+00
  11466.00  0.0000000E+00
  11466.50  0.0000000E+00
  11467.00  0.0000000E+00
  11467.50  0.0000000E+00
  11468.00  0.0000000E+00
  11468.50  0.0000000E+00
  11469.00  0.0000000E+00
  11469.50  0.0000000E+00
  11470.00  0.0000000E+00
  11470.50  0.0000000E+00
  11471.00  0.0000000E+00
  11471.50  0.0000000E+00
  11472.00  0.0000000E+00
  11472.50  0.0000000E+00
  11473.00  0.0000000E+00
  11473.50  0.0000000E+00
  11474.00  0.0000000E+00
  11474.50  0.0000000E+00
  11475.00  0.0000000E+00
  11475.50  0.0000000E+00
  11476.00  0.0000000E+00
  11476.50  0.0000000E+00
  11477.00  0.0000000E+00
  11477.50  0.0000000E+00
  11478.00  4.7288411E-27
  11478.50  0.0000000E+00
  11479.00  0.0000000E+00
  11479.50  0.0000000E+00
  11480.00  0.0000000E+00
  11480.50  0.0000000E+00
  11481.00  0.0000000E+00
  11481.50  0.0000000E+00
  11482.00  0.0000000E+00
  11482.50  0.0000000E+00
  11483.00  0.0000000E+00
  11483.50  0.0000000E+00
  11484.00  0.0000000E+00
  11484.50  0.0000000E+00
  11485.00  0.0000000E+00
  11485.50  0.0000000E+00
  11486.00  0.0000000E+00
  11486.50  0.0000000E+00
  11487.00  0.0000000E+00
  11487.50  0.0000000E+00
  11488.00  0.0000000E+00
  11488.50  0.0000000E+00
  11489.00  0.0000000E+00
  11489.50  0.0000000E+00
  11490.00  0.0000000E+00
  11490.50  0.0000000E+00
  11491.00  0.0000000E+00
  11491.50  0.0000000E+00
  11492.00  0.0000000E+00
  11492.50  0.0000000E+00
  11493.00  0.0000000E+00
  11493.50  0.0000000E+00
  11494.00  5.8785007E-27
  11494.50  0.0000000E+00
  11495.00  0.0000000E+00
  11495.50  0.0000000E+00
  11496.00  0.0000000E+00
  11496.50  0.0000000E+00
  11497.00  0.0000000E+00
  11497.50  0.0000000E+00
  11498.00  0.0000000E+00
  11498.50  0.0000000E+00
  11499.00  0.0000000E+00
  11499.50  0.0000000E+00
  11500.00  0.0000000E+00
  11500.50  0.0000000E+00
  11501.00  0.0000000E+00
  11501.50  0.0000000E+00
  11502.00  0.0000000E+00
  11502.50  0.0000000E+00
  11503.00  0.0000000E+00
  11503.50  0.0000000E+00
  11504.00  0.0000000E+00
  11504.50  0.0000000E+00
  11505.00  0.0000000E+00
  11505.50  0.0000000E+00
  11506.00  0.0000000E+00
  11506.50  0.0000000E+00
  11507.00  0.0000000E+00
  11507.50  0.0000000E+00
  11508.00  0.0000000E+00
  11508.50  0.0000000E+00
  11509.00  0.0000000E+00
  11509.50  0.0000000E+00
  11510.00  7.7022510E-27
  11510.50  0.0000000E+00
  11511.00  0.0000000E+00
  11511.50  0.0000000E+00
  11512.00  0.0000000E+00
  11512.50  0.0000000E+00
  11513.00  0.0000000E+00
  11513.50  0.0000000E+00
  11514.00  0.0000000E+00
  11514.50  0.0000000E+00
  11515.00  0.0000000E+00
  11515.50  0.0000000E+00
  11516.00  0.0000000E+00
  11516.50  0.0000000E+00
  11517.00  0.0000000E+00
  11517.50  0.0000000E+00
  11518.00  0.0000000E+00
  11518.50  0.0000000E+00
  11519.00  0.0000000E+00
  11519.50  0.0000000E+00
  11520.00  0.0000000E+00
  11520.50  0.0000000E+00
  11521.00  0.0000000E+00
  11521.50  0.0000000E+00
  11522.00  0.0000000E+00
  11522.50  0.0000000E+00
  11523.00  0.0000000E+00
  11523.50  0.0000000E+00
  11524.00  0.0000000E+00
  11524.50  0.0000000E+00
  11525.00  0.0000000E+00
  11525.50  0.0000000E+00
  11526.00  1.1015144E-26
  11526.50  0.0000000E+00
  11527.00  0.0000000E+00
  11527.50  0.0000000E+00
  11528.00  0.0000000E+00
  11528.50  0.0000000E+00
  11529.00  0.0000000E+00
  11529.50  0.0000000E+00
  11530.00  0.0000000E+00
  11530.50  0.0000000E+00
  11531.00  0.0000000E+00
  11531.50  0.0000000E+00
  11532.00  0.0000000E+00
  11532.50  0.0000000E+00
  11533.00  0.0000000E+00
  11533.50  0.0000000E+00
  11534.00  0.0000000E+00
  11534.50  0.0000000E+00
  11535.00  0.0000000E+00
  11535.50  0.0000000E+00
  11536.00  0.0000000E+00
  11536.50  0.0000000E+00
  11537.00  0.0000000E+00
  11537.50  0.0000000E+00
  11538.00  0.0000000E+00
  11538.50  0.0000000E+00
  11539.00  0.0000000E+00
  11539.50  0.0000000E+00
  11540.00  0.0000000E+00
  11540.50  0.0000000E+00
  11541.00  0.0000000E+00
  11541.50  0.0000000E+00
  11542.00  1.8931290E-26
  11542.50  0.0000000E+00
  11543.00  0.0000000E+00
  11543.50  0.0000000E+00
  11544.00  0.0000000E+00
  11544.50  0.0000000E+00
  11545.00  0.0000000E+00
  11545.50  0.0000000E+00
  11546.00  0.0000000E+00
  11546.50  0.0000000E+00
  11547.00  0.0000000E+00
  11547.50  0.0000000E+00
  11548.00  0.0000000E+00
  11548.50  0.0000000E+00
  11549.00  0.0000000E+00
  11549.50  0.0000000E+00
  11550.00  0.0000000E+00
  11550.50  0.0000000E+00
  11551.00  0.0000000E+00
  11551.50  0.0000000E+00
  11552.00  0.0000000E+00
  11552.50  0.0000000E+00
  11553.00  0.0000000E+00
  11553.50  0.0000000E+00
  11554.00  0.0000000E+00
  11554.10  0.0000000E+00
  11554.20  0.0000000E+00
  11554.30  0.0000000E+00
  11554.40  0.0000000E+00
  11554.50  0.0000000E+00
  11554.60  0.0000000E+00
  11554.70  0.0000000E+00
  11554.80  4.4151896E-26
  11554.90  0.0000000E+00
  11555.00  0.0000000E+00
  11555.10  0.0000000E+00
  11555.20  0.0000000E+00
  11555.30  0.0000000E+00
  11555.40  0.0000000E+00
  11555.50  0.0000000E+00
  11555.60  0.0000000E+00
  11555.70  0.0000000E+00
  11555.80  0.0000000E+00
  11555.90  0.0000000E+00
  11556.00  0.0000000E+00
  11556.10  0.0000000E+00
  11556.20  0.0000000E+00
  11556.30  0.0000000E+00
  11556.40  0.0000000E+00
  11556.50  0.0000000E+00
  11556.60  0.0000000E+00
  11556.70  0.0000000E+00
  11556.80  0.0000000E+00
  11556.90  0.0000000E+00
  11557.00  0.0000000E+00
  11557.10  0.0000000E+00
  11557.20  0.0000000E+00
  11557.30  0.0000000E+00
  11557.40  0.0000000E+00
  11557.50  0.0000000E+00
  11557.60  0.0000000E+00
  11557.70  0.0000000E+00
  11557.80  0.0000000E+00
  11557.90  0.0000000E+00
  11558.00  6.6464835E-26
  11558.10  0.0000000E+00
  11558.20  0.0000000E+00
  11558.30  0.0000000E+00
  11558.40  0.0000000E+00
  11558.50  0.0000000E+00
  11558.60  0.0000000E+00
  11558.70  0.0000000E+00
  11558.80  0.0000000E+00
  11558.90  0.0000000E+00
  11559.00  0.0000000E+00
  11559.10  0.0000000E+00
  11559.20  0.0000000E+00
  11559.30  0.0000000E+00
  11559.40  0.0000000E+00
  11559.50  0.0000000E+00
  11559.60  0.0000000E+00
  11559.70  0.0000000E+00
  11559.80  0.0000000E+00
  11559.90  0.0000000E+00
  11560.00  0.0000000E+00
  11560.10  0.0000000E+00
  11560.20  0.0000000E+00
  11560.30  0.0000000E+00
  11560.40  0.0000000E+00
  11560.50  0.0000000E+00
  11560.60  0.0000000E+00
  11560.70  0.0000000E+00
  11560.80  0.0000000E+00
  11560.90  0.0000000E+00
  11561.00  0.0000000E+00
  11561.10  0.0000000E+00
  11561.20  1.3630939E-25
  11561.30  0.0000000E+00
  11561.40  0.0000000E+00
  11561.50  0.0000000E+00
  11561.60  0.0000000E+00
  11561.70  0.0000000E+00
  11561.80  0.0000000E+00
  11561.90  0.0000000E+00
  11562.00  0.0000000E+00
  11562.10  0.0000000E+00
  11562.20  0.0000000E+00
  11562.30  0.0000000E+00
  11562.40  0.0000000E+00
  11562.50  0.0000000E+00
  11562.60  0.0000000E+00
  11562.70  0.0000000E+00
  11562.80  0.0000000E+00
  11562.90  0.0000000E+00
  11563.00  0.0000000E+00
  11563.10  0.0000000E+00
  11563.20  0.0000000E+00
  11563.30  0.0000000E+00
  11563.40  0.0000000E+00
  11563.50  0.0000000E+00
  11563.60  0.0000000E+00
  11563.70  0.0000000E+00
  11563.80  0.0000000E+00
  11563.90  0.0000000E+00
  11564.00  0.0000000E+00
  11564.10  0.0000000E+00
  11564.20  0.0000000E+00
  11564.30  0.0000000E+00
  11564.40  1.1162018E-01
  11564.50  0.0000000E+00
  11564.60  0.0000000E+00
  11564.70  0.0000000E+00
  11564.80  0.0000000E+00
  11564.90  0.0000000E+00
  11565.00  0.0000000E+00
  11565.10  0.0000000E+00
  11565.20  0.0000000E+00
  11565.30  0.0000000E+00
  11565.40  0.0000000E+00
  11565.50  0.0000000E+00
  11565.60  0.0000000E+00
  11565.70  0.0000000E+00
  11565.80  0.0000000E+00
  11565.90  0.0000000E+00
  11566.00  0.0000000E+00
  11566.10  0.0000000E+00
  11566.20  0.0000000E+00
  11566.30  0.0000000E+00
  11566.40  0.0000000E+00
  11566.50  0.0000000E+00
  11566.60  0.0000000E+00
  11566.70  0.0000000E+00
  11566.80  0.0000000E+00
  11566.90  0.0000000E+00
  11567.00  0.0000000E+00
  11567.10  0.0000000E+00
  11567.20  0.0000000E+00
  11567.30  0.0000000E+00
  11567.40  0.0000000E+00
  11567.50  0.0000000E+00
  11567.60  3.2764236E-02
  11567.70  0.0000000E+00
  11567.80  0.0000000E+00
  11567.90  0.0000000E+00
  11568.00  0.0000000E+00
  11568.10  0.0000000E+00
  11568.20  0.0000000E+00
  11568.30  0.0000000E+00
  11568.40  0.0000000E+00
  11568.50  0.0000000E+00
  11568.60  0.0000000E+00
  11568.70  0.0000000E+00
  11568.80  0.0000000E+00
  11568.90  0.0000000E+00
  11569.00  0.0000000E+00
  11569.10  0.0000000E+00
  11569.20  0.0000000E+00
  11569.30  0.0000000E+00
  11569.40  0.0000000E+00
  11569.50  0.0000000E+00
  11569.60  0.0000000E+00
  11569.70  0.0000000E+00
  11569.80  0.0000000E+00
  11569.90  0.0000000E+00
  11570.00  0.0000000E+00
  11570.10  0.0000000E+00
  11570.20  0.0000000E+00
  11570.30  0.0000000E+00
  11570.40  0.0000000E+00
  11570.50  0.0000000E+00
  11570.60  0.0000000E+00
  11570.70  0.0000000E+00
  11570.80  5.1708354E-02
  11570.90  0.0000000E+00
  11571.00  0.0000000E+00
  11571.10  0.0000000E+00
  11571.20  0.0000000E+00
  11571.30  0.0000000E+00
  11571.40  0.0000000E+00
  11571.50  0.0000000E+00
  11571.60  0.0000000E+00
  11571.70  0.0000000E+00
  11571.80  0.0000000E+00
  11571.90  0.0000000E+00
  11572.00  0.0000000E+00
  11572.10  0.0000000E+00
  11572.20  0.0000000E+00
  11572.30  0.0000000E+00
  11572.40  0.0000000E+00
  11572.50  0.0000000E+00
  11572.60  0.0000000E+00
  11572.70  0.0000000E+00
  11572.80  0.0000000E+00
  11572.90  0.0000000E+00
  11573.00  0.0000000E+00
  11573.10  0.0000000E+00
  11573.20  0.0000000E+00
  11573.30  0.0000000E+00
  11573.40  0.0000000E+00
  11573.50  0.0000000E+00
  11573.60  0.0000000E+00
  11573.70  0.0000000E+00
  11573.80  0.0000000E+00
  11573.90  0.0000000E+00
  11574.00  2.5467124E-02
  11574.10  0.0000000E+00
  11574.20  0.0000000E+00
  11574.30  0.0000000E+00
  11574.40  0.0000000E+00
  11574.50  0.0000000E+00
  11574.60  0.0000000E+00
  11574.70  0.0000000E+00
  11574.80  0.0000000E+00
  11574.90  0.0000000E+00
  11575.00  0.0000000E+00
  11575.10  0.0000000E+00
  11575.20  0.0000000E+00
  11575.30  0.0000000E+00
  11575.40  0.0000000E+00
  11575.50  0.0000000E+00
  11575.60  0.0000000E+00
  11575.70  0.0000000E+00
  11575.80  0.0000000E+00
  11575.90  0.0000000E+00
  11576.00  0.0000000E+00
  11576.10  0.0000000E+00
  11576.20  0.0000000E+00
  11576.30  0.0000000E+00
  11576.40  0.0000000E+00
  11576.50  0.0000000E+00
  11576.60  0.0000000E+00
  11576.70  0.0000000E+00
  11576.80  0.0000000E+00
  11576.90  0.0000000E+00
  11577.00  0.0000000E+00
  11577.10  0.0000000E+00
  11577.20  4.2757341E-02
  11577.30  0.0000000E+00
  11577.40  0.0000000E+00
  11577.50  0.0000000E+00
  11577.60  0.0000000E+00
  11577.70  0.0000000E+00
  11577.80  0.0000000E+00
  11577.90  0.0000000E+00
  11578.00  0.0000000E+00
  11578.10  0.0000000E+00
  11578.20  0.0000000E+00
  11578.30  0.0000000E+00
  11578.40  0.0000000E+00
  11578.50  0.0000000E+00
  11578.60  0.0000000E+00
  11578.70  0.0000000E+00
  11578.80  0.0000000E+00
  11578.90  0.0000000E+00
  11579.00  0.0000000E+00
  11579.10  0.0000000E+00
  11579.20  0.0000000E+00
  11579.30  0.0000000E+00
  11579.40  0.0000000E+00
  11579.50  0.0000000E+00
  11579.60  0.0000000E+00
  11579.70  0.0000000E+00
  11579.80  0.0000000E+00
  11579.90  0.0000000E+00
  11580.00  0.0000000E+00
  11580.10  0.0000000E+00
  11580.20  0.0000000E+00
  11580.30  0.0000000E+00
  11580.40  3.0205057E-02
  11580.50  0.0000000E+00
  11580.60  0.0000000E+00
  11580.70  0.0000000E+00
  11580.80  0.0000000E+00
  11580.90  0.0000000E+00
  11581.00  0.0000000E+00
  11581.10  0.0000000E+00
  11581.20  0.0000000E+00
  11581.30  0.0000000E+00
  11581.40  0.0000000E+00
  11581.50  0.0000000E+00
  11581.60  0.0000000E+00
  11581.70  0.0000000E+00
  11581.80  0.0000000E+00
  11581.90  0.0000000E+00
  11582.00  0.0000000E+00
  11582.10  0.0000000E+00
  11582.20  0.0000000E+00
  11582.30  0.0000000E+00
  11582.40  0.0000000E+00
  11582.50  0.0000000E+00
  11582.60  0.0000000E+00
  11582.70  0.0000000E+00
  11582.80  0.0000000E+00
  11582.90  0.0000000E+00
  11583.00  0.0000000E+00
  11583.10  0.0000000E+00
  11583.20  0.0000000E+00
  11583.30  0.0000000E+00
  11583.40  0.0000000E+00
  11583.50  0.0000000E+00
  11583.60  3.6443670E-02
  11583.70  0.0000000E+00
  11583.80  0.0000000E+00
  11583.90  0.0000000E+00
  11584.00  0.0000000E+00
  11584.10  0.0000000E+00
  11584.20  0.0000000E+00
  11584.30  0.0000000E+00
  11584.40  0.0000000E+00
  11584.50  0.0000000E+00
  11584.60  0.0000000E+00
  11584.70  0.0000000E+00
  11584.80  0.0000000E+00
  11584.90  0.0000000E+00
  11585.00  0.0000000E+00
  11585.10  0.0000000E+00
  11585.20  0.0000000E+00
  11585.30  0.0000000E+00
  11585.40  0.0000000E+00
  11585.50  0.0000000E+00
  11585.60  0.0000000E+00
  11585.70  0.0000000E+00
  11585.80  0.0000000E+00
  11585.90  0.0000000E+00
  11586.00  0.0000000E+00
  11586.10  0.0000000E+00
  11586.20  0.0000000E+00
  11586.30  0.0000000E+00
  11586.40  0.0000000E+00
  11586.50  0.0000000E+00
  11586.60  0.0000000E+00
  11586.70  0.0000000E+00
  11586.80  3.9460222E-02
  11586.90  0.0000000E+00
  11587.00  0.0000000E+00
  11587.10  0.0000000E+00
  11587.20  0.0000000E+00
  11587.30  0.0000000E+00
  11587.40  0.0000000E+00
  11587.50  0.0000000E+00
  11587.60  0.0000000E+00
  11587.70  0.0000000E+00
  11587.80  0.0000000E+00
  11587.90  0.0000000E+00
  11588.00  0.0000000E+00
  11588.10  0.0000000E+00
  11588.20  0.0000000E+00
  11588.30  0.0000000E+00
  11588.40  0.0000000E+00
  11588.50  0.0000000E+00
  11588.60  0.0000000E+00
  11588.70  0.0000000E+00
  11588.80  0.0000000E+00
  11588.90  0.0000000E+00
  11589.00  0.0000000E+00
  11589.10  0.0000000E+00
  11589.20  0.0000000E+00
  11589.30  0.0000000E+00
  11589.40  0.0000000E+00
  11589.50  0.0000000E+00
  11589.60  0.0000000E+00
  11589.70  0.0000000E+00
  11589.80  0.0000000E+00
  11589.90  0.0000000E+00
  11590.00  3.0896008E-02
  11590.10  0.0000000E+00
  11590.20  0.0000000E+00
  11590.30  0.0000000E+00
  11590.40  0.0000000E+00
  11590.50  0.0000000E+00
  11590.60  0.0000000E+00
  11590.70  0.0000000E+00
  11590.80  0.0000000E+00
  11590.90  0.0000000E+00
  11591.00  0.0000000E+00
  11591.10  0.0000000E+00
  11591.20  0.0000000E+00
  11591.30  0.0000000E+00
  11591.40  0.0000000E+00
  11591.50  0.0000000E+00
  11591.60  0.0000000E+00
  11591.70  0.0000000E+00
  11591.80  0.0000000E+00
  11591.90  0.0000000E+00
  11592.00  0.0000000E+00
  11592.10  0.0000000E+00
  11592.20  0.0000000E+00
  11592.30  0.0000000E+00
  11592.40  0.0000000E+00
  11592.50  0.0000000E+00
  11592.60  0.0000000E+00
  11592.70  0.0000000E+00
  11592.80  0.0000000E+00
  11592.90  0.0000000E+00
  11593.00  0.0000000E+00
  11593.10  0.0000000E+00
  11593.20  3.3184823E-02
  11593.30  0.0000000E+00
  11593.40  0.0000000E+00
  11593.50  0.0000000E+00
  11593.60  0.0000000E+00
  11593.70  0.0000000E+00
  11593.80  0.0000000E+00
  11593.90  0.0000000E+00
  11594.00  0.0000000E+00
  11594.50  0.0000000E+00
  11595.00  0.0000000E+00
  11595.50  0.0000000E+00
  11596.00  0.0000000E+00
  11596.50  0.0000000E+00
  11597.00  0.0000000E+00
  11597.50  0.0000000E+00
  11598.00  0.0000000E+00
  11598.50  0.0000000E+00
  11599.00  0.0000000E+00
  11599.50  0.0000000E+00
  11600.00  0.0000000E+00
  11600.50  0.0000000E+00
  11601.00  0.0000000E+00
  11601.50  0.0000000E+00
  11602.00  0.0000000E+00
  11602.50  0.0000000E+00
  11603.00  0.0000000E+00
  11603.50  0.0000000E+00
  11604.00  0.0000000E+00
  11604.50  0.0000000E+00
  11605.00  0.0000000E+00
  11605.50  0.0000000E+00
  11606.00  2.6091077E-02
  11606.50  0.0000000E+00
  11607.00  0.0000000E+00
  11607.50  0.0000000E+00
  11608.00  0.0000000E+00
  11608.50  0.0000000E+00
  11609.00  0.0000000E+00
  11609.50  0.0000000E+00
  11610.00  0.0000000E+00
  11610.50  0.0000000E+00
  11611.00  0.0000000E+00
  11611.50  0.0000000E+00
  11612.00  0.0000000E+00
  11612.50  0.0000000E+00
  11613.00  0.0000000E+00
  11613.50  0.0000000E+00
  11614.00  0.0000000E+00
  11614.50  0.0000000E+00
  11615.00  0.0000000E+00
  11615.50  0.0000000E+00
  11616.00  0.0000000E+00
  11616.50  0.0000000E+00
  11617.00  0.0000000E+00
  11617.50  0.0000000E+00
  11618.00  0.0000000E+00
  11618.50  0.0000000E+00
  11619.00  0.0000000E+00
  11619.50  0.0000000E+00
  11620.00  0.0000000E+00
  11620.50  0.0000000E+00
  11621.00  0.0000000E+00
  11621.50  0.0000000E+00
  11622.00  4.0649519E-02
  11622.50  0.0000000E+00
  11623.00  0.0000000E+00
  11623.50  0.0000000E+00
  11624.00  0.0000000E+00
  11625.00  0.0000000E+00
  11626.00  0.0000000E+00
  11627.00  0.0000000E+00
  11628.00  0.0000000E+00
  11629.00  0.0000000E+00
  11630.00  0.0000000E+00
  11631.00  0.0000000E+00
  11632.00  0.0000000E+00
  11633.00  0.0000000E+00
  11634.00  0.0000000E+00
  11635.00  0.0000000E+00
  11636.00  0.0000000E+00
  11637.00  0.0000000E+00
  11638.00  0.0000000E+00
  11639.00  0.0000000E+00
  11640.00  0.0000000E+00
  11641.00  0.0000000E+00
  11642.00  0.0000000E+00
  11643.00  0.0000000E+00
  11644.00  0.0000000E+00
  11645.00  0.0000000E+00
  11646.00  0.0000000E+00
  11647.00  0.0000000E+00
  11648.00  0.0000000E+00
  11649.00  0.0000000E+00
  11650.00  0.0000000E+00
  11651.00  0.0000000E+00
  11652.00  3.5084765E-02
  11653.00  0.0000000E+00
  11654.00  0.0000000E+00
  11655.00  0.0000000E+00
  11656.00  0.0000000E+00
  11657.00  0.0000000E+00
  11658.00  0.0000000E+00
  11659.00  0.0000000E+00
  11660.00  0.0000000E+00
  11661.00  0.0000000E+00
  11662.00  0.0000000E+00
  11663.00  0.0000000E+00
  11664.00  0.0000000E+00
  11665.00  0.0000000E+00
  11666.00  0.0000000E+00
  11667.00  0.0000000E+00
  11668.00  0.0000000E+00
  11669.00  0.0000000E+00
  11670.00  0.0000000E+00
  11671.00  0.0000000E+00
  11672.00  0.0000000E+00
  11673.00  0.0000000E+00
  11674.00  0.0000000E+00
  11675.00  0.0000000E+00
  11676.00  0.0000000E+00
  11677.00  0.0000000E+00
  11678.00  0.0000000E+00
  11679.00  0.0000000E+00
  11680.00  0.0000000E+00
  11681.00  0.0000000E+00
  11682.00  0.0000000E+00
  11683.00  0.0000000E+00
  11684.00  3.7644325E-02
  11685.00  0.0000000E+00
  11686.00  0.0000000E+00
  11687.00  0.0000000E+00
  11688.00  0.0000000E+00
  11689.00  0.0000000E+00
  11690.00  0.0000000E+00
  11691.00  0.0000000E+00
  11692.00  0.0000000E+00
  11693.00  0.0000000E+00
  11694.00  0.0000000E+00
  11695.00  0.0000000E+00
  11696.00  0.0000000E+00
  11697.00  0.0000000E+00
  11698.00  0.0000000E+00
  11699.00  0.0000000E+00
  11700.00  0.0000000E+00
  11701.00  0.0000000E+00
  11702.00  0.0000000E+00
  11703.00  0.0000000E+00
  11704.00  0.0000000E+00
  11705.00  0.0000000E+00
  11706.00  0.0000000E+00
  11707.00  0.0000000E+00
  11708.00  0.0000000E+00
  11709.00  0.0000000E+00
  11710.00  0.0000000E+00
  11711.00  0.0000000E+00
  11712.00  0.0000000E+00
  11713.00  0.0000000E+00
  11714.00  0.0000000E+00
  11715.00  0.0000000E+00
  11716.00  3.5771133E-02
  11717.00  0.0000000E+00
  11718.00  0.0000000E+00
  11719.00  0.0000000E+00
  11720.00  0.0000000E+00
  11721.00  0.0000000E+00
  11722.00  0.0000000E+00
  11723.00  0.0000000E+00
  11724.00  0.0000000E+00
  11725.00  0.0000000E+00
  11726.00  0.0000000E+00
  11727.00  0.0000000E+00
  11728.00  0.0000000E+00
  11729.00  0.0000000E+00
  11730.00  0.0000000E+00
  11731.00  0.0000000E+00
  11732.00  0.0000000E+00
  11733.00  0.0000000E+00
  11734.00  0.0000000E+00
  11735.00  0.0000000E+00
  11736.00  0.0000000E+00
  11737.00  0.0000000E+00
  11738.00  0.0000000E+00
  11739.00  0.0000000E+00
  11740.00  0.0000000E+00
  11741.00  0.0000000E+00
  11742.00  0.0000000E+00
  11743.00  0.0000000E+00
  11744.00  0.0000000E+00
  11745.00  0.0000000E+00
  11746.00  0.0000000E+00
  11747.00  0.0000000E+00
  11748.00  3.8826829E-02
  11749.00  0.0000000E+00
  11750.00  0.0000000E+00
  11751.00  0.0000000E+00
  11752.00  0.0000000E+00
  11753.00  0.0000000E+00
  11754.00  0.0000000E+00
  11755.00  0.0000000E+00
  11756.00  0.0000000E+00
  11757.00  0.0000000E+00
  11758.00  0.0000000E+00
  11759.00  0.0000000E+00
  11760.00  0.0000000E+00
  11761.00  0.0000000E+00
  11762.00  0.0000000E+00
  11763.00  0.0000000E+00
  11764.00  0.0000000E+00
  11765.00  0.0000000E+00
  11766.00  0.0000000E+00
  11767.00  0.0000000E+00
  11768.00  0.0000000E+00
  11769.00  0.0000000E+00
  11770.00  0.0000000E+00
  11771.00  0.0000000E+00
  11772.00  0.0000000E+00
  11773.00  0.0000000E+00
  11774.00  0.0000000E+00
  11775.00  0.0000000E+00
  11776.00  0.0000000E+00
  11777.00  0.0000000E+00
  11778.00  0.0000000E+00
  11779.00  0.0000000E+00
  11780.00  3.4018012E-02
  11781.00  0.0000000E+00
  11782.00  0.0000000E+00
  11783.00  0.0000000E+00
  11784.00  0.0000000E+00
  11785.00  0.0000000E+00
  11786.00  0.0000000E+00
  11787.00  0.0000000E+00
  11788.00  0.0000000E+00
  11789.00  0.0000000E+00
  11790.00  0.0000000E+00
  11791.00  0.0000000E+00
  11792.00  0.0000000E+00
  11793.00  0.0000000E+00
  11794.00  0.0000000E+00
  11795.00  0.0000000E+00
  11796.00  0.0000000E+00
  11797.00  0.0000000E+00
  11798.00  0.0000000E+00
  11799.00  0.0000000E+00
  11800.00  0.0000000E+00
  11801.00  0.0000000E+00
  11802.00  0.0000000E+00
  11803.00  0.0000000E+00
  11804.00  0.0000000E+00
  11805.00  0.0000000E+00
  11806.00  0.0000000E+00
  11807.00  0.0000000E+00
  11808.00  0.0000000E+00
  11809.00  0.0000000E+00
  11810.00  0.0000000E+00
  11811.00  0.0000000E+00
  11812.00  3.8307098E-02
  11813.00  0.0000000E+00
  11814.00  0.0000000E+00
