    Energy    <xanes>    
  11364.00  6.9037587E-03
  11364.04  6.9040953E-03
  11364.10  6.9050414E-03
  11364.23  6.9080349E-03
  11364.73  6.9294439E-03
  11365.23  6.9509667E-03
  11365.73  6.9726043E-03
  11366.17  6.9918291E-03
  11366.67  7.0136853E-03
  11367.17  7.0356587E-03
  11367.67  7.0577504E-03
  11368.17  7.0799613E-03
  11368.67  7.1022923E-03
  11369.17  7.1247443E-03
  11369.67  7.1473183E-03
  11370.17  7.1700153E-03
  11370.67  7.1928363E-03
  11371.17  7.2157822E-03
  11371.67  7.2388541E-03
  11372.17  7.2620529E-03
  11372.67  7.2853797E-03
  11373.17  7.3088356E-03
  11373.67  7.3324214E-03
  11374.17  7.3561384E-03
  11374.67  7.3799876E-03
  11375.17  7.4039700E-03
  11375.67  7.4280867E-03
  11376.17  7.4523389E-03
  11376.67  7.4767276E-03
  11377.17  7.5012540E-03
  11377.67  7.5259192E-03
  11378.17  7.5507243E-03
  11378.67  7.5756706E-03
  11379.17  7.6007592E-03
  11379.67  7.6259912E-03
  11380.17  7.6513680E-03
  11380.67  7.6768906E-03
  11381.17  7.7025603E-03
  11381.67  7.7283785E-03
  11382.17  7.7543462E-03
  11382.67  7.7804648E-03
  11383.17  7.8067356E-03
  11383.67  7.8331599E-03
  11384.17  7.8597390E-03
  11384.67  7.8864741E-03
  11385.17  7.9133667E-03
  11385.67  7.9404181E-03
  11386.17  7.9676298E-03
  11386.67  7.9950029E-03
  11387.17  8.0225391E-03
  11387.67  8.0502397E-03
  11388.17  8.0781061E-03
  11388.67  8.1061398E-03
  11389.17  8.1343422E-03
  11389.67  8.1627149E-03
  11390.17  8.1912594E-03
  11390.67  8.2199772E-03
  11391.17  8.2488697E-03
  11391.67  8.2779387E-03
  11392.17  8.3071857E-03
  11392.67  8.3366122E-03
  11393.17  8.3662198E-03
  11393.67  8.3960103E-03
  11394.17  8.4259853E-03
  11394.67  8.4561464E-03
  11395.17  8.4864954E-03
  11395.67  8.5170339E-03
  11396.17  8.5477638E-03
  11396.67  8.5786866E-03
  11397.17  8.6098044E-03
  11397.67  8.6411187E-03
  11398.17  8.6726316E-03
  11398.67  8.7043447E-03
  11399.17  8.7362600E-03
  11399.67  8.7683794E-03
  11400.17  8.8007048E-03
  11400.67  8.8332381E-03
  11401.17  8.8659812E-03
  11401.67  8.8989363E-03
  11402.17  8.9321053E-03
  11402.67  8.9654902E-03
  11403.17  8.9990931E-03
  11403.67  9.0329161E-03
  11404.17  9.0669613E-03
  11404.67  9.1012309E-03
  11405.17  9.1357270E-03
  11405.67  9.1704518E-03
  11406.17  9.2054076E-03
  11406.67  9.2405966E-03
  11407.17  9.2760211E-03
  11407.67  9.3116834E-03
  11408.17  9.3475859E-03
  11408.67  9.3837310E-03
  11409.17  9.4201210E-03
  11409.67  9.4567585E-03
  11410.17  9.4936458E-03
  11410.67  9.5307855E-03
  11411.17  9.5681801E-03
  11411.67  9.6058322E-03
  11412.17  9.6437445E-03
  11412.67  9.6819195E-03
  11413.17  9.7203600E-03
  11413.67  9.7590686E-03
  11414.17  9.7980481E-03
  11414.67  9.8373013E-03
  11415.17  9.8768311E-03
  11415.67  9.9166402E-03
  11416.17  9.9567317E-03
  11416.67  9.9971084E-03
  11417.17  1.0037773E-02
  11417.67  1.0078730E-02
  11418.17  1.0119980E-02
  11418.67  1.0161528E-02
  11419.17  1.0203377E-02
  11419.67  1.0245530E-02
  11420.17  1.0287990E-02
  11420.67  1.0330760E-02
  11421.17  1.0373843E-02
  11421.67  1.0417244E-02
  11422.17  1.0460966E-02
  11422.67  1.0505012E-02
  11423.17  1.0549385E-02
  11423.67  1.0594089E-02
  11424.17  1.0639129E-02
  11424.67  1.0684506E-02
  11425.17  1.0730227E-02
  11425.67  1.0776293E-02
  11426.17  1.0822709E-02
  11426.67  1.0869479E-02
  11427.17  1.0916607E-02
  11427.67  1.0964098E-02
  11428.17  1.1011954E-02
  11428.67  1.1060180E-02
  11429.17  1.1108781E-02
  11429.67  1.1157760E-02
  11430.17  1.1207123E-02
  11430.67  1.1256873E-02
  11431.17  1.1307015E-02
  11431.67  1.1357554E-02
  11432.17  1.1408494E-02
  11432.67  1.1459839E-02
  11433.17  1.1511596E-02
  11433.67  1.1563768E-02
  11434.17  1.1616361E-02
  11434.67  1.1669379E-02
  11435.17  1.1722827E-02
  11435.67  1.1776712E-02
  11436.17  1.1831037E-02
  11436.67  1.1885809E-02
  11437.17  1.1941033E-02
  11437.67  1.1996714E-02
  11438.17  1.2052857E-02
  11438.67  1.2109470E-02
  11439.17  1.2166556E-02
  11439.67  1.2224123E-02
  11440.17  1.2282177E-02
  11440.67  1.2340722E-02
  11441.17  1.2399766E-02
  11441.67  1.2459315E-02
  11442.17  1.2519375E-02
  11442.67  1.2579953E-02
  11443.17  1.2641055E-02
  11443.67  1.2702688E-02
  11444.17  1.2764859E-02
  11444.67  1.2827574E-02
  11445.17  1.2890842E-02
  11445.67  1.2954668E-02
  11446.17  1.3019061E-02
  11446.67  1.3084028E-02
  11447.17  1.3149576E-02
  11447.67  1.3215713E-02
  11448.17  1.3282447E-02
  11448.67  1.3349786E-02
  11449.17  1.3417739E-02
  11449.67  1.3486312E-02
  11450.17  1.3555516E-02
  11450.67  1.3625358E-02
  11451.17  1.3695846E-02
  11451.67  1.3766991E-02
  11452.17  1.3838801E-02
  11452.67  1.3911285E-02
  11453.17  1.3984453E-02
  11453.67  1.4058315E-02
  11454.17  1.4132879E-02
  11454.67  1.4208156E-02
  11455.17  1.4284156E-02
  11455.67  1.4360889E-02
  11456.17  1.4438367E-02
  11456.67  1.4516599E-02
  11457.17  1.4595596E-02
  11457.67  1.4675370E-02
  11458.17  1.4755933E-02
  11458.67  1.4837294E-02
  11459.17  1.4919467E-02
  11459.67  1.5002463E-02
  11460.17  1.5086295E-02
  11460.67  1.5170975E-02
  11461.17  1.5256516E-02
  11461.67  1.5342931E-02
  11462.17  1.5430233E-02
  11462.67  1.5518436E-02
  11463.17  1.5607553E-02
  11463.67  1.5697598E-02
  11464.17  1.5788587E-02
  11464.67  1.5880534E-02
  11465.17  1.5973453E-02
  11465.67  1.6067360E-02
  11466.17  1.6162271E-02
  11466.67  1.6258201E-02
  11467.17  1.6355168E-02
  11467.67  1.6453187E-02
  11468.17  1.6552275E-02
  11468.67  1.6652451E-02
  11469.17  1.6753731E-02
  11469.67  1.6856134E-02
  11470.17  1.6959678E-02
  11470.67  1.7064383E-02
  11471.17  1.7170268E-02
  11471.67  1.7277352E-02
  11472.17  1.7385656E-02
  11472.67  1.7495200E-02
  11473.17  1.7606006E-02
  11473.67  1.7718095E-02
  11474.17  1.7831490E-02
  11474.67  1.7946213E-02
  11475.17  1.8062287E-02
  11475.67  1.8179736E-02
  11476.17  1.8298584E-02
  11476.67  1.8418857E-02
  11477.17  1.8540580E-02
  11477.67  1.8663778E-02
  11478.17  1.8788479E-02
  11478.67  1.8914709E-02
  11479.17  1.9042497E-02
  11479.67  1.9171872E-02
  11480.17  1.9302862E-02
  11480.67  1.9435499E-02
  11481.17  1.9569812E-02
  11481.67  1.9705834E-02
  11482.17  1.9843597E-02
  11482.67  1.9983135E-02
  11483.17  2.0124480E-02
  11483.67  2.0267670E-02
  11484.17  2.0412738E-02
  11484.67  2.0559723E-02
  11485.17  2.0708661E-02
  11485.67  2.0859593E-02
  11486.17  2.1012557E-02
  11486.67  2.1167595E-02
  11487.17  2.1324748E-02
  11487.67  2.1484060E-02
  11488.17  2.1645576E-02
  11488.67  2.1809340E-02
  11489.17  2.1975399E-02
  11489.67  2.2143803E-02
  11490.17  2.2314599E-02
  11490.67  2.2487840E-02
  11491.17  2.2663576E-02
  11491.67  2.2841863E-02
  11492.17  2.3022756E-02
  11492.67  2.3206311E-02
  11493.17  2.3392587E-02
  11493.67  2.3581645E-02
  11494.17  2.3773547E-02
  11494.67  2.3968356E-02
  11495.17  2.4166140E-02
  11495.67  2.4366965E-02
  11496.17  2.4570903E-02
  11496.67  2.4778024E-02
  11497.17  2.4988404E-02
  11497.67  2.5202120E-02
  11498.17  2.5419250E-02
  11498.67  2.5639877E-02
  11499.17  2.5864085E-02
  11499.67  2.6091961E-02
  11500.17  2.6323595E-02
  11500.67  2.6559080E-02
  11501.17  2.6798512E-02
  11501.67  2.7041990E-02
  11502.17  2.7289617E-02
  11502.67  2.7541498E-02
  11503.17  2.7797745E-02
  11503.67  2.8058469E-02
  11504.17  2.8323788E-02
  11504.67  2.8593824E-02
  11505.17  2.8868704E-02
  11505.67  2.9148556E-02
  11506.17  2.9433517E-02
  11506.67  2.9723725E-02
  11507.17  3.0019328E-02
  11507.67  3.0320474E-02
  11508.17  3.0627320E-02
  11508.67  3.0940029E-02
  11509.17  3.1258767E-02
  11509.67  3.1583711E-02
  11510.17  3.1915042E-02
  11510.67  3.2252948E-02
  11511.17  3.2597625E-02
  11511.67  3.2949277E-02
  11512.17  3.3308117E-02
  11512.67  3.3674365E-02
  11513.17  3.4048252E-02
  11513.67  3.4430016E-02
  11514.17  3.4819907E-02
  11514.67  3.5218187E-02
  11515.17  3.5625125E-02
  11515.67  3.6041006E-02
  11516.17  3.6466124E-02
  11516.67  3.6900789E-02
  11517.17  3.7345323E-02
  11517.67  3.7800063E-02
  11518.17  3.8265362E-02
  11518.67  3.8741589E-02
  11519.17  3.9229131E-02
  11519.67  3.9728391E-02
  11520.17  4.0239795E-02
  11520.67  4.0763786E-02
  11521.17  4.1300831E-02
  11521.67  4.1851421E-02
  11522.17  4.2416069E-02
  11522.67  4.2995315E-02
  11523.17  4.3589730E-02
  11523.67  4.4199910E-02
  11524.17  4.4826485E-02
  11524.67  4.5470121E-02
  11525.17  4.6131515E-02
  11525.67  4.6811407E-02
  11526.17  4.7510577E-02
  11526.67  4.8229847E-02
  11527.17  4.8970089E-02
  11527.67  4.9732224E-02
  11528.17  5.0517228E-02
  11528.67  5.1326136E-02
  11529.17  5.2160045E-02
  11529.67  5.3020119E-02
  11530.17  5.3907596E-02
  11530.67  5.4823792E-02
  11531.17  5.5770109E-02
  11531.67  5.6748039E-02
  11532.17  5.7759174E-02
  11532.67  5.8805215E-02
  11533.17  5.9887978E-02
  11533.67  6.1009406E-02
  11534.17  6.2171581E-02
  11534.67  6.3376736E-02
  11535.17  6.4627267E-02
  11535.67  6.5925750E-02
  11536.17  6.7274956E-02
  11536.67  6.8677872E-02
  11537.17  7.0137722E-02
  11537.67  7.1657989E-02
  11538.17  7.3242441E-02
  11538.67  7.4895163E-02
  11539.17  7.6620587E-02
  11539.67  7.8423534E-02
  11540.17  8.0309250E-02
  11540.67  8.2283462E-02
  11541.17  8.4352425E-02
  11541.67  8.6522988E-02
  11542.17  8.8802665E-02
  11542.67  9.1199716E-02
  11543.17  9.3723237E-02
  11543.67  9.6383272E-02
  11544.17  9.9190935E-02
  11544.67  1.0215855E-01
  11545.17  1.0529982E-01
  11545.67  1.0863003E-01
  11546.17  1.1216626E-01
  11546.67  1.1592766E-01
  11547.17  1.1993576E-01
  11547.67  1.2421487E-01
  11548.17  1.2879247E-01
  11548.67  1.3369980E-01
  11549.17  1.3897247E-01
  11549.67  1.4465124E-01
  11550.17  1.5078293E-01
  11550.67  1.5742161E-01
  11551.17  1.6462993E-01
  11551.67  1.7248092E-01
  11552.17  1.8106009E-01
  11552.67  1.9046811E-01
  11553.17  2.0082418E-01
  11553.67  2.1227034E-01
  11554.17  2.2490471E-01
  11554.67  2.3903321E-01
  11555.17  2.5490068E-01
  11555.67  2.7278516E-01
  11556.17  2.9306311E-01
  11556.27  2.9744524E-01
  11556.37  3.0194572E-01
  11556.47  3.0656901E-01
  11556.57  3.1131977E-01
  11556.67  3.1620289E-01
  11556.77  3.2122350E-01
  11556.87  3.2638695E-01
  11556.97  3.3169887E-01
  11557.07  3.3716515E-01
  11557.17  3.4279199E-01
  11557.27  3.4858587E-01
  11557.37  3.5455361E-01
  11557.47  3.6070237E-01
  11557.57  3.6703965E-01
  11557.67  3.7357336E-01
  11557.77  3.8031178E-01
  11557.87  3.8726364E-01
  11557.97  3.9443811E-01
  11558.07  4.0184482E-01
  11558.17  4.0949392E-01
  11558.27  4.1739608E-01
  11558.37  4.2556252E-01
  11558.47  4.3400507E-01
  11558.57  4.4273616E-01
  11558.67  4.5176887E-01
  11558.77  4.6111700E-01
  11558.87  4.7079505E-01
  11558.97  4.8081829E-01
  11559.07  4.9120280E-01
  11559.17  5.0196550E-01
  11559.27  5.1312421E-01
  11559.37  5.2469764E-01
  11559.47  5.3670549E-01
  11559.57  5.4916848E-01
  11559.67  5.6210836E-01
  11559.77  5.7554797E-01
  11559.87  5.8951126E-01
  11559.97  6.0402335E-01
  11560.07  6.1911053E-01
  11560.17  6.3480029E-01
  11560.27  6.5112131E-01
  11560.37  6.6810350E-01
  11560.47  6.8577794E-01
  11560.57  7.0417688E-01
  11560.67  7.2333366E-01
  11560.77  7.4328264E-01
  11560.87  7.6405911E-01
  11560.97  7.8569911E-01
  11561.07  8.0823925E-01
  11561.17  8.3171647E-01
  11561.27  8.5616775E-01
  11561.37  8.8162973E-01
  11561.47  9.0813824E-01
  11561.57  9.3572783E-01
  11561.67  9.6443106E-01
  11561.77  9.9427781E-01
  11561.87  1.0252944E+00
  11561.97  1.0575027E+00
  11562.07  1.0909187E+00
  11562.17  1.1255518E+00
  11562.27  1.1614030E+00
  11562.37  1.1984636E+00
  11562.47  1.2367134E+00
  11562.57  1.2761196E+00
  11562.67  1.3166346E+00
  11562.77  1.3581945E+00
  11562.87  1.4007179E+00
  11562.97  1.4441041E+00
  11563.07  1.4882325E+00
  11563.17  1.5329618E+00
  11563.27  1.5781299E+00
  11563.37  1.6235544E+00
  11563.47  1.6690337E+00
  11563.57  1.7143494E+00
  11563.67  1.7592685E+00
  11563.77  1.8035473E+00
  11563.87  1.8469358E+00
  11563.97  1.8891823E+00
  11564.07  1.9300341E+00
  11564.17  1.9692394E+00
  11564.27  2.0065575E+00
  11564.37  2.0417674E+00
  11564.47  2.0746784E+00
  11564.57  2.1051360E+00
  11564.67  2.1330196E+00
  11564.77  2.1582443E+00
  11564.87  2.1807612E+00
  11564.97  2.2005571E+00
  11565.07  2.2176527E+00
  11565.17  2.2320993E+00
  11565.27  2.2439759E+00
  11565.37  2.2533847E+00
  11565.47  2.2604469E+00
  11565.57  2.2652986E+00
  11565.67  2.2680858E+00
  11565.77  2.2689614E+00
  11565.87  2.2680810E+00
  11565.97  2.2655998E+00
  11566.07  2.2616706E+00
  11566.17  2.2564413E+00
  11566.27  2.2500530E+00
  11566.37  2.2426393E+00
  11566.47  2.2343264E+00
  11566.57  2.2252321E+00
  11566.67  2.2154660E+00
  11566.77  2.2051291E+00
  11566.87  2.1943148E+00
  11566.97  2.1831084E+00
  11567.07  2.1715881E+00
  11567.17  2.1598253E+00
  11567.27  2.1478851E+00
  11567.37  2.1358265E+00
  11567.47  2.1237030E+00
  11567.57  2.1115632E+00
  11567.67  2.0994508E+00
  11567.77  2.0874051E+00
  11567.87  2.0754614E+00
  11567.97  2.0636512E+00
  11568.07  2.0520025E+00
  11568.17  2.0405401E+00
  11568.27  2.0292858E+00
  11568.37  2.0182586E+00
  11568.47  2.0074749E+00
  11568.57  1.9969486E+00
  11568.67  1.9866916E+00
  11568.77  1.9767136E+00
  11568.87  1.9670225E+00
  11568.97  1.9576246E+00
  11569.07  1.9485243E+00
  11569.17  1.9397249E+00
  11569.27  1.9312281E+00
  11569.37  1.9230347E+00
  11569.47  1.9151443E+00
  11569.57  1.9075554E+00
  11569.67  1.9002657E+00
  11569.77  1.8932724E+00
  11569.87  1.8865715E+00
  11569.97  1.8801588E+00
  11570.07  1.8740294E+00
  11570.17  1.8681779E+00
  11570.27  1.8625984E+00
  11570.37  1.8572849E+00
  11570.47  1.8522308E+00
  11570.57  1.8474294E+00
  11570.67  1.8428737E+00
  11570.77  1.8385565E+00
  11570.87  1.8344706E+00
  11570.97  1.8306086E+00
  11571.07  1.8269629E+00
  11571.17  1.8235263E+00
  11571.27  1.8202912E+00
  11571.37  1.8172503E+00
  11571.47  1.8143962E+00
  11571.57  1.8117220E+00
  11571.67  1.8092205E+00
  11571.77  1.8068851E+00
  11571.87  1.8047093E+00
  11571.97  1.8026869E+00
  11572.07  1.8008120E+00
  11572.17  1.7990792E+00
  11572.27  1.7974833E+00
  11572.37  1.7960196E+00
  11572.47  1.7946838E+00
  11572.57  1.7934720E+00
  11572.67  1.7923808E+00
  11572.77  1.7914074E+00
  11572.87  1.7905491E+00
  11572.97  1.7898039E+00
  11573.07  1.7891701E+00
  11573.17  1.7886465E+00
  11573.27  1.7882321E+00
  11573.37  1.7879264E+00
  11573.47  1.7877290E+00
  11573.57  1.7876398E+00
  11573.67  1.7876590E+00
  11573.77  1.7877867E+00
  11573.87  1.7880233E+00
  11573.97  1.7883691E+00
  11574.07  1.7888245E+00
  11574.17  1.7893896E+00
  11574.27  1.7900644E+00
  11574.37  1.7908490E+00
  11574.47  1.7917430E+00
  11574.57  1.7927457E+00
  11574.67  1.7938562E+00
  11574.77  1.7950733E+00
  11574.87  1.7963952E+00
  11574.97  1.7978201E+00
  11575.07  1.7993453E+00
  11575.17  1.8009681E+00
  11575.27  1.8026851E+00
  11575.37  1.8044926E+00
  11575.47  1.8063865E+00
  11575.57  1.8083622E+00
  11575.67  1.8104146E+00
  11575.77  1.8125384E+00
  11575.87  1.8147280E+00
  11575.97  1.8169772E+00
  11576.07  1.8192798E+00
  11576.17  1.8216290E+00
  11576.27  1.8240180E+00
  11576.37  1.8264398E+00
  11576.47  1.8288871E+00
  11576.57  1.8313527E+00
  11576.67  1.8338292E+00
  11576.77  1.8363092E+00
  11576.87  1.8387852E+00
  11576.97  1.8412501E+00
  11577.07  1.8436967E+00
  11577.17  1.8461178E+00
  11577.27  1.8485067E+00
  11577.37  1.8508568E+00
  11577.47  1.8531618E+00
  11577.57  1.8554156E+00
  11577.67  1.8576125E+00
  11577.77  1.8597473E+00
  11577.87  1.8618150E+00
  11577.97  1.8638110E+00
  11578.07  1.8657311E+00
  11578.17  1.8675716E+00
  11578.27  1.8693291E+00
  11578.37  1.8710006E+00
  11578.47  1.8725835E+00
  11578.57  1.8740756E+00
  11578.67  1.8754750E+00
  11578.77  1.8767800E+00
  11578.87  1.8779894E+00
  11578.97  1.8791021E+00
  11579.07  1.8801173E+00
  11579.17  1.8810345E+00
  11579.27  1.8818531E+00
  11579.37  1.8825731E+00
  11579.47  1.8831943E+00
  11579.57  1.8837166E+00
  11579.67  1.8841403E+00
  11579.77  1.8844656E+00
  11579.87  1.8846928E+00
  11579.97  1.8848224E+00
  11580.07  1.8848550E+00
  11580.17  1.8847913E+00
  11580.27  1.8846321E+00
  11580.37  1.8843785E+00
  11580.47  1.8840314E+00
  11580.57  1.8835924E+00
  11580.67  1.8830630E+00
  11580.77  1.8824449E+00
  11580.87  1.8817403E+00
  11580.97  1.8809513E+00
  11581.07  1.8800806E+00
  11581.17  1.8791310E+00
  11581.27  1.8781058E+00
  11581.37  1.8770085E+00
  11581.47  1.8758430E+00
  11581.57  1.8746133E+00
  11581.67  1.8733242E+00
  11581.77  1.8719803E+00
  11581.87  1.8705869E+00
  11581.97  1.8691495E+00
  11582.07  1.8676739E+00
  11582.17  1.8661663E+00
  11582.27  1.8646329E+00
  11582.37  1.8630803E+00
  11582.47  1.8615154E+00
  11582.57  1.8599450E+00
  11582.67  1.8583764E+00
  11582.77  1.8568167E+00
  11582.87  1.8552732E+00
  11582.97  1.8537531E+00
  11583.07  1.8522639E+00
  11583.17  1.8508126E+00
  11583.27  1.8494065E+00
  11583.37  1.8480524E+00
  11583.47  1.8467573E+00
  11583.57  1.8455277E+00
  11583.67  1.8443700E+00
  11583.77  1.8432902E+00
  11583.87  1.8422943E+00
  11583.97  1.8413875E+00
  11584.07  1.8405750E+00
  11584.17  1.8398614E+00
  11584.27  1.8392512E+00
  11584.37  1.8387481E+00
  11584.47  1.8383556E+00
  11584.57  1.8380768E+00
  11584.67  1.8379142E+00
  11584.77  1.8378700E+00
  11584.87  1.8379459E+00
  11584.97  1.8381431E+00
  11585.07  1.8384626E+00
  11585.17  1.8389046E+00
  11585.27  1.8394692E+00
  11585.37  1.8401561E+00
  11585.47  1.8409645E+00
  11585.57  1.8418933E+00
  11585.67  1.8429411E+00
  11585.77  1.8441062E+00
  11585.87  1.8453866E+00
  11585.97  1.8467802E+00
  11586.07  1.8482845E+00
  11586.17  1.8498969E+00
  11586.27  1.8516149E+00
  11586.37  1.8534354E+00
  11586.47  1.8553558E+00
  11586.57  1.8573732E+00
  11586.67  1.8594846E+00
  11586.77  1.8616874E+00
  11586.87  1.8639787E+00
  11586.97  1.8663560E+00
  11587.07  1.8688168E+00
  11587.17  1.8713590E+00
  11587.27  1.8739804E+00
  11587.37  1.8766791E+00
  11587.47  1.8794536E+00
  11587.57  1.8823024E+00
  11587.67  1.8852244E+00
  11587.77  1.8882186E+00
  11587.87  1.8912844E+00
  11587.97  1.8944213E+00
  11588.07  1.8976288E+00
  11588.17  1.9009068E+00
  11588.27  1.9042552E+00
  11588.37  1.9076742E+00
  11588.47  1.9111636E+00
  11588.57  1.9147237E+00
  11588.67  1.9183545E+00
  11588.77  1.9220559E+00
  11588.87  1.9258277E+00
  11588.97  1.9296698E+00
  11589.07  1.9335815E+00
  11589.17  1.9375621E+00
  11589.27  1.9416105E+00
  11589.37  1.9457256E+00
  11589.47  1.9499055E+00
  11589.57  1.9541482E+00
  11589.67  1.9584513E+00
  11589.77  1.9628120E+00
  11589.87  1.9672270E+00
  11589.97  1.9716926E+00
  11590.07  1.9762047E+00
  11590.17  1.9807587E+00
  11590.27  1.9853496E+00
  11590.37  1.9899718E+00
  11590.47  1.9946195E+00
  11590.57  1.9992863E+00
  11590.67  2.0039653E+00
  11590.77  2.0086496E+00
  11590.87  2.0133314E+00
  11590.97  2.0180028E+00
  11591.07  2.0226557E+00
  11591.17  2.0272814E+00
  11591.27  2.0318712E+00
  11591.37  2.0364160E+00
  11591.47  2.0409065E+00
  11591.57  2.0453335E+00
  11591.67  2.0496874E+00
  11591.77  2.0539589E+00
  11591.87  2.0581383E+00
  11591.97  2.0622164E+00
  11592.07  2.0661839E+00
  11592.17  2.0700319E+00
  11592.27  2.0737516E+00
  11592.37  2.0773347E+00
  11592.47  2.0807732E+00
  11592.57  2.0840597E+00
  11592.67  2.0871872E+00
  11592.77  2.0901495E+00
  11592.87  2.0929408E+00
  11592.97  2.0955564E+00
  11593.07  2.0979919E+00
  11593.17  2.1002440E+00
  11593.27  2.1023100E+00
  11593.37  2.1041883E+00
  11593.47  2.1058777E+00
  11593.57  2.1073783E+00
  11593.67  2.1086905E+00
  11593.77  2.1098159E+00
  11593.87  2.1107567E+00
  11593.97  2.1115156E+00
  11594.07  2.1120499E+00
  11594.17  2.1123436E+00
  11594.27  2.1124511E+00
  11594.37  2.1124219E+00
  11594.47  2.1123871E+00
  11594.57  2.1122420E+00
  11594.67  2.1118937E+00
  11594.77  2.1113513E+00
  11594.87  2.1106165E+00
  11594.97  2.1098761E+00
  11595.07  2.1090477E+00
  11595.17  2.1080649E+00
  11595.27  2.1069389E+00
  11595.37  2.1056705E+00
  11595.47  2.1043974E+00
  11595.57  2.1030616E+00
  11595.67  2.1016182E+00
  11595.77  2.1000805E+00
  11595.87  2.0984515E+00
  11595.97  2.0968193E+00
  11596.07  2.0951501E+00
  11596.17  2.0934158E+00
  11596.67  2.0842500E+00
  11597.17  2.0748121E+00
  11597.67  2.0656792E+00
  11598.17  2.0573010E+00
  11598.67  2.0499843E+00
  11599.17  2.0438792E+00
  11599.67  2.0389746E+00
  11600.17  2.0351054E+00
  11600.67  2.0319774E+00
  11601.17  2.0292119E+00
  11601.67  2.0264101E+00
  11602.17  2.0232254E+00
  11602.67  2.0194284E+00
  11603.17  2.0149450E+00
  11603.67  2.0098603E+00
  11604.17  2.0043900E+00
  11604.67  1.9988359E+00
  11605.17  1.9935391E+00
  11605.67  1.9888442E+00
  11606.17  1.9850737E+00
  11606.67  1.9825115E+00
  11607.17  1.9813904E+00
  11607.67  1.9818825E+00
  11608.17  1.9840926E+00
  11608.67  1.9880548E+00
  11609.17  1.9937348E+00
  11609.67  2.0010349E+00
  11610.17  2.0098041E+00
  11610.67  2.0198511E+00
  11611.17  2.0309624E+00
  11611.67  2.0429211E+00
  11612.17  2.0555220E+00
  11612.67  2.0685782E+00
  11613.17  2.0819154E+00
  11613.67  2.0953579E+00
  11614.17  2.1087118E+00
  11614.67  2.1217558E+00
  11615.17  2.1342465E+00
  11615.67  2.1459362E+00
  11616.17  2.1565991E+00
  11616.67  2.1660519E+00
  11617.17  2.1741614E+00
  11617.67  2.1808370E+00
  11618.17  2.1860179E+00
  11618.67  2.1896622E+00
  11619.17  2.1917468E+00
  11619.67  2.1922739E+00
  11620.17  2.1912807E+00
  11620.67  2.1888436E+00
  11621.17  2.1850769E+00
  11621.67  2.1801249E+00
  11622.17  2.1741517E+00
  11622.67  2.1673305E+00
  11623.17  2.1598354E+00
  11623.67  2.1518357E+00
  11624.17  2.1434909E+00
  11624.67  2.1349912E+00
  11625.17  2.1264058E+00
  11625.67  2.1180458E+00
  11626.17  2.1097057E+00
  11627.17  2.0943572E+00
  11628.17  2.0810503E+00
  11629.17  2.0700805E+00
  11630.17  2.0613195E+00
  11631.17  2.0542953E+00
  11632.17  2.0483451E+00
  11633.17  2.0427901E+00
  11634.17  2.0370976E+00
  11635.17  2.0309931E+00
  11636.17  2.0244913E+00
  11637.17  2.0178292E+00
  11638.17  2.0113286E+00
  11639.17  2.0052501E+00
  11640.17  1.9997050E+00
  11641.17  1.9946531E+00
  11642.17  1.9899666E+00
  11643.17  1.9855204E+00
  11644.17  1.9812727E+00
  11645.17  1.9773146E+00
  11646.17  1.9738780E+00
  11647.17  1.9713030E+00
  11648.17  1.9699724E+00
  11649.17  1.9702346E+00
  11650.17  1.9723366E+00
  11651.17  1.9763842E+00
  11652.17  1.9823257E+00
  11653.17  1.9899532E+00
  11654.17  1.9989172E+00
  11655.17  2.0087579E+00
  11656.17  2.0189570E+00
  11657.17  2.0290018E+00
  11658.17  2.0384464E+00
  11659.17  2.0469516E+00
  11660.17  2.0542990E+00
  11661.17  2.0603821E+00
  11662.17  2.0651877E+00
  11663.17  2.0687734E+00
  11664.17  2.0712480E+00
  11665.17  2.0727533E+00
  11666.17  2.0734465E+00
  11667.17  2.0734820E+00
  11668.17  2.0729959E+00
  11669.17  2.0720948E+00
  11670.17  2.0708528E+00
  11671.17  2.0693176E+00
  11672.17  2.0675204E+00
  11673.17  2.0654890E+00
  11674.17  2.0632575E+00
  11675.17  2.0608730E+00
  11676.17  2.0583995E+00
  11677.17  2.0559208E+00
  11678.17  2.0535415E+00
  11679.17  2.0513846E+00
  11680.17  2.0495849E+00
  11681.17  2.0482750E+00
  11682.17  2.0475665E+00
  11683.17  2.0475312E+00
  11684.17  2.0481855E+00
  11685.17  2.0494810E+00
  11686.17  2.0513034E+00
  11687.17  2.0534775E+00
  11688.17  2.0557769E+00
  11689.17  2.0579375E+00
  11690.17  2.0596744E+00
  11691.17  2.0607017E+00
  11692.17  2.0607540E+00
  11693.17  2.0596084E+00
  11694.17  2.0571039E+00
  11695.17  2.0531553E+00
  11696.17  2.0477616E+00
  11697.17  2.0410057E+00
  11698.17  2.0330464E+00
  11699.17  2.0241043E+00
  11700.17  2.0144430E+00
  11701.17  2.0043484E+00
  11702.17  1.9941104E+00
  11703.17  1.9840071E+00
  11704.17  1.9742942E+00
  11705.17  1.9651988E+00
  11706.17  1.9569173E+00
  11707.17  1.9496144E+00
  11708.17  1.9434223E+00
  11709.17  1.9384393E+00
  11710.17  1.9347275E+00
  11711.17  1.9323115E+00
  11712.17  1.9311783E+00
  11713.17  1.9312795E+00
  11714.17  1.9325360E+00
  11715.17  1.9348439E+00
  11716.17  1.9380814E+00
  11717.17  1.9421148E+00
  11718.17  1.9468036E+00
  11719.17  1.9520032E+00
  11720.17  1.9575666E+00
  11721.17  1.9633452E+00
  11722.17  1.9691913E+00
  11723.17  1.9749601E+00
  11724.17  1.9805136E+00
  11725.17  1.9857231E+00
  11726.17  1.9904714E+00
  11727.17  1.9946542E+00
  11728.17  1.9981807E+00
  11729.17  2.0009758E+00
  11730.17  2.0029811E+00
  11731.17  2.0041582E+00
  11732.17  2.0044915E+00
  11733.17  2.0039921E+00
  11734.17  2.0027009E+00
  11735.17  2.0006915E+00
  11736.17  1.9980706E+00
  11737.17  1.9949759E+00
  11738.17  1.9915715E+00
  11739.17  1.9880402E+00
  11740.17  1.9845745E+00
  11741.17  1.9813648E+00
  11742.17  1.9785885E+00
  11743.17  1.9763987E+00
  11744.17  1.9749146E+00
  11745.17  1.9742134E+00
  11746.17  1.9743242E+00
  11747.17  1.9752240E+00
  11748.17  1.9768381E+00
  11749.17  1.9790449E+00
  11750.17  1.9816861E+00
  11751.17  1.9845795E+00
  11752.17  1.9875336E+00
  11753.17  1.9903611E+00
  11754.17  1.9928898E+00
  11755.17  1.9949694E+00
  11756.17  1.9964766E+00
  11757.17  1.9973166E+00
  11758.17  1.9974242E+00
  11759.17  1.9967632E+00
  11760.17  1.9953255E+00
  11761.17  1.9931286E+00
  11762.17  1.9902134E+00
  11763.17  1.9866396E+00
  11764.17  1.9824813E+00
  11765.17  1.9778228E+00
  11766.17  1.9727552E+00
  11767.17  1.9673733E+00
  11768.17  1.9617743E+00
  11769.17  1.9560558E+00
  11770.17  1.9503145E+00
  11771.17  1.9446443E+00
  11772.17  1.9391350E+00
  11773.17  1.9338706E+00
  11774.17  1.9289283E+00
  11775.17  1.9243775E+00
  11776.17  1.9202793E+00
  11777.17  1.9166863E+00
  11778.17  1.9136419E+00
  11779.17  1.9111801E+00
  11780.17  1.9093240E+00
  11781.17  1.9080847E+00
  11782.17  1.9074599E+00
  11783.17  1.9074340E+00
  11784.17  1.9079776E+00
  11785.17  1.9090483E+00
  11786.17  1.9105910E+00
  11787.17  1.9125382E+00
  11788.17  1.9148115E+00
  11789.17  1.9173237E+00
  11790.17  1.9199824E+00
  11791.17  1.9226943E+00
  11792.17  1.9253698E+00
  11793.17  1.9279270E+00
  11794.17  1.9302947E+00
  11795.17  1.9324151E+00
  11796.17  1.9342459E+00
  11797.17  1.9357628E+00
  11798.17  1.9369620E+00
  11799.17  1.9378619E+00
  11800.17  1.9385036E+00
  11801.17  1.9389497E+00
  11802.17  1.9392806E+00
  11803.17  1.9395885E+00
  11804.17  1.9399700E+00
  11805.17  1.9405174E+00
  11806.17  1.9413102E+00
  11807.17  1.9424071E+00
  11808.17  1.9438389E+00
  11809.17  1.9456028E+00
  11810.17  1.9476565E+00
  11811.17  1.9499141E+00
  11812.17  1.9522438E+00
  11813.17  1.9544762E+00
