    Energy    <xanes>    
  11364.00  6.9225077E-03
  11364.01  6.9225508E-03
  11364.03  6.9226615E-03
  11364.05  6.9228275E-03
  11364.05  6.9228613E-03
  11364.06  6.9229413E-03
  11364.07  6.9230108E-03
  11364.07  6.9230897E-03
  11364.08  6.9231191E-03
  11364.11  6.9236459E-03
  11364.14  6.9242281E-03
  11364.14  6.9242475E-03
  11364.15  6.9243315E-03
  11364.15  6.9243751E-03
  11364.15  6.9244716E-03
  11364.16  6.9245213E-03
  11364.17  6.9249188E-03
  11364.17  6.9249749E-03
  11364.19  6.9255803E-03
  11364.19  6.9256099E-03
  11364.20  6.9257034E-03
  11364.20  6.9257688E-03
  11364.20  6.9258374E-03
  11364.20  6.9259091E-03
  11364.23  6.9267325E-03
  11364.23  6.9268089E-03
  11364.24  6.9270873E-03
  11364.24  6.9275005E-03
  11364.26  6.9281438E-03
  11364.27  6.9284011E-03
  11364.28  6.9288301E-03
  11364.78  6.9503100E-03
  11365.28  6.9719043E-03
  11365.62  6.9867384E-03
  11366.12  7.0085271E-03
  11366.62  7.0304325E-03
  11367.12  7.0524554E-03
  11367.62  7.0745969E-03
  11368.12  7.0968578E-03
  11368.62  7.1192391E-03
  11369.12  7.1417417E-03
  11369.62  7.1643666E-03
  11370.12  7.1871148E-03
  11370.62  7.2099872E-03
  11371.12  7.2329848E-03
  11371.62  7.2561087E-03
  11372.12  7.2793599E-03
  11372.62  7.3027393E-03
  11373.12  7.3262480E-03
  11373.62  7.3498871E-03
  11374.12  7.3736576E-03
  11374.62  7.3975606E-03
  11375.12  7.4215971E-03
  11375.62  7.4457683E-03
  11376.12  7.4700752E-03
  11376.62  7.4945190E-03
  11377.12  7.5191008E-03
  11377.62  7.5438217E-03
  11378.12  7.5686829E-03
  11378.62  7.5936856E-03
  11379.12  7.6188308E-03
  11379.62  7.6441199E-03
  11380.12  7.6695540E-03
  11380.62  7.6951344E-03
  11381.12  7.7208622E-03
  11381.62  7.7467387E-03
  11382.12  7.7727652E-03
  11382.62  7.7989429E-03
  11383.12  7.8252732E-03
  11383.62  7.8517573E-03
  11384.12  7.8783965E-03
  11384.62  7.9051923E-03
  11385.12  7.9321458E-03
  11385.62  7.9592585E-03
  11386.12  7.9865318E-03
  11386.62  8.0139671E-03
  11387.12  8.0415657E-03
  11387.62  8.0693290E-03
  11388.12  8.0972587E-03
  11388.62  8.1253560E-03
  11389.12  8.1536225E-03
  11389.62  8.1820596E-03
  11390.12  8.2106689E-03
  11390.62  8.2394519E-03
  11391.12  8.2684101E-03
  11391.62  8.2975452E-03
  11392.12  8.3268586E-03
  11392.62  8.3563520E-03
  11393.12  8.3860271E-03
  11393.62  8.4158854E-03
  11394.12  8.4459286E-03
  11394.62  8.4761584E-03
  11395.12  8.5065765E-03
  11395.62  8.5371846E-03
  11396.12  8.5679844E-03
  11396.62  8.5989778E-03
  11397.12  8.6301665E-03
  11397.62  8.6615523E-03
  11398.12  8.6931371E-03
  11398.62  8.7249226E-03
  11399.12  8.7569108E-03
  11399.62  8.7891036E-03
  11400.12  8.8215028E-03
  11400.62  8.8541105E-03
  11401.12  8.8869286E-03
  11401.62  8.9199590E-03
  11402.12  8.9532039E-03
  11402.62  8.9866653E-03
  11403.12  9.0203451E-03
  11403.62  9.0542457E-03
  11404.12  9.0883689E-03
  11404.62  9.1227171E-03
  11405.12  9.1572923E-03
  11405.62  9.1920968E-03
  11406.12  9.2271329E-03
  11406.62  9.2624028E-03
  11407.12  9.2979087E-03
  11407.62  9.3336530E-03
  11408.12  9.3696381E-03
  11408.62  9.4058664E-03
  11409.12  9.4423402E-03
  11409.62  9.4790621E-03
  11410.12  9.5160344E-03
  11410.62  9.5532597E-03
  11411.12  9.5907406E-03
  11411.62  9.6284797E-03
  11412.12  9.6664795E-03
  11412.62  9.7047427E-03
  11413.12  9.7432720E-03
  11413.62  9.7820702E-03
  11414.12  9.8211399E-03
  11414.62  9.8604840E-03
  11415.12  9.9001054E-03
  11415.62  9.9400068E-03
  11416.12  9.9801913E-03
  11416.62  1.0020662E-02
  11417.12  1.0061421E-02
  11417.62  1.0102473E-02
  11418.12  1.0143819E-02
  11418.62  1.0185464E-02
  11419.12  1.0227410E-02
  11419.62  1.0269661E-02
  11420.12  1.0312220E-02
  11420.62  1.0355089E-02
  11421.12  1.0398274E-02
  11421.62  1.0441776E-02
  11422.12  1.0485600E-02
  11422.62  1.0529748E-02
  11423.12  1.0574226E-02
  11423.62  1.0619035E-02
  11424.12  1.0664179E-02
  11424.62  1.0709664E-02
  11425.12  1.0755491E-02
  11425.62  1.0801666E-02
  11426.12  1.0848191E-02
  11426.62  1.0895071E-02
  11427.12  1.0942310E-02
  11427.62  1.0989912E-02
  11428.12  1.1037881E-02
  11428.62  1.1086221E-02
  11429.12  1.1134937E-02
  11429.62  1.1184032E-02
  11430.12  1.1233511E-02
  11430.62  1.1283379E-02
  11431.12  1.1333640E-02
  11431.62  1.1384298E-02
  11432.12  1.1435359E-02
  11432.62  1.1486827E-02
  11433.12  1.1538706E-02
  11433.62  1.1591003E-02
  11434.12  1.1643720E-02
  11434.62  1.1696865E-02
  11435.12  1.1750441E-02
  11435.62  1.1804454E-02
  11436.12  1.1858910E-02
  11436.62  1.1913812E-02
  11437.12  1.1969168E-02
  11437.62  1.2024983E-02
  11438.12  1.2081261E-02
  11438.62  1.2138009E-02
  11439.12  1.2195233E-02
  11439.62  1.2252939E-02
  11440.12  1.2311132E-02
  11440.62  1.2369819E-02
  11441.12  1.2429005E-02
  11441.62  1.2488698E-02
  11442.12  1.2548904E-02
  11442.62  1.2609628E-02
  11443.12  1.2670878E-02
  11443.62  1.2732661E-02
  11444.12  1.2794983E-02
  11444.62  1.2857851E-02
  11445.12  1.2921272E-02
  11445.62  1.2985255E-02
  11446.12  1.3049805E-02
  11446.62  1.3114930E-02
  11447.12  1.3180639E-02
  11447.62  1.3246938E-02
  11448.12  1.3313836E-02
  11448.62  1.3381341E-02
  11449.12  1.3449460E-02
  11449.62  1.3518203E-02
  11450.12  1.3587577E-02
  11450.62  1.3657591E-02
  11451.12  1.3728255E-02
  11451.62  1.3799576E-02
  11452.12  1.3871564E-02
  11452.62  1.3944228E-02
  11453.12  1.4017578E-02
  11453.62  1.4091623E-02
  11454.12  1.4166374E-02
  11454.62  1.4241839E-02
  11455.12  1.4318029E-02
  11455.62  1.4394955E-02
  11456.12  1.4472627E-02
  11456.62  1.4551056E-02
  11457.12  1.4630252E-02
  11457.62  1.4710227E-02
  11458.12  1.4790993E-02
  11458.62  1.4872561E-02
  11459.12  1.4954942E-02
  11459.62  1.5038149E-02
  11460.12  1.5122194E-02
  11460.62  1.5207090E-02
  11461.12  1.5292849E-02
  11461.62  1.5379484E-02
  11462.12  1.5467010E-02
  11462.62  1.5555439E-02
  11463.12  1.5644785E-02
  11463.62  1.5735063E-02
  11464.12  1.5826286E-02
  11464.62  1.5918470E-02
  11465.12  1.6011630E-02
  11465.62  1.6105781E-02
  11466.12  1.6200939E-02
  11466.62  1.6297119E-02
  11467.12  1.6394339E-02
  11467.62  1.6492614E-02
  11468.12  1.6591962E-02
  11468.62  1.6692401E-02
  11469.12  1.6793947E-02
  11469.62  1.6896621E-02
  11470.12  1.7000439E-02
  11470.62  1.7105421E-02
  11471.12  1.7211586E-02
  11471.62  1.7318955E-02
  11472.12  1.7427548E-02
  11472.62  1.7537385E-02
  11473.12  1.7648488E-02
  11473.62  1.7760878E-02
  11474.12  1.7874578E-02
  11474.62  1.7989610E-02
  11475.12  1.8105999E-02
  11475.62  1.8223766E-02
  11476.12  1.8342938E-02
  11476.62  1.8463538E-02
  11477.12  1.8585593E-02
  11477.62  1.8709129E-02
  11478.12  1.8834172E-02
  11478.62  1.8960750E-02
  11479.12  1.9088891E-02
  11479.62  1.9218624E-02
  11480.12  1.9349978E-02
  11480.62  1.9482984E-02
  11481.12  1.9617673E-02
  11481.62  1.9754075E-02
  11482.12  1.9892225E-02
  11482.62  2.0032155E-02
  11483.12  2.0173900E-02
  11483.62  2.0317495E-02
  11484.12  2.0462976E-02
  11484.62  2.0610379E-02
  11485.12  2.0759744E-02
  11485.62  2.0911108E-02
  11486.12  2.1064513E-02
  11486.62  2.1219998E-02
  11487.12  2.1377606E-02
  11487.62  2.1537381E-02
  11488.12  2.1699368E-02
  11488.62  2.1863611E-02
  11489.12  2.2030158E-02
  11489.62  2.2199057E-02
  11490.12  2.2370358E-02
  11490.62  2.2544113E-02
  11491.12  2.2720372E-02
  11491.62  2.2899192E-02
  11492.12  2.3080627E-02
  11492.62  2.3264735E-02
  11493.12  2.3451574E-02
  11493.62  2.3641205E-02
  11494.12  2.3833691E-02
  11494.62  2.4029096E-02
  11495.12  2.4227487E-02
  11495.62  2.4428931E-02
  11496.12  2.4633500E-02
  11496.62  2.4841265E-02
  11497.12  2.5052301E-02
  11497.62  2.5266686E-02
  11498.12  2.5484500E-02
  11498.62  2.5705824E-02
  11499.12  2.5930744E-02
  11499.62  2.6159346E-02
  11500.12  2.6391722E-02
  11500.62  2.6627965E-02
  11501.12  2.6868171E-02
  11501.62  2.7112439E-02
  11502.12  2.7360874E-02
  11502.62  2.7613582E-02
  11503.12  2.7870672E-02
  11503.62  2.8132260E-02
  11504.12  2.8398462E-02
  11504.62  2.8669401E-02
  11505.12  2.8945205E-02
  11505.62  2.9226003E-02
  11506.12  2.9511931E-02
  11506.62  2.9803131E-02
  11507.12  3.0099749E-02
  11507.62  3.0401935E-02
  11508.12  3.0709846E-02
  11508.62  3.1023646E-02
  11509.12  3.1343504E-02
  11509.62  3.1669595E-02
  11510.12  3.2002103E-02
  11510.62  3.2341216E-02
  11511.12  3.2687131E-02
  11511.62  3.3040055E-02
  11512.12  3.3400201E-02
  11512.62  3.3767789E-02
  11513.12  3.4143053E-02
  11513.62  3.4526233E-02
  11514.12  3.4917579E-02
  11514.62  3.5317354E-02
  11515.12  3.5725831E-02
  11515.62  3.6143294E-02
  11516.12  3.6570041E-02
  11516.62  3.7006383E-02
  11517.12  3.7452644E-02
  11517.62  3.7909163E-02
  11518.12  3.8376296E-02
  11518.62  3.8854413E-02
  11519.12  3.9343904E-02
  11519.62  3.9845176E-02
  11520.12  4.0358654E-02
  11520.62  4.0884788E-02
  11521.12  4.1424047E-02
  11521.62  4.1976922E-02
  11522.12  4.2543934E-02
  11522.62  4.3125624E-02
  11523.12  4.3722567E-02
  11523.62  4.4335364E-02
  11524.12  4.4964649E-02
  11524.62  4.5611091E-02
  11525.12  4.6275394E-02
  11525.62  4.6958302E-02
  11526.12  4.7660599E-02
  11526.62  4.8383116E-02
  11527.12  4.9126729E-02
  11527.62  4.9892366E-02
  11528.12  5.0681011E-02
  11528.62  5.1493705E-02
  11529.12  5.2331553E-02
  11529.62  5.3195729E-02
  11530.12  5.4087478E-02
  11530.62  5.5008129E-02
  11531.12  5.5959091E-02
  11531.62  5.6941869E-02
  11532.12  5.7958067E-02
  11532.62  5.9009398E-02
  11533.12  6.0097692E-02
  11533.62  6.1224909E-02
  11534.12  6.2393146E-02
  11534.62  6.3604652E-02
  11535.12  6.4861843E-02
  11535.62  6.6167315E-02
  11536.12  6.7523862E-02
  11536.62  6.8934494E-02
  11537.12  7.0402460E-02
  11537.62  7.1931272E-02
  11538.12  7.3524729E-02
  11538.62  7.5186947E-02
  11539.12  7.6922397E-02
  11539.62  7.8735936E-02
  11540.12  8.0632856E-02
  11540.62  8.2618929E-02
  11541.12  8.4700463E-02
  11541.62  8.6884362E-02
  11542.12  8.9178203E-02
  11542.62  9.1590313E-02
  11543.12  9.4129865E-02
  11543.62  9.6806983E-02
  11544.12  9.9632874E-02
  11544.62  1.0261996E-01
  11545.12  1.0578207E-01
  11545.62  1.0913459E-01
  11546.12  1.1269475E-01
  11546.62  1.1648185E-01
  11547.12  1.2051760E-01
  11547.62  1.2482647E-01
  11548.12  1.2943620E-01
  11548.62  1.3437823E-01
  11549.12  1.3968845E-01
  11549.62  1.4540791E-01
  11550.12  1.5158376E-01
  11550.62  1.5827043E-01
  11551.12  1.6553102E-01
  11551.62  1.7343899E-01
  11552.12  1.8208037E-01
  11552.62  1.9155640E-01
  11553.12  2.0198693E-01
  11553.62  2.1351466E-01
  11554.12  2.2628794E-01
  11554.62  2.4048837E-01
  11555.12  2.5646779E-01
  11555.62  2.7447558E-01
  11555.72  2.7835230E-01
  11555.82  2.8232837E-01
  11555.92  2.8640738E-01
  11556.02  2.9059304E-01
  11556.12  2.9488926E-01
  11556.22  2.9930011E-01
  11556.32  3.0382986E-01
  11556.42  3.0848297E-01
  11556.52  3.1326412E-01
  11556.62  3.1817820E-01
  11556.72  3.2323033E-01
  11556.82  3.2842588E-01
  11556.92  3.3377050E-01
  11557.02  3.3927006E-01
  11557.12  3.4493078E-01
  11557.22  3.5075914E-01
  11557.32  3.5676197E-01
  11557.42  3.6294641E-01
  11557.52  3.6932000E-01
  11557.62  3.7589061E-01
  11557.72  3.8266656E-01
  11557.82  3.8965656E-01
  11557.92  3.9686977E-01
  11558.02  4.0431585E-01
  11558.12  4.1200492E-01
  11558.22  4.1994766E-01
  11558.32  4.2815529E-01
  11558.42  4.3663962E-01
  11558.52  4.4541308E-01
  11558.62  4.5448878E-01
  11558.72  4.6388048E-01
  11558.82  4.7360269E-01
  11558.92  4.8367069E-01
  11559.02  4.9410056E-01
  11559.12  5.0490923E-01
  11559.22  5.1611451E-01
  11559.32  5.2773514E-01
  11559.42  5.3979087E-01
  11559.52  5.5230242E-01
  11559.62  5.6529159E-01
  11559.72  5.7878130E-01
  11559.82  5.9279558E-01
  11559.92  6.0735966E-01
  11560.02  6.2249995E-01
  11560.12  6.3824412E-01
  11560.22  6.5462106E-01
  11560.32  6.7166096E-01
  11560.42  6.8939521E-01
  11560.52  7.0785646E-01
  11560.62  7.2707856E-01
  11560.72  7.4709647E-01
  11560.82  7.6794618E-01
  11560.92  7.8966461E-01
  11561.02  8.1228942E-01
  11561.12  8.3585879E-01
  11561.22  8.6041118E-01
  11561.32  8.8598496E-01
  11561.42  9.1261804E-01
  11561.52  9.4034736E-01
  11561.62  9.6920830E-01
  11561.72  9.9923399E-01
  11561.82  1.0304545E+00
  11561.92  1.0628959E+00
  11562.02  1.0965793E+00
  11562.12  1.1315194E+00
  11562.22  1.1677232E+00
  11562.32  1.2051889E+00
  11562.42  1.2439038E+00
  11562.52  1.2838428E+00
  11562.62  1.3249667E+00
  11562.72  1.3672205E+00
  11562.82  1.4105314E+00
  11562.92  1.4548074E+00
  11563.02  1.4999361E+00
  11563.12  1.5457833E+00
  11563.22  1.5921929E+00
  11563.32  1.6389865E+00
  11563.42  1.6859642E+00
  11563.52  1.7329060E+00
  11563.62  1.7795745E+00
  11563.72  1.8257176E+00
  11563.82  1.8710725E+00
  11563.92  1.9153710E+00
  11564.02  1.9583445E+00
  11564.12  1.9997278E+00
  11564.22  2.0392621E+00
  11564.32  2.0767015E+00
  11564.42  2.1118259E+00
  11564.52  2.1444494E+00
  11564.62  2.1744202E+00
  11564.72  2.2016232E+00
  11564.82  2.2259812E+00
  11564.92  2.2474556E+00
  11565.02  2.2660451E+00
  11565.12  2.2817839E+00
  11565.22  2.2947382E+00
  11565.32  2.3050025E+00
  11565.42  2.3126953E+00
  11565.52  2.3179541E+00
  11565.62  2.3209310E+00
  11565.72  2.3217879E+00
  11565.82  2.3206924E+00
  11565.92  2.3178146E+00
  11566.02  2.3133234E+00
  11566.12  2.3073843E+00
  11566.22  2.3001567E+00
  11566.32  2.2917930E+00
  11566.42  2.2824369E+00
  11566.52  2.2722230E+00
  11566.62  2.2612763E+00
  11566.72  2.2497122E+00
  11566.82  2.2376366E+00
  11566.92  2.2251461E+00
  11567.02  2.2123287E+00
  11567.12  2.1992640E+00
  11567.22  2.1860237E+00
  11567.32  2.1726725E+00
  11567.42  2.1592685E+00
  11567.52  2.1458636E+00
  11567.62  2.1325042E+00
  11567.72  2.1192316E+00
  11567.82  2.1060824E+00
  11567.92  2.0930891E+00
  11568.02  2.0802803E+00
  11568.12  2.0676812E+00
  11568.22  2.0553136E+00
  11568.32  2.0431966E+00
  11568.42  2.0313465E+00
  11568.52  2.0197772E+00
  11568.62  2.0085004E+00
  11568.72  1.9975258E+00
  11568.82  1.9868611E+00
  11568.92  1.9765123E+00
  11569.02  1.9664840E+00
  11569.12  1.9567793E+00
  11569.22  1.9473998E+00
  11569.32  1.9383461E+00
  11569.42  1.9296177E+00
  11569.52  1.9212132E+00
  11569.62  1.9131302E+00
  11569.72  1.9053654E+00
  11569.82  1.8979149E+00
  11569.92  1.8907742E+00
  11570.02  1.8839382E+00
  11570.12  1.8774011E+00
  11570.22  1.8711567E+00
  11570.32  1.8651986E+00
  11570.42  1.8595198E+00
  11570.52  1.8541129E+00
  11570.62  1.8489705E+00
  11570.72  1.8440849E+00
  11570.82  1.8394480E+00
  11570.92  1.8350517E+00
  11571.02  1.8308880E+00
  11571.12  1.8269484E+00
  11571.22  1.8232248E+00
  11571.32  1.8197090E+00
  11571.42  1.8163928E+00
  11571.52  1.8132682E+00
  11571.62  1.8103275E+00
  11571.72  1.8075630E+00
  11571.82  1.8049674E+00
  11571.92  1.8025339E+00
  11572.02  1.8002556E+00
  11572.12  1.7981266E+00
  11572.22  1.7961409E+00
  11572.32  1.7942934E+00
  11572.42  1.7925791E+00
  11572.52  1.7909939E+00
  11572.62  1.7895339E+00
  11572.72  1.7881959E+00
  11572.82  1.7869771E+00
  11572.92  1.7858753E+00
  11573.02  1.7848886E+00
  11573.12  1.7840159E+00
  11573.22  1.7832560E+00
  11573.32  1.7826085E+00
  11573.42  1.7820729E+00
  11573.52  1.7816494E+00
  11573.62  1.7813380E+00
  11573.72  1.7811390E+00
  11573.82  1.7810527E+00
  11573.92  1.7810795E+00
  11574.02  1.7812196E+00
  11574.12  1.7814731E+00
  11574.22  1.7818401E+00
  11574.32  1.7823204E+00
  11574.42  1.7829132E+00
  11574.52  1.7836179E+00
  11574.62  1.7844332E+00
  11574.72  1.7853576E+00
  11574.82  1.7863890E+00
  11574.92  1.7875251E+00
  11575.02  1.7887631E+00
  11575.12  1.7900996E+00
  11575.22  1.7915311E+00
  11575.32  1.7930533E+00
  11575.42  1.7946618E+00
  11575.52  1.7963518E+00
  11575.62  1.7981178E+00
  11575.72  1.7999543E+00
  11575.82  1.8018554E+00
  11575.92  1.8038149E+00
  11576.02  1.8058264E+00
  11576.12  1.8078832E+00
  11576.22  1.8099785E+00
  11576.32  1.8121054E+00
  11576.42  1.8142570E+00
  11576.52  1.8164263E+00
  11576.62  1.8186061E+00
  11576.72  1.8207897E+00
  11576.82  1.8229700E+00
  11576.92  1.8251405E+00
  11577.02  1.8272945E+00
  11577.12  1.8294257E+00
  11577.22  1.8315280E+00
  11577.32  1.8335954E+00
  11577.42  1.8356225E+00
  11577.52  1.8376040E+00
  11577.62  1.8395349E+00
  11577.72  1.8414106E+00
  11577.82  1.8432270E+00
  11577.92  1.8449800E+00
  11578.02  1.8466663E+00
  11578.12  1.8482825E+00
  11578.22  1.8498260E+00
  11578.32  1.8512941E+00
  11578.42  1.8526847E+00
  11578.52  1.8539961E+00
  11578.62  1.8552266E+00
  11578.72  1.8563750E+00
  11578.82  1.8574402E+00
  11578.92  1.8584215E+00
  11579.02  1.8593184E+00
  11579.12  1.8601306E+00
  11579.22  1.8608578E+00
  11579.32  1.8615003E+00
  11579.42  1.8620581E+00
  11579.52  1.8625317E+00
  11579.62  1.8629216E+00
  11579.72  1.8632286E+00
  11579.82  1.8634534E+00
  11579.92  1.8635970E+00
  11580.02  1.8636607E+00
  11580.12  1.8636457E+00
  11580.22  1.8635535E+00
  11580.32  1.8633858E+00
  11580.42  1.8631443E+00
  11580.52  1.8628311E+00
  11580.62  1.8624483E+00
  11580.72  1.8619984E+00
  11580.82  1.8614838E+00
  11580.92  1.8609076E+00
  11581.02  1.8602725E+00
  11581.12  1.8595818E+00
  11581.22  1.8588390E+00
  11581.32  1.8580476E+00
  11581.42  1.8572114E+00
  11581.52  1.8563345E+00
  11581.62  1.8554211E+00
  11581.72  1.8544754E+00
  11581.82  1.8535020E+00
  11581.92  1.8525056E+00
  11582.02  1.8514910E+00
  11582.12  1.8504630E+00
  11582.22  1.8494267E+00
  11582.32  1.8483872E+00
  11582.42  1.8473495E+00
  11582.52  1.8463190E+00
  11582.62  1.8453006E+00
  11582.72  1.8442998E+00
  11582.82  1.8433215E+00
  11582.92  1.8423709E+00
  11583.02  1.8414531E+00
  11583.12  1.8405729E+00
  11583.22  1.8397353E+00
  11583.32  1.8389448E+00
  11583.42  1.8382061E+00
  11583.52  1.8375236E+00
  11583.62  1.8369013E+00
  11583.72  1.8363433E+00
  11583.82  1.8358533E+00
  11583.92  1.8354349E+00
  11584.02  1.8350914E+00
  11584.12  1.8348257E+00
  11584.22  1.8346408E+00
  11584.32  1.8345389E+00
  11584.42  1.8345225E+00
  11584.52  1.8345934E+00
  11584.62  1.8347534E+00
  11584.72  1.8350038E+00
  11584.82  1.8353458E+00
  11584.92  1.8357802E+00
  11585.02  1.8363076E+00
  11585.12  1.8369285E+00
  11585.22  1.8376429E+00
  11585.32  1.8384506E+00
  11585.42  1.8393513E+00
  11585.52  1.8403444E+00
  11585.62  1.8414292E+00
  11585.72  1.8426047E+00
  11585.82  1.8438698E+00
  11585.92  1.8452232E+00
  11586.02  1.8466636E+00
  11586.12  1.8481893E+00
  11586.22  1.8497988E+00
  11586.32  1.8514905E+00
  11586.42  1.8532624E+00
  11586.52  1.8551129E+00
  11586.62  1.8570401E+00
  11586.72  1.8590421E+00
  11586.82  1.8611171E+00
  11586.92  1.8632633E+00
  11587.02  1.8654788E+00
  11587.12  1.8677619E+00
  11587.22  1.8701109E+00
  11587.32  1.8725242E+00
  11587.42  1.8750000E+00
  11587.52  1.8775369E+00
  11587.62  1.8801333E+00
  11587.72  1.8827880E+00
  11587.82  1.8854994E+00
  11587.92  1.8882663E+00
  11588.02  1.8910875E+00
  11588.12  1.8939617E+00
  11588.22  1.8968878E+00
  11588.32  1.8998645E+00
  11588.42  1.9028906E+00
  11588.52  1.9059651E+00
  11588.62  1.9090865E+00
  11588.72  1.9122538E+00
  11588.82  1.9154655E+00
  11588.92  1.9187203E+00
  11589.02  1.9220166E+00
  11589.12  1.9253528E+00
  11589.22  1.9287271E+00
  11589.32  1.9321377E+00
  11589.42  1.9355825E+00
  11589.52  1.9390593E+00
  11589.62  1.9425656E+00
  11589.72  1.9460990E+00
  11589.82  1.9496566E+00
  11589.92  1.9532353E+00
  11590.02  1.9568321E+00
  11590.12  1.9604436E+00
  11590.22  1.9640660E+00
  11590.32  1.9676957E+00
  11590.42  1.9713285E+00
  11590.52  1.9749603E+00
  11590.62  1.9785868E+00
  11590.72  1.9822033E+00
  11590.82  1.9858051E+00
  11590.92  1.9893875E+00
  11591.02  1.9929453E+00
  11591.12  1.9964735E+00
  11591.22  1.9999669E+00
  11591.32  2.0034203E+00
  11591.42  2.0068284E+00
  11591.52  2.0101859E+00
  11591.62  2.0134876E+00
  11591.72  2.0167281E+00
  11591.82  2.0199023E+00
  11591.92  2.0230051E+00
  11592.02  2.0260316E+00
  11592.12  2.0289770E+00
  11592.22  2.0318366E+00
  11592.32  2.0346060E+00
  11592.42  2.0372811E+00
  11592.52  2.0398580E+00
  11592.62  2.0423330E+00
  11592.72  2.0447028E+00
  11592.82  2.0469644E+00
  11592.92  2.0491152E+00
  11593.02  2.0511528E+00
  11593.12  2.0530754E+00
  11593.22  2.0548813E+00
  11593.32  2.0565695E+00
  11593.42  2.0581391E+00
  11593.52  2.0595898E+00
  11593.62  2.0609215E+00
  11593.72  2.0621346E+00
  11593.82  2.0632298E+00
  11593.92  2.0642082E+00
  11594.02  2.0650694E+00
  11594.12  2.0657839E+00
  11594.22  2.0663399E+00
  11594.32  2.0667487E+00
  11594.42  2.0671328E+00
  11594.52  2.0675093E+00
  11594.62  2.0678049E+00
  11594.72  2.0679488E+00
  11594.82  2.0678878E+00
  11594.92  2.0677920E+00
  11595.02  2.0676899E+00
  11595.12  2.0675220E+00
  11595.22  2.0672303E+00
  11595.32  2.0667738E+00
  11595.42  2.0662897E+00
  11595.52  2.0658010E+00
  11595.62  2.0652639E+00
  11596.12  2.0615240E+00
  11596.62  2.0567882E+00
  11597.12  2.0515015E+00
  11597.62  2.0460464E+00
  11598.12  2.0407304E+00
  11598.62  2.0357769E+00
  11599.12  2.0313204E+00
  11599.62  2.0274061E+00
  11600.12  2.0239964E+00
  11600.62  2.0209865E+00
  11601.12  2.0182277E+00
  11601.62  2.0155579E+00
  11602.12  2.0128334E+00
  11602.62  2.0099573E+00
  11603.12  2.0068980E+00
  11603.62  2.0036951E+00
  11604.12  2.0004525E+00
  11604.62  1.9973232E+00
  11605.12  1.9944900E+00
  11605.62  1.9921453E+00
  11606.12  1.9904757E+00
  11606.62  1.9896489E+00
  11607.12  1.9898044E+00
  11607.62  1.9910472E+00
  11608.12  1.9934437E+00
  11608.62  1.9970204E+00
  11609.12  2.0017639E+00
  11609.62  2.0076244E+00
  11610.12  2.0145196E+00
  11610.62  2.0223405E+00
  11611.12  2.0309581E+00
  11611.62  2.0402300E+00
  11612.12  2.0500058E+00
  11612.62  2.0601310E+00
  11613.12  2.0704489E+00
  11613.62  2.0808011E+00
  11614.12  2.0910272E+00
  11614.62  2.1009664E+00
  11615.12  2.1104608E+00
  11615.62  2.1193601E+00
  11616.12  2.1275275E+00
  11616.62  2.1348447E+00
  11617.12  2.1412143E+00
  11617.62  2.1465604E+00
  11618.12  2.1508275E+00
  11618.62  2.1539791E+00
  11619.12  2.1559979E+00
  11619.62  2.1568863E+00
  11620.12  2.1566679E+00
  11620.62  2.1553880E+00
  11621.12  2.1531126E+00
  11621.62  2.1499264E+00
  11622.12  2.1459284E+00
  11622.62  2.1412280E+00
  11623.12  2.1359402E+00
  11623.62  2.1301815E+00
  11624.12  2.1240639E+00
  11624.62  2.1176792E+00
  11625.12  2.1112085E+00
  11625.62  2.1047191E+00
  11626.62  2.0919296E+00
  11627.62  2.0798911E+00
  11628.62  2.0689735E+00
  11629.62  2.0593188E+00
  11630.62  2.0508634E+00
  11631.62  2.0433961E+00
  11632.62  2.0366356E+00
  11633.62  2.0303090E+00
  11634.62  2.0242147E+00
  11635.62  2.0182557E+00
  11636.62  2.0124364E+00
  11637.62  2.0068271E+00
  11638.62  2.0015136E+00
  11639.62  1.9965540E+00
  11640.62  1.9919620E+00
  11641.62  1.9877180E+00
  11642.62  1.9838007E+00
  11643.62  1.9802211E+00
  11644.62  1.9770473E+00
  11645.62  1.9744109E+00
  11646.62  1.9724963E+00
  11647.62  1.9715134E+00
  11648.62  1.9716642E+00
  11649.62  1.9731071E+00
  11650.62  1.9759277E+00
  11651.62  1.9801204E+00
  11652.62  1.9855805E+00
  11653.62  1.9921086E+00
  11654.62  1.9994271E+00
  11655.62  2.0072063E+00
  11656.62  2.0150984E+00
  11657.62  2.0227736E+00
  11658.62  2.0299502E+00
  11659.62  2.0364137E+00
  11660.62  2.0420243E+00
  11661.62  2.0467135E+00
  11662.62  2.0504738E+00
  11663.62  2.0533447E+00
  11664.62  2.0553985E+00
  11665.62  2.0567261E+00
  11666.62  2.0574256E+00
  11667.62  2.0575918E+00
  11668.62  2.0573100E+00
  11669.62  2.0566528E+00
  11670.62  2.0556803E+00
  11671.62  2.0544439E+00
  11672.62  2.0529912E+00
  11673.62  2.0513711E+00
  11674.62  2.0496371E+00
  11675.62  2.0478498E+00
  11676.62  2.0460764E+00
  11677.62  2.0443903E+00
  11678.62  2.0428676E+00
  11679.62  2.0415830E+00
  11680.62  2.0406034E+00
  11681.62  2.0399801E+00
  11682.62  2.0397410E+00
  11683.62  2.0398835E+00
  11684.62  2.0403707E+00
  11685.62  2.0411297E+00
  11686.62  2.0420539E+00
  11687.62  2.0430079E+00
  11688.62  2.0438343E+00
  11689.62  2.0443633E+00
  11690.62  2.0444229E+00
  11691.62  2.0438514E+00
  11692.62  2.0425090E+00
  11693.62  2.0402896E+00
  11694.62  2.0371296E+00
  11695.62  2.0330136E+00
  11696.62  2.0279765E+00
  11697.62  2.0221007E+00
  11698.62  2.0155106E+00
  11699.62  2.0083634E+00
  11700.62  2.0008391E+00
  11701.62  1.9931298E+00
  11702.62  1.9854295E+00
  11703.62  1.9779256E+00
  11704.62  1.9707923E+00
  11705.62  1.9641858E+00
  11706.62  1.9582409E+00
  11707.62  1.9530685E+00
  11708.62  1.9487542E+00
  11709.62  1.9453569E+00
  11710.62  1.9429086E+00
  11711.62  1.9414153E+00
  11712.62  1.9408580E+00
  11713.62  1.9411955E+00
  11714.62  1.9423674E+00
  11715.62  1.9442978E+00
  11716.62  1.9468982E+00
  11717.62  1.9500706E+00
  11718.62  1.9537098E+00
  11719.62  1.9577055E+00
  11720.62  1.9619441E+00
  11721.62  1.9663108E+00
  11722.62  1.9706916E+00
  11723.62  1.9749766E+00
  11724.62  1.9790615E+00
  11725.62  1.9828509E+00
  11726.62  1.9862593E+00
  11727.62  1.9892132E+00
  11728.62  1.9916528E+00
  11729.62  1.9935327E+00
  11730.62  1.9948244E+00
  11731.62  1.9955171E+00
  11732.62  1.9956200E+00
  11733.62  1.9951628E+00
  11734.62  1.9941966E+00
  11735.62  1.9927929E+00
  11736.62  1.9910419E+00
  11737.62  1.9890496E+00
  11738.62  1.9869322E+00
  11739.62  1.9848117E+00
  11740.62  1.9828084E+00
  11741.62  1.9810349E+00
  11742.62  1.9795889E+00
  11743.62  1.9785476E+00
  11744.62  1.9779626E+00
  11745.62  1.9778560E+00
  11746.62  1.9782191E+00
  11747.62  1.9790118E+00
  11748.62  1.9801657E+00
  11749.62  1.9815883E+00
  11750.62  1.9831696E+00
  11751.62  1.9847890E+00
  11752.62  1.9863234E+00
  11753.62  1.9876537E+00
  11754.62  1.9886711E+00
  11755.62  1.9892813E+00
  11756.62  1.9894086E+00
  11757.62  1.9889977E+00
  11758.62  1.9880147E+00
  11759.62  1.9864478E+00
  11760.62  1.9843059E+00
  11761.62  1.9816172E+00
  11762.62  1.9784266E+00
  11763.62  1.9747926E+00
  11764.62  1.9707839E+00
  11765.62  1.9664764E+00
  11766.62  1.9619500E+00
  11767.62  1.9572861E+00
  11768.62  1.9525653E+00
  11769.62  1.9478655E+00
  11770.62  1.9432603E+00
  11771.62  1.9388178E+00
  11772.62  1.9345993E+00
  11773.62  1.9306592E+00
  11774.62  1.9270442E+00
  11775.62  1.9237935E+00
  11776.62  1.9209393E+00
  11777.62  1.9185063E+00
  11778.62  1.9165122E+00
  11779.62  1.9149678E+00
  11780.62  1.9138763E+00
  11781.62  1.9132336E+00
  11782.62  1.9130279E+00
  11783.62  1.9132396E+00
  11784.62  1.9138420E+00
  11785.62  1.9148011E+00
  11786.62  1.9160762E+00
  11787.62  1.9176208E+00
  11788.62  1.9193835E+00
  11789.62  1.9213096E+00
  11790.62  1.9233431E+00
  11791.62  1.9254284E+00
  11792.62  1.9275127E+00
  11793.62  1.9295477E+00
  11794.62  1.9314916E+00
  11795.62  1.9333106E+00
  11796.62  1.9349806E+00
  11797.62  1.9364884E+00
  11798.62  1.9378324E+00
  11799.62  1.9390235E+00
  11800.62  1.9400842E+00
  11801.62  1.9410472E+00
  11802.62  1.9419530E+00
  11803.62  1.9428466E+00
  11804.62  1.9437729E+00
  11805.62  1.9447727E+00
  11806.62  1.9458782E+00
  11807.62  1.9471090E+00
  11808.62  1.9484687E+00
  11809.62  1.9499431E+00
  11810.62  1.9514989E+00
  11811.62  1.9530860E+00
  11812.62  1.9546426E+00
  11813.62  1.9561057E+00
