    Energy    <xanes>    
  11364.00  1.4709004E-02
  11364.20  1.4723554E-02
  11364.29  1.4731202E-02
  11364.31  1.4733664E-02
  11364.32  1.4734484E-02
  11364.36  1.4738133E-02
  11364.42  1.4743612E-02
  11364.92  1.4789378E-02
  11365.42  1.4835388E-02
  11365.92  1.4881644E-02
  11366.42  1.4928148E-02
  11366.92  1.4974902E-02
  11367.42  1.5021907E-02
  11367.92  1.5069166E-02
  11368.42  1.5116681E-02
  11368.92  1.5164454E-02
  11369.42  1.5212487E-02
  11369.92  1.5260781E-02
  11370.42  1.5309340E-02
  11370.92  1.5358164E-02
  11371.42  1.5407257E-02
  11371.92  1.5456620E-02
  11372.42  1.5506256E-02
  11372.92  1.5556166E-02
  11373.42  1.5606353E-02
  11373.92  1.5656820E-02
  11374.42  1.5707568E-02
  11374.92  1.5758599E-02
  11375.42  1.5809917E-02
  11375.92  1.5861523E-02
  11376.42  1.5913421E-02
  11376.92  1.5965611E-02
  11377.42  1.6018097E-02
  11377.92  1.6070881E-02
  11378.42  1.6123965E-02
  11378.92  1.6177353E-02
  11379.42  1.6231046E-02
  11379.92  1.6285048E-02
  11380.42  1.6339360E-02
  11380.92  1.6393985E-02
  11381.42  1.6448927E-02
  11381.92  1.6504187E-02
  11382.42  1.6559769E-02
  11382.92  1.6615675E-02
  11383.42  1.6671907E-02
  11383.92  1.6728470E-02
  11384.42  1.6785365E-02
  11384.92  1.6842595E-02
  11385.42  1.6900164E-02
  11385.92  1.6958074E-02
  11386.42  1.7016328E-02
  11386.92  1.7074929E-02
  11387.42  1.7133881E-02
  11387.92  1.7193186E-02
  11388.42  1.7252847E-02
  11388.92  1.7312868E-02
  11389.42  1.7373251E-02
  11389.92  1.7434001E-02
  11390.42  1.7495119E-02
  11390.92  1.7556610E-02
  11391.42  1.7618477E-02
  11391.92  1.7680724E-02
  11392.42  1.7743352E-02
  11392.92  1.7806367E-02
  11393.42  1.7869771E-02
  11393.92  1.7933569E-02
  11394.42  1.7997763E-02
  11394.92  1.8062357E-02
  11395.42  1.8127355E-02
  11395.92  1.8192761E-02
  11396.42  1.8258578E-02
  11396.92  1.8324811E-02
  11397.42  1.8391462E-02
  11397.92  1.8458537E-02
  11398.42  1.8526038E-02
  11398.92  1.8593970E-02
  11399.42  1.8662337E-02
  11399.92  1.8731143E-02
  11400.42  1.8800393E-02
  11400.92  1.8870089E-02
  11401.42  1.8940237E-02
  11401.92  1.9010841E-02
  11402.42  1.9081906E-02
  11402.92  1.9153435E-02
  11403.42  1.9225433E-02
  11403.92  1.9297904E-02
  11404.42  1.9370854E-02
  11404.92  1.9444287E-02
  11405.42  1.9518207E-02
  11405.92  1.9592620E-02
  11406.42  1.9667530E-02
  11406.92  1.9742942E-02
  11407.42  1.9818861E-02
  11407.92  1.9895292E-02
  11408.42  1.9972240E-02
  11408.92  2.0049710E-02
  11409.42  2.0127707E-02
  11409.92  2.0206238E-02
  11410.42  2.0285306E-02
  11410.92  2.0364918E-02
  11411.42  2.0445079E-02
  11411.92  2.0525795E-02
  11412.42  2.0607071E-02
  11412.92  2.0688913E-02
  11413.42  2.0771327E-02
  11413.92  2.0854318E-02
  11414.42  2.0937893E-02
  11414.92  2.1022058E-02
  11415.42  2.1106818E-02
  11415.92  2.1192181E-02
  11416.42  2.1278152E-02
  11416.92  2.1364737E-02
  11417.42  2.1451944E-02
  11417.92  2.1539779E-02
  11418.42  2.1628248E-02
  11418.92  2.1717358E-02
  11419.42  2.1807116E-02
  11419.92  2.1897530E-02
  11420.42  2.1988605E-02
  11420.92  2.2080350E-02
  11421.42  2.2172771E-02
  11421.92  2.2265876E-02
  11422.42  2.2359672E-02
  11422.92  2.2454167E-02
  11423.42  2.2549369E-02
  11423.92  2.2645285E-02
  11424.42  2.2741923E-02
  11424.92  2.2839292E-02
  11425.42  2.2937399E-02
  11425.92  2.3036252E-02
  11426.42  2.3135861E-02
  11426.92  2.3236233E-02
  11427.42  2.3337378E-02
  11427.92  2.3439304E-02
  11428.42  2.3542020E-02
  11428.92  2.3645534E-02
  11429.42  2.3749857E-02
  11429.92  2.3854998E-02
  11430.42  2.3960965E-02
  11430.92  2.4067769E-02
  11431.42  2.4175420E-02
  11431.92  2.4283926E-02
  11432.42  2.4393299E-02
  11432.92  2.4503549E-02
  11433.42  2.4614685E-02
  11433.92  2.4726719E-02
  11434.42  2.4839662E-02
  11434.92  2.4953523E-02
  11435.42  2.5068315E-02
  11435.92  2.5184048E-02
  11436.42  2.5300734E-02
  11436.92  2.5418384E-02
  11437.42  2.5537011E-02
  11437.92  2.5656626E-02
  11438.42  2.5777241E-02
  11438.92  2.5898869E-02
  11439.42  2.6021523E-02
  11439.92  2.6145215E-02
  11440.42  2.6269958E-02
  11440.92  2.6395765E-02
  11441.42  2.6522651E-02
  11441.92  2.6650628E-02
  11442.42  2.6779710E-02
  11442.92  2.6909913E-02
  11443.42  2.7041249E-02
  11443.92  2.7173734E-02
  11444.42  2.7307383E-02
  11444.92  2.7442210E-02
  11445.42  2.7578231E-02
  11445.92  2.7715463E-02
  11446.42  2.7853920E-02
  11446.92  2.7993619E-02
  11447.42  2.8134576E-02
  11447.92  2.8276809E-02
  11448.42  2.8420335E-02
  11448.92  2.8565170E-02
  11449.42  2.8711333E-02
  11449.92  2.8858841E-02
  11450.42  2.9007714E-02
  11450.92  2.9157969E-02
  11451.42  2.9309626E-02
  11451.92  2.9462705E-02
  11452.42  2.9617224E-02
  11452.92  2.9773205E-02
  11453.42  2.9930667E-02
  11453.92  3.0089631E-02
  11454.42  3.0250120E-02
  11454.92  3.0412154E-02
  11455.42  3.0575756E-02
  11455.92  3.0740948E-02
  11456.42  3.0907753E-02
  11456.92  3.1076194E-02
  11457.42  3.1246296E-02
  11457.92  3.1418083E-02
  11458.42  3.1591579E-02
  11458.92  3.1766810E-02
  11459.42  3.1943801E-02
  11459.92  3.2122579E-02
  11460.42  3.2303171E-02
  11460.92  3.2485605E-02
  11461.42  3.2669906E-02
  11461.92  3.2856106E-02
  11462.42  3.3044232E-02
  11462.92  3.3234314E-02
  11463.42  3.3426382E-02
  11463.92  3.3620468E-02
  11464.42  3.3816602E-02
  11464.92  3.4014817E-02
  11465.42  3.4215147E-02
  11465.92  3.4417623E-02
  11466.42  3.4622281E-02
  11466.92  3.4829156E-02
  11467.42  3.5038283E-02
  11467.92  3.5249699E-02
  11468.42  3.5463441E-02
  11468.92  3.5679548E-02
  11469.42  3.5898058E-02
  11469.92  3.6119011E-02
  11470.42  3.6342447E-02
  11470.92  3.6568409E-02
  11471.42  3.6796939E-02
  11471.92  3.7028080E-02
  11472.42  3.7261877E-02
  11472.92  3.7498375E-02
  11473.42  3.7737621E-02
  11473.92  3.7979662E-02
  11474.42  3.8224548E-02
  11474.92  3.8472327E-02
  11475.42  3.8723052E-02
  11475.92  3.8976773E-02
  11476.42  3.9233545E-02
  11476.92  3.9493422E-02
  11477.42  3.9756461E-02
  11477.92  4.0022718E-02
  11478.42  4.0292253E-02
  11478.92  4.0565125E-02
  11479.42  4.0841397E-02
  11479.92  4.1121131E-02
  11480.42  4.1404392E-02
  11480.92  4.1691247E-02
  11481.42  4.1981764E-02
  11481.92  4.2276012E-02
  11482.42  4.2574063E-02
  11482.92  4.2875991E-02
  11483.42  4.3181871E-02
  11483.92  4.3491779E-02
  11484.42  4.3805796E-02
  11484.92  4.4124003E-02
  11485.42  4.4446482E-02
  11485.92  4.4773321E-02
  11486.42  4.5104607E-02
  11486.92  4.5440430E-02
  11487.42  4.5780883E-02
  11487.92  4.6126062E-02
  11488.42  4.6476065E-02
  11488.92  4.6830993E-02
  11489.42  4.7190948E-02
  11489.92  4.7556039E-02
  11490.42  4.7926373E-02
  11490.92  4.8302065E-02
  11491.42  4.8683229E-02
  11491.92  4.9069986E-02
  11492.42  4.9462457E-02
  11492.92  4.9860770E-02
  11493.42  5.0265054E-02
  11493.92  5.0675443E-02
  11494.42  5.1092075E-02
  11494.92  5.1515093E-02
  11495.42  5.1944642E-02
  11495.92  5.2380875E-02
  11496.42  5.2823946E-02
  11496.92  5.3274016E-02
  11497.42  5.3731251E-02
  11497.92  5.4195822E-02
  11498.42  5.4667904E-02
  11498.92  5.5147680E-02
  11499.42  5.5635338E-02
  11499.92  5.6131071E-02
  11500.42  5.6635080E-02
  11500.92  5.7147572E-02
  11501.42  5.7668760E-02
  11501.92  5.8198867E-02
  11502.42  5.8738121E-02
  11502.92  5.9286758E-02
  11503.42  5.9845024E-02
  11503.92  6.0413171E-02
  11504.42  6.0991461E-02
  11504.92  6.1580167E-02
  11505.42  6.2179570E-02
  11505.92  6.2789961E-02
  11506.42  6.3411643E-02
  11506.92  6.4044928E-02
  11507.42  6.4690141E-02
  11507.92  6.5347620E-02
  11508.42  6.6017715E-02
  11508.92  6.6700788E-02
  11509.42  6.7397217E-02
  11509.92  6.8107394E-02
  11510.42  6.8831727E-02
  11510.92  6.9570638E-02
  11511.42  7.0324568E-02
  11511.92  7.1093976E-02
  11512.42  7.1879338E-02
  11512.92  7.2681151E-02
  11513.42  7.3499933E-02
  11513.92  7.4336224E-02
  11514.42  7.5190584E-02
  11514.92  7.6063601E-02
  11515.42  7.6955887E-02
  11515.92  7.7868079E-02
  11516.42  7.8800847E-02
  11516.92  7.9754886E-02
  11517.42  8.0730926E-02
  11517.92  8.1729728E-02
  11518.42  8.2752091E-02
  11518.92  8.3798850E-02
  11519.42  8.4870879E-02
  11519.92  8.5969095E-02
  11520.42  8.7094459E-02
  11520.92  8.8247981E-02
  11521.42  8.9430718E-02
  11521.92  9.0643784E-02
  11522.42  9.1888347E-02
  11522.92  9.3165637E-02
  11523.42  9.4476947E-02
  11523.92  9.5823639E-02
  11524.42  9.7207149E-02
  11524.92  9.8628989E-02
  11525.42  1.0009076E-01
  11525.92  1.0159414E-01
  11526.42  1.0314091E-01
  11526.92  1.0473297E-01
  11527.42  1.0637229E-01
  11527.92  1.0806100E-01
  11528.42  1.0980132E-01
  11528.92  1.1159563E-01
  11529.42  1.1344644E-01
  11529.92  1.1535644E-01
  11530.42  1.1732847E-01
  11530.92  1.1936556E-01
  11531.42  1.2147093E-01
  11531.92  1.2364802E-01
  11532.42  1.2590051E-01
  11532.92  1.2823233E-01
  11533.42  1.3064766E-01
  11533.92  1.3315102E-01
  11534.42  1.3574722E-01
  11534.92  1.3844143E-01
  11535.42  1.4123922E-01
  11535.92  1.4414656E-01
  11536.42  1.4716992E-01
  11536.92  1.5031623E-01
  11537.42  1.5359302E-01
  11537.92  1.5700841E-01
  11538.42  1.6057120E-01
  11538.92  1.6429096E-01
  11539.42  1.6817806E-01
  11539.92  1.7224380E-01
  11540.42  1.7650051E-01
  11540.92  1.8096164E-01
  11541.42  1.8564194E-01
  11541.92  1.9055755E-01
  11542.42  1.9572622E-01
  11542.92  2.0116747E-01
  11543.42  2.0690287E-01
  11543.92  2.1295623E-01
  11544.42  2.1935398E-01
  11544.92  2.2612545E-01
  11545.42  2.3330334E-01
  11545.92  2.4092415E-01
  11546.42  2.4902877E-01
  11546.92  2.5766314E-01
  11547.42  2.6687902E-01
  11547.92  2.7673494E-01
  11548.42  2.8729727E-01
  11548.92  2.9864158E-01
  11549.42  3.1085423E-01
  11549.92  3.2403431E-01
  11550.42  3.3829597E-01
  11550.92  3.5377132E-01
  11551.42  3.7061397E-01
  11551.92  3.8900340E-01
  11552.42  4.0915044E-01
  11552.92  4.3130409E-01
  11553.42  4.5576023E-01
  11553.92  4.8287252E-01
  11554.42  5.1281542E-01
  11554.52  5.1925943E-01
  11554.62  5.2585126E-01
  11554.72  5.3259570E-01
  11554.82  5.3949775E-01
  11554.92  5.4656258E-01
  11555.02  5.5379563E-01
  11555.12  5.6120252E-01
  11555.22  5.6878915E-01
  11555.32  5.7656163E-01
  11555.42  5.8452636E-01
  11555.52  5.9269003E-01
  11555.62  6.0105958E-01
  11555.72  6.0964230E-01
  11555.82  6.1844578E-01
  11555.92  6.2747794E-01
  11556.02  6.3674710E-01
  11556.12  6.4626191E-01
  11556.22  6.5603144E-01
  11556.32  6.6606517E-01
  11556.42  6.7637304E-01
  11556.52  6.8696543E-01
  11556.62  6.9785321E-01
  11556.72  7.0904780E-01
  11556.82  7.2056112E-01
  11556.92  7.3240570E-01
  11557.02  7.4459466E-01
  11557.12  7.5714177E-01
  11557.22  7.7006147E-01
  11557.32  7.8336892E-01
  11557.42  7.9708003E-01
  11557.52  8.1121152E-01
  11557.62  8.2578094E-01
  11557.72  8.4080674E-01
  11557.82  8.5630831E-01
  11557.92  8.7230603E-01
  11558.02  8.8882132E-01
  11558.12  9.0587675E-01
  11558.22  9.2349603E-01
  11558.32  9.4170411E-01
  11558.42  9.6052726E-01
  11558.52  9.7999314E-01
  11558.62  1.0001308E+00
  11558.72  1.0209710E+00
  11558.82  1.0425459E+00
  11558.92  1.0648896E+00
  11559.02  1.0880377E+00
  11559.12  1.1120279E+00
  11559.22  1.1369000E+00
  11559.32  1.1626955E+00
  11559.42  1.1894585E+00
  11559.52  1.2172350E+00
  11559.62  1.2460736E+00
  11559.72  1.2760253E+00
  11559.82  1.3071437E+00
  11559.92  1.3394850E+00
  11560.02  1.3731081E+00
  11560.12  1.4080746E+00
  11560.22  1.4444491E+00
  11560.32  1.4822990E+00
  11560.42  1.5216943E+00
  11560.52  1.5627081E+00
  11560.62  1.6054161E+00
  11560.72  1.6498966E+00
  11560.82  1.6962303E+00
  11560.92  1.7445002E+00
  11561.02  1.7947909E+00
  11561.12  1.8471885E+00
  11561.22  1.9017797E+00
  11561.32  1.9586516E+00
  11561.42  2.0178901E+00
  11561.52  2.0795795E+00
  11561.62  2.1438009E+00
  11561.72  2.2106308E+00
  11561.82  2.2801393E+00
  11561.92  2.3523878E+00
  11562.02  2.4274273E+00
  11562.12  2.5052949E+00
  11562.22  2.5860114E+00
  11562.32  2.6695779E+00
  11562.42  2.7559718E+00
  11562.52  2.8451435E+00
  11562.62  2.9370120E+00
  11562.72  3.0314607E+00
  11562.82  3.1283340E+00
  11562.92  3.2274327E+00
  11563.02  3.3285111E+00
  11563.12  3.4312743E+00
  11563.22  3.5353767E+00
  11563.32  3.6404209E+00
  11563.42  3.7459597E+00
  11563.52  3.8514983E+00
  11563.62  3.9564995E+00
  11563.72  4.0603907E+00
  11563.82  4.1625727E+00
  11563.92  4.2624308E+00
  11564.02  4.3593470E+00
  11564.12  4.4527125E+00
  11564.22  4.5419424E+00
  11564.32  4.6264837E+00
  11564.42  4.7058229E+00
  11564.52  4.7795082E+00
  11564.62  4.8471737E+00
  11564.72  4.9085458E+00
  11564.82  4.9634390E+00
  11564.92  5.0117567E+00
  11565.02  5.0534891E+00
  11565.12  5.0887079E+00
  11565.22  5.1175589E+00
  11565.32  5.1402528E+00
  11565.42  5.1570546E+00
  11565.52  5.1682734E+00
  11565.62  5.1742509E+00
  11565.72  5.1753516E+00
  11565.82  5.1719531E+00
  11565.92  5.1644380E+00
  11566.02  5.1531867E+00
  11566.12  5.1385718E+00
  11566.22  5.1209534E+00
  11566.32  5.1006758E+00
  11566.42  5.0780652E+00
  11566.52  5.0534281E+00
  11566.62  5.0270508E+00
  11566.72  4.9991989E+00
  11566.82  4.9701181E+00
  11566.92  4.9400343E+00
  11567.02  4.9091545E+00
  11567.12  4.8776682E+00
  11567.22  4.8457479E+00
  11567.32  4.8135506E+00
  11567.42  4.7812186E+00
  11567.52  4.7488804E+00
  11567.62  4.7166522E+00
  11567.72  4.6846382E+00
  11567.82  4.6529318E+00
  11567.92  4.6216163E+00
  11568.02  4.5907655E+00
  11568.12  4.5604446E+00
  11568.22  4.5307107E+00
  11568.32  4.5016131E+00
  11568.42  4.4731943E+00
  11568.52  4.4454902E+00
  11568.62  4.4185305E+00
  11568.72  4.3923394E+00
  11568.82  4.3669358E+00
  11568.92  4.3423335E+00
  11569.02  4.3185421E+00
  11569.12  4.2955668E+00
  11569.22  4.2734089E+00
  11569.32  4.2520662E+00
  11569.42  4.2315333E+00
  11569.52  4.2118016E+00
  11569.62  4.1928599E+00
  11569.72  4.1746944E+00
  11569.82  4.1572892E+00
  11569.92  4.1406263E+00
  11570.02  4.1246859E+00
  11570.12  4.1094468E+00
  11570.22  4.0948865E+00
  11570.32  4.0809813E+00
  11570.42  4.0677069E+00
  11570.52  4.0550382E+00
  11570.62  4.0429500E+00
  11570.72  4.0314170E+00
  11570.82  4.0204139E+00
  11570.92  4.0099159E+00
  11571.02  3.9998988E+00
  11571.12  3.9903394E+00
  11571.22  3.9812154E+00
  11571.32  3.9725059E+00
  11571.42  3.9641915E+00
  11571.52  3.9562543E+00
  11571.62  3.9486781E+00
  11571.72  3.9414489E+00
  11571.82  3.9345544E+00
  11571.92  3.9279841E+00
  11572.02  3.9217298E+00
  11572.12  3.9157850E+00
  11572.22  3.9101453E+00
  11572.32  3.9048079E+00
  11572.42  3.8997716E+00
  11572.52  3.8950368E+00
  11572.62  3.8906052E+00
  11572.72  3.8864794E+00
  11572.82  3.8826630E+00
  11572.92  3.8791602E+00
  11573.02  3.8759755E+00
  11573.12  3.8731136E+00
  11573.22  3.8705791E+00
  11573.32  3.8683762E+00
  11573.42  3.8665086E+00
  11573.52  3.8649791E+00
  11573.62  3.8637896E+00
  11573.72  3.8629411E+00
  11573.82  3.8624329E+00
  11573.92  3.8622633E+00
  11574.02  3.8624289E+00
  11574.12  3.8629249E+00
  11574.22  3.8637447E+00
  11574.32  3.8648803E+00
  11574.42  3.8663221E+00
  11574.52  3.8680588E+00
  11574.62  3.8700778E+00
  11574.72  3.8723650E+00
  11574.82  3.8749049E+00
  11574.92  3.8776808E+00
  11575.02  3.8806752E+00
  11575.12  3.8838694E+00
  11575.22  3.8872439E+00
  11575.32  3.8907789E+00
  11575.42  3.8944538E+00
  11575.52  3.8982479E+00
  11575.62  3.9021403E+00
  11575.72  3.9061102E+00
  11575.82  3.9101370E+00
  11575.92  3.9142003E+00
  11576.02  3.9182802E+00
  11576.12  3.9223574E+00
  11576.22  3.9264134E+00
  11576.32  3.9304300E+00
  11576.42  3.9343903E+00
  11576.52  3.9382780E+00
  11576.62  3.9420778E+00
  11576.72  3.9457751E+00
  11576.82  3.9493564E+00
  11576.92  3.9528092E+00
  11577.02  3.9561216E+00
  11577.12  3.9592828E+00
  11577.22  3.9622827E+00
  11577.32  3.9651120E+00
  11577.42  3.9677622E+00
  11577.52  3.9702255E+00
  11577.62  3.9724947E+00
  11577.72  3.9745634E+00
  11577.82  3.9764256E+00
  11577.92  3.9780760E+00
  11578.02  3.9795099E+00
  11578.12  3.9807231E+00
  11578.22  3.9817119E+00
  11578.32  3.9824733E+00
  11578.42  3.9830048E+00
  11578.52  3.9833045E+00
  11578.62  3.9833710E+00
  11578.72  3.9832038E+00
  11578.82  3.9828028E+00
  11578.92  3.9821688E+00
  11579.02  3.9813033E+00
  11579.12  3.9802083E+00
  11579.22  3.9788870E+00
  11579.32  3.9773432E+00
  11579.42  3.9755814E+00
  11579.52  3.9736071E+00
  11579.62  3.9714268E+00
  11579.72  3.9690474E+00
  11579.82  3.9664770E+00
  11579.92  3.9637244E+00
  11580.02  3.9607992E+00
  11580.12  3.9577117E+00
  11580.22  3.9544728E+00
  11580.32  3.9510944E+00
  11580.42  3.9475886E+00
  11580.52  3.9439684E+00
  11580.62  3.9402469E+00
  11580.72  3.9364379E+00
  11580.82  3.9325554E+00
  11580.92  3.9286137E+00
  11581.02  3.9246271E+00
  11581.12  3.9206102E+00
  11581.22  3.9165775E+00
  11581.32  3.9125435E+00
  11581.42  3.9085224E+00
  11581.52  3.9045283E+00
  11581.62  3.9005752E+00
  11581.72  3.8966763E+00
  11581.82  3.8928449E+00
  11581.92  3.8890936E+00
  11582.02  3.8854344E+00
  11582.12  3.8818791E+00
  11582.22  3.8784386E+00
  11582.32  3.8751235E+00
  11582.42  3.8719436E+00
  11582.52  3.8689082E+00
  11582.62  3.8660258E+00
  11582.72  3.8633043E+00
  11582.82  3.8607511E+00
  11582.92  3.8583729E+00
  11583.02  3.8561757E+00
  11583.12  3.8541647E+00
  11583.22  3.8523449E+00
  11583.32  3.8507204E+00
  11583.42  3.8492946E+00
  11583.52  3.8480706E+00
  11583.62  3.8470509E+00
  11583.72  3.8462372E+00
  11583.82  3.8456311E+00
  11583.92  3.8452335E+00
  11584.02  3.8450447E+00
  11584.12  3.8450649E+00
  11584.22  3.8452938E+00
  11584.32  3.8457306E+00
  11584.42  3.8463742E+00
  11584.52  3.8472235E+00
  11584.62  3.8482767E+00
  11584.72  3.8495321E+00
  11584.82  3.8509876E+00
  11584.92  3.8526409E+00
  11585.02  3.8544898E+00
  11585.12  3.8565317E+00
  11585.22  3.8587641E+00
  11585.32  3.8611843E+00
  11585.42  3.8637895E+00
  11585.52  3.8665771E+00
  11585.62  3.8695443E+00
  11585.72  3.8726884E+00
  11585.82  3.8760068E+00
  11585.92  3.8794967E+00
  11586.02  3.8831556E+00
  11586.12  3.8869812E+00
  11586.22  3.8909709E+00
  11586.32  3.8951225E+00
  11586.42  3.8994339E+00
  11586.52  3.9039030E+00
  11586.62  3.9085279E+00
  11586.72  3.9133069E+00
  11586.82  3.9182383E+00
  11586.92  3.9233206E+00
  11587.02  3.9285523E+00
  11587.12  3.9339322E+00
  11587.22  3.9394590E+00
  11587.32  3.9451315E+00
  11587.42  3.9509485E+00
  11587.52  3.9569090E+00
  11587.62  3.9630116E+00
  11587.72  3.9692552E+00
  11587.82  3.9756384E+00
  11587.92  3.9821595E+00
  11588.02  3.9888169E+00
  11588.12  3.9956085E+00
  11588.22  4.0025321E+00
  11588.32  4.0095850E+00
  11588.42  4.0167641E+00
  11588.52  4.0240658E+00
  11588.62  4.0314863E+00
  11588.72  4.0390209E+00
  11588.82  4.0466645E+00
  11588.92  4.0544113E+00
  11589.02  4.0622551E+00
  11589.12  4.0701887E+00
  11589.22  4.0782043E+00
  11589.32  4.0862937E+00
  11589.42  4.0944476E+00
  11589.52  4.1026562E+00
  11589.62  4.1109090E+00
  11589.72  4.1191948E+00
  11589.82  4.1275016E+00
  11589.92  4.1358172E+00
  11590.02  4.1441283E+00
  11590.12  4.1524215E+00
  11590.22  4.1606828E+00
  11590.32  4.1688976E+00
  11590.42  4.1770513E+00
  11590.52  4.1851287E+00
  11590.62  4.1931148E+00
  11590.72  4.2009943E+00
  11590.82  4.2087519E+00
  11590.92  4.2163724E+00
  11591.02  4.2238409E+00
  11591.12  4.2311428E+00
  11591.22  4.2382638E+00
  11591.32  4.2451902E+00
  11591.42  4.2519088E+00
  11591.52  4.2584072E+00
  11591.62  4.2646737E+00
  11591.72  4.2706975E+00
  11591.82  4.2764685E+00
  11591.92  4.2819780E+00
  11592.02  4.2872179E+00
  11592.12  4.2921815E+00
  11592.22  4.2968632E+00
  11592.32  4.3012582E+00
  11592.42  4.3053634E+00
  11592.52  4.3091764E+00
  11592.62  4.3126962E+00
  11592.72  4.3159229E+00
  11592.82  4.3188576E+00
  11592.92  4.3215026E+00
  11593.02  4.3238612E+00
  11593.12  4.3259375E+00
  11593.22  4.3277368E+00
  11593.32  4.3292649E+00
  11593.42  4.3305287E+00
  11593.52  4.3315355E+00
  11593.62  4.3322935E+00
  11593.72  4.3328111E+00
  11593.82  4.3330975E+00
  11593.92  4.3331620E+00
  11594.02  4.3330093E+00
  11594.12  4.3326390E+00
  11594.22  4.3320721E+00
  11594.32  4.3312648E+00
  11594.42  4.3302476E+00
  11594.92  4.3236468E+00
  11595.42  4.3142128E+00
  11595.92  4.3030242E+00
  11596.42  4.2909789E+00
  11596.92  4.2787925E+00
  11597.42  4.2670095E+00
  11597.92  4.2560119E+00
  11598.42  4.2460198E+00
  11598.92  4.2370914E+00
  11599.42  4.2291343E+00
  11599.92  4.2219326E+00
  11600.42  4.2151935E+00
  11600.92  4.2086035E+00
  11601.42  4.2018886E+00
  11601.92  4.1948671E+00
  11602.42  4.1874893E+00
  11602.92  4.1798563E+00
  11603.42  4.1722155E+00
  11603.92  4.1649339E+00
  11604.42  4.1584517E+00
  11604.92  4.1532292E+00
  11605.42  4.1496952E+00
  11605.92  4.1482106E+00
  11606.42  4.1490494E+00
  11606.92  4.1523987E+00
  11607.42  4.1583688E+00
  11607.92  4.1670073E+00
  11608.42  4.1783072E+00
  11608.92  4.1922101E+00
  11609.42  4.2086033E+00
  11609.92  4.2273183E+00
  11610.42  4.2481337E+00
  11610.92  4.2707827E+00
  11611.42  4.2949620E+00
  11611.92  4.3203368E+00
  11612.42  4.3465396E+00
  11612.92  4.3731648E+00
  11613.42  4.3997638E+00
  11613.92  4.4258480E+00
  11614.42  4.4509029E+00
  11614.92  4.4744127E+00
  11615.42  4.4958908E+00
  11615.92  4.5149114E+00
  11616.42  4.5311358E+00
  11616.92  4.5443319E+00
  11617.42  4.5543840E+00
  11617.92  4.5612932E+00
  11618.42  4.5651688E+00
  11618.92  4.5662101E+00
  11619.42  4.5646826E+00
  11619.92  4.5608908E+00
  11620.42  4.5551526E+00
  11620.92  4.5477782E+00
  11621.42  4.5390557E+00
  11621.92  4.5292433E+00
  11622.42  4.5185684E+00
  11622.92  4.5072284E+00
  11623.42  4.4953960E+00
  11623.92  4.4832228E+00
  11624.42  4.4708367E+00
  11625.42  4.4459573E+00
  11626.42  4.4215276E+00
  11627.42  4.3981123E+00
  11628.42  4.3760029E+00
  11629.42  4.3552356E+00
  11630.42  4.3356788E+00
  11631.42  4.3171596E+00
  11632.42  4.2995562E+00
  11633.42  4.2828065E+00
  11634.42  4.2668494E+00
  11635.42  4.2515682E+00
  11636.42  4.2367874E+00
  11637.42  4.2223314E+00
  11638.42  4.2081226E+00
  11639.42  4.1942670E+00
  11640.42  4.1810826E+00
  11641.42  4.1690547E+00
  11642.42  4.1587484E+00
  11643.42  4.1507204E+00
  11644.42  4.1454558E+00
  11645.42  4.1433279E+00
  11646.42  4.1445712E+00
  11647.42  4.1492637E+00
  11648.42  4.1573180E+00
  11649.42  4.1684840E+00
  11650.42  4.1823613E+00
  11651.42  4.1984259E+00
  11652.42  4.2160701E+00
  11653.42  4.2346460E+00
  11654.42  4.2535031E+00
  11655.42  4.2720105E+00
  11656.42  4.2895692E+00
  11657.42  4.3056231E+00
  11658.42  4.3196799E+00
  11659.42  4.3313432E+00
  11660.42  4.3403527E+00
  11661.42  4.3466206E+00
  11662.42  4.3502512E+00
  11663.42  4.3515309E+00
  11664.42  4.3508847E+00
  11665.42  4.3488064E+00
  11666.42  4.3457837E+00
  11667.42  4.3422372E+00
  11668.42  4.3384878E+00
  11669.42  4.3347514E+00
  11670.42  4.3311539E+00
  11671.42  4.3277535E+00
  11672.42  4.3245643E+00
  11673.42  4.3215774E+00
  11674.42  4.3187797E+00
  11675.42  4.3161701E+00
  11676.42  4.3137730E+00
  11677.42  4.3116439E+00
  11678.42  4.3098652E+00
  11679.42  4.3085286E+00
  11680.42  4.3077093E+00
  11681.42  4.3074358E+00
  11682.42  4.3076673E+00
  11683.42  4.3082816E+00
  11684.42  4.3090762E+00
  11685.42  4.3097812E+00
  11686.42  4.3100803E+00
  11687.42  4.3096363E+00
  11688.42  4.3081190E+00
  11689.42  4.3052340E+00
  11690.42  4.3007485E+00
  11691.42  4.2945118E+00
  11692.42  4.2864668E+00
  11693.42  4.2766518E+00
  11694.42  4.2651925E+00
  11695.42  4.2522898E+00
  11696.42  4.2382042E+00
  11697.42  4.2232414E+00
  11698.42  4.2077379E+00
  11699.42  4.1920479E+00
  11700.42  4.1765314E+00
  11701.42  4.1615418E+00
  11702.42  4.1474166E+00
  11703.42  4.1344685E+00
  11704.42  4.1229779E+00
  11705.42  4.1131845E+00
  11706.42  4.1052799E+00
  11707.42  4.0993988E+00
  11708.42  4.0956130E+00
  11709.42  4.0939274E+00
  11710.42  4.0942802E+00
  11711.42  4.0965476E+00
  11712.42  4.1005523E+00
  11713.42  4.1060748E+00
  11714.42  4.1128654E+00
  11715.42  4.1206565E+00
  11716.42  4.1291731E+00
  11717.42  4.1381431E+00
  11718.42  4.1473086E+00
  11719.42  4.1564374E+00
  11720.42  4.1653349E+00
  11721.42  4.1738540E+00
  11722.42  4.1818997E+00
  11723.42  4.1894271E+00
  11724.42  4.1964325E+00
  11725.42  4.2029395E+00
  11726.42  4.2089841E+00
  11727.42  4.2146001E+00
  11728.42  4.2198081E+00
  11729.42  4.2246073E+00
  11730.42  4.2289710E+00
  11731.42  4.2328448E+00
  11732.42  4.2361479E+00
  11733.42  4.2387800E+00
  11734.42  4.2406320E+00
  11735.42  4.2416038E+00
  11736.42  4.2416246E+00
  11737.42  4.2406746E+00
  11738.42  4.2388025E+00
  11739.42  4.2361344E+00
  11740.42  4.2328712E+00
  11741.42  4.2292741E+00
  11742.42  4.2256392E+00
  11743.42  4.2222664E+00
  11744.42  4.2194261E+00
  11745.42  4.2173304E+00
  11746.42  4.2161111E+00
  11747.42  4.2158069E+00
  11748.42  4.2163597E+00
  11749.42  4.2176196E+00
  11750.42  4.2193566E+00
  11751.42  4.2212783E+00
  11752.42  4.2230523E+00
  11753.42  4.2243319E+00
  11754.42  4.2247827E+00
  11755.42  4.2241072E+00
  11756.42  4.2220644E+00
  11757.42  4.2184830E+00
  11758.42  4.2132674E+00
  11759.42  4.2063968E+00
  11760.42  4.1979206E+00
  11761.42  4.1879508E+00
  11762.42  4.1766526E+00
  11763.42  4.1642351E+00
  11764.42  4.1509405E+00
  11765.42  4.1370348E+00
  11766.42  4.1227986E+00
  11767.42  4.1085179E+00
  11768.42  4.0944769E+00
  11769.42  4.0809496E+00
  11770.42  4.0681923E+00
  11771.42  4.0564360E+00
  11772.42  4.0458795E+00
  11773.42  4.0366829E+00
  11774.42  4.0289634E+00
  11775.42  4.0227922E+00
  11776.42  4.0181933E+00
  11777.42  4.0151454E+00
  11778.42  4.0135849E+00
  11779.42  4.0134123E+00
  11780.42  4.0144997E+00
  11781.42  4.0167001E+00
  11782.42  4.0198553E+00
  11783.42  4.0238035E+00
  11784.42  4.0283853E+00
  11785.42  4.0334486E+00
  11786.42  4.0388527E+00
  11787.42  4.0444728E+00
  11788.42  4.0502051E+00
  11789.42  4.0559711E+00
  11790.42  4.0617212E+00
  11791.42  4.0674361E+00
  11792.42  4.0731235E+00
  11793.42  4.0788127E+00
  11794.42  4.0845454E+00
  11795.42  4.0903652E+00
  11796.42  4.0963071E+00
  11797.42  4.1023889E+00
  11798.42  4.1086048E+00
  11799.42  4.1149235E+00
  11800.42  4.1212886E+00
  11801.42  4.1276240E+00
  11802.42  4.1338413E+00
  11803.42  4.1398489E+00
  11804.42  4.1455618E+00
  11805.42  4.1509103E+00
  11806.42  4.1558464E+00
  11807.42  4.1603478E+00
  11808.42  4.1644165E+00
  11809.42  4.1680748E+00
  11810.42  4.1713568E+00
  11811.42  4.1742996E+00
  11812.42  4.1769343E+00
  11813.42  4.1792818E+00
