    Energy    <xanes>    
  11364.00  1.4718475E-02
  11364.00  1.4718595E-02
  11364.01  1.4718887E-02
  11364.02  1.4719310E-02
  11364.05  1.4720541E-02
  11364.05  1.4720587E-02
  11364.08  1.4721884E-02
  11364.09  1.4722603E-02
  11364.10  1.4723089E-02
  11364.11  1.4723341E-02
  11364.11  1.4723393E-02
  11364.11  1.4723445E-02
  11364.11  1.4723552E-02
  11364.11  1.4723607E-02
  11364.13  1.4724746E-02
  11364.13  1.4724864E-02
  11364.14  1.4724988E-02
  11364.14  1.4725375E-02
  11364.14  1.4725507E-02
  11364.16  1.4726241E-02
  11364.16  1.4726309E-02
  11364.16  1.4726446E-02
  11364.16  1.4726516E-02
  11364.16  1.4726587E-02
  11364.17  1.4727600E-02
  11364.18  1.4728339E-02
  11364.19  1.4728862E-02
  11364.20  1.4729625E-02
  11364.20  1.4729781E-02
  11364.21  1.4730019E-02
  11364.21  1.4730101E-02
  11364.22  1.4730926E-02
  11364.22  1.4731263E-02
  11364.23  1.4731948E-02
  11364.24  1.4732734E-02
  11364.24  1.4733000E-02
  11364.25  1.4733724E-02
  11364.25  1.4734180E-02
  11364.26  1.4735001E-02
  11364.27  1.4735457E-02
  11364.27  1.4735548E-02
  11364.27  1.4735913E-02
  11364.28  1.4736916E-02
  11364.29  1.4737190E-02
  11364.29  1.4737555E-02
  11364.30  1.4738011E-02
  11364.30  1.4738468E-02
  11364.31  1.4739654E-02
  11364.32  1.4740567E-02
  11364.33  1.4740750E-02
  11364.33  1.4740932E-02
  11364.33  1.4741024E-02
  11364.33  1.4741206E-02
  11364.34  1.4742394E-02
  11364.35  1.4742850E-02
  11364.38  1.4745591E-02
  11364.39  1.4746322E-02
  11364.40  1.4747053E-02
  11364.40  1.4747418E-02
  11364.41  1.4748058E-02
  11364.45  1.4751713E-02
  11364.45  1.4751896E-02
  11364.95  1.4797708E-02
  11365.12  1.4813795E-02
  11365.62  1.4859938E-02
  11366.12  1.4906327E-02
  11366.62  1.4952966E-02
  11367.12  1.4999855E-02
  11367.62  1.5046998E-02
  11368.12  1.5094395E-02
  11368.62  1.5142048E-02
  11369.12  1.5189961E-02
  11369.62  1.5238135E-02
  11370.12  1.5286571E-02
  11370.62  1.5335273E-02
  11371.12  1.5384241E-02
  11371.62  1.5433480E-02
  11372.12  1.5482989E-02
  11372.62  1.5532772E-02
  11373.12  1.5582832E-02
  11373.62  1.5633169E-02
  11374.12  1.5683787E-02
  11374.62  1.5734687E-02
  11375.12  1.5785872E-02
  11375.62  1.5837345E-02
  11376.12  1.5889108E-02
  11376.62  1.5941162E-02
  11377.12  1.5993511E-02
  11377.62  1.6046157E-02
  11378.12  1.6099102E-02
  11378.62  1.6152349E-02
  11379.12  1.6205901E-02
  11379.62  1.6259759E-02
  11380.12  1.6313927E-02
  11380.62  1.6368407E-02
  11381.12  1.6423202E-02
  11381.62  1.6478314E-02
  11382.12  1.6533746E-02
  11382.62  1.6589502E-02
  11383.12  1.6645582E-02
  11383.62  1.6701991E-02
  11384.12  1.6758732E-02
  11384.62  1.6815806E-02
  11385.12  1.6873217E-02
  11385.62  1.6930968E-02
  11386.12  1.6989062E-02
  11386.62  1.7047502E-02
  11387.12  1.7106290E-02
  11387.62  1.7165430E-02
  11388.12  1.7224926E-02
  11388.62  1.7284779E-02
  11389.12  1.7344993E-02
  11389.62  1.7405572E-02
  11390.12  1.7466518E-02
  11390.62  1.7527835E-02
  11391.12  1.7589527E-02
  11391.62  1.7651596E-02
  11392.12  1.7714046E-02
  11392.62  1.7776880E-02
  11393.12  1.7840103E-02
  11393.62  1.7903716E-02
  11394.12  1.7967725E-02
  11394.62  1.8032132E-02
  11395.12  1.8096941E-02
  11395.62  1.8162156E-02
  11396.12  1.8227781E-02
  11396.62  1.8293819E-02
  11397.12  1.8360274E-02
  11397.62  1.8427150E-02
  11398.12  1.8494452E-02
  11398.62  1.8562182E-02
  11399.12  1.8630345E-02
  11399.62  1.8698945E-02
  11400.12  1.8767986E-02
  11400.62  1.8837473E-02
  11401.12  1.8907409E-02
  11401.62  1.8977799E-02
  11402.12  1.9048647E-02
  11402.62  1.9119958E-02
  11403.12  1.9191735E-02
  11403.62  1.9263984E-02
  11404.12  1.9336709E-02
  11404.62  1.9409915E-02
  11405.12  1.9483606E-02
  11405.62  1.9557787E-02
  11406.12  1.9632462E-02
  11406.62  1.9707638E-02
  11407.12  1.9783318E-02
  11407.62  1.9859507E-02
  11408.12  1.9936212E-02
  11408.62  2.0013436E-02
  11409.12  2.0091184E-02
  11409.62  2.0169463E-02
  11410.12  2.0248278E-02
  11410.62  2.0327633E-02
  11411.12  2.0407535E-02
  11411.62  2.0487989E-02
  11412.12  2.0569000E-02
  11412.62  2.0650574E-02
  11413.12  2.0732718E-02
  11413.62  2.0815436E-02
  11414.12  2.0898735E-02
  11414.62  2.0982620E-02
  11415.12  2.1067099E-02
  11415.62  2.1152176E-02
  11416.12  2.1237859E-02
  11416.62  2.1324153E-02
  11417.12  2.1411066E-02
  11417.62  2.1498603E-02
  11418.12  2.1586771E-02
  11418.62  2.1675577E-02
  11419.12  2.1765028E-02
  11419.62  2.1855130E-02
  11420.12  2.1945892E-02
  11420.62  2.2037318E-02
  11421.12  2.2129418E-02
  11421.62  2.2222198E-02
  11422.12  2.2315666E-02
  11422.62  2.2409828E-02
  11423.12  2.2504694E-02
  11423.62  2.2600270E-02
  11424.12  2.2696565E-02
  11424.62  2.2793585E-02
  11425.12  2.2891341E-02
  11425.62  2.2989839E-02
  11426.12  2.3089088E-02
  11426.62  2.3189096E-02
  11427.12  2.3289873E-02
  11427.62  2.3391426E-02
  11428.12  2.3493765E-02
  11428.62  2.3596898E-02
  11429.12  2.3700835E-02
  11429.62  2.3805585E-02
  11430.12  2.3911158E-02
  11430.62  2.4017562E-02
  11431.12  2.4124808E-02
  11431.62  2.4232905E-02
  11432.12  2.4341864E-02
  11432.62  2.4451694E-02
  11433.12  2.4562406E-02
  11433.62  2.4674011E-02
  11434.12  2.4786518E-02
  11434.62  2.4899940E-02
  11435.12  2.5014285E-02
  11435.62  2.5129567E-02
  11436.12  2.5245797E-02
  11436.62  2.5362984E-02
  11437.12  2.5481143E-02
  11437.62  2.5600284E-02
  11438.12  2.5720419E-02
  11438.62  2.5841561E-02
  11439.12  2.5963722E-02
  11439.62  2.6086915E-02
  11440.12  2.6211153E-02
  11440.62  2.6336449E-02
  11441.12  2.6462817E-02
  11441.62  2.6590269E-02
  11442.12  2.6718820E-02
  11442.62  2.6848483E-02
  11443.12  2.6979274E-02
  11443.62  2.7111206E-02
  11444.12  2.7244294E-02
  11444.62  2.7378554E-02
  11445.12  2.7514000E-02
  11445.62  2.7650648E-02
  11446.12  2.7788514E-02
  11446.62  2.7927614E-02
  11447.12  2.8067965E-02
  11447.62  2.8209582E-02
  11448.12  2.8352484E-02
  11448.62  2.8496687E-02
  11449.12  2.8642209E-02
  11449.62  2.8789067E-02
  11450.12  2.8937281E-02
  11450.62  2.9086868E-02
  11451.12  2.9237848E-02
  11451.62  2.9390239E-02
  11452.12  2.9544061E-02
  11452.62  2.9699335E-02
  11453.12  2.9856080E-02
  11453.62  3.0014318E-02
  11454.12  3.0174069E-02
  11454.62  3.0335354E-02
  11455.12  3.0498197E-02
  11455.62  3.0662618E-02
  11456.12  3.0828641E-02
  11456.62  3.0996290E-02
  11457.12  3.1165587E-02
  11457.62  3.1336556E-02
  11458.12  3.1509223E-02
  11458.62  3.1683613E-02
  11459.12  3.1859750E-02
  11459.62  3.2037661E-02
  11460.12  3.2217372E-02
  11460.62  3.2398911E-02
  11461.12  3.2582306E-02
  11461.62  3.2767583E-02
  11462.12  3.2954773E-02
  11462.62  3.3143904E-02
  11463.12  3.3335007E-02
  11463.62  3.3528112E-02
  11464.12  3.3723250E-02
  11464.62  3.3920453E-02
  11465.12  3.4119754E-02
  11465.62  3.4321186E-02
  11466.12  3.4524782E-02
  11466.62  3.4730578E-02
  11467.12  3.4938609E-02
  11467.62  3.5148910E-02
  11468.12  3.5361519E-02
  11468.62  3.5576474E-02
  11469.12  3.5793813E-02
  11469.62  3.6013576E-02
  11470.12  3.6235802E-02
  11470.62  3.6460533E-02
  11471.12  3.6687811E-02
  11471.62  3.6917679E-02
  11472.12  3.7150181E-02
  11472.62  3.7385361E-02
  11473.12  3.7623267E-02
  11473.62  3.7863945E-02
  11474.12  3.8107443E-02
  11474.62  3.8353810E-02
  11475.12  3.8603097E-02
  11475.62  3.8855356E-02
  11476.12  3.9110639E-02
  11476.62  3.9369001E-02
  11477.12  3.9630496E-02
  11477.62  3.9895182E-02
  11478.12  4.0163116E-02
  11478.62  4.0434359E-02
  11479.12  4.0708970E-02
  11479.62  4.0987014E-02
  11480.12  4.1268552E-02
  11480.62  4.1553652E-02
  11481.12  4.1842380E-02
  11481.62  4.2134805E-02
  11482.12  4.2430999E-02
  11482.62  4.2731033E-02
  11483.12  4.3034982E-02
  11483.62  4.3342923E-02
  11484.12  4.3654932E-02
  11484.62  4.3971092E-02
  11485.12  4.4291485E-02
  11485.62  4.4616194E-02
  11486.12  4.4945307E-02
  11486.62  4.5278914E-02
  11487.12  4.5617106E-02
  11487.62  4.5959976E-02
  11488.12  4.6307623E-02
  11488.62  4.6660146E-02
  11489.12  4.7017646E-02
  11489.62  4.7380229E-02
  11490.12  4.7748003E-02
  11490.62  4.8121080E-02
  11491.12  4.8499573E-02
  11491.62  4.8883600E-02
  11492.12  4.9273282E-02
  11492.62  4.9668744E-02
  11493.12  5.0070115E-02
  11493.62  5.0477526E-02
  11494.12  5.0891113E-02
  11494.62  5.1311017E-02
  11495.12  5.1737382E-02
  11495.62  5.2170357E-02
  11496.12  5.2610095E-02
  11496.62  5.3056755E-02
  11497.12  5.3510500E-02
  11497.62  5.3971498E-02
  11498.12  5.4439923E-02
  11498.62  5.4915954E-02
  11499.12  5.5399777E-02
  11499.62  5.5891581E-02
  11500.12  5.6391566E-02
  11500.62  5.6899934E-02
  11501.12  5.7416896E-02
  11501.62  5.7942671E-02
  11502.12  5.8477482E-02
  11502.62  5.9021565E-02
  11503.12  5.9575158E-02
  11503.62  6.0138512E-02
  11504.12  6.0711885E-02
  11504.62  6.1295543E-02
  11505.12  6.1889765E-02
  11505.62  6.2494836E-02
  11506.12  6.3111053E-02
  11506.62  6.3738726E-02
  11507.12  6.4378173E-02
  11507.62  6.5029726E-02
  11508.12  6.5693729E-02
  11508.62  6.6370539E-02
  11509.12  6.7060527E-02
  11509.62  6.7764077E-02
  11510.12  6.8481591E-02
  11510.62  6.9213485E-02
  11511.12  6.9960190E-02
  11511.62  7.0722158E-02
  11512.12  7.1499856E-02
  11512.62  7.2293774E-02
  11513.12  7.3104417E-02
  11513.62  7.3932317E-02
  11514.12  7.4778025E-02
  11514.62  7.5642116E-02
  11515.12  7.6525191E-02
  11515.62  7.7427877E-02
  11516.12  7.8350827E-02
  11516.62  7.9294726E-02
  11517.12  8.0260288E-02
  11517.62  8.1248261E-02
  11518.12  8.2259427E-02
  11518.62  8.3294603E-02
  11519.12  8.4354647E-02
  11519.62  8.5440457E-02
  11520.12  8.6552975E-02
  11520.62  8.7693189E-02
  11521.12  8.8862134E-02
  11521.62  9.0060901E-02
  11522.12  9.1290632E-02
  11522.62  9.2552531E-02
  11523.12  9.3847863E-02
  11523.62  9.5177960E-02
  11524.12  9.6544226E-02
  11524.62  9.7948140E-02
  11525.12  9.9391262E-02
  11525.62  1.0087524E-01
  11526.12  1.0240181E-01
  11526.62  1.0397282E-01
  11527.12  1.0559020E-01
  11527.62  1.0725603E-01
  11528.12  1.0897247E-01
  11528.62  1.1074185E-01
  11529.12  1.1256663E-01
  11529.62  1.1444940E-01
  11530.12  1.1639294E-01
  11530.62  1.1840020E-01
  11531.12  1.2047433E-01
  11531.62  1.2261868E-01
  11532.12  1.2483682E-01
  11532.62  1.2713256E-01
  11533.12  1.2951000E-01
  11533.62  1.3197351E-01
  11534.12  1.3452776E-01
  11534.62  1.3717779E-01
  11535.12  1.3992900E-01
  11535.62  1.4278719E-01
  11536.12  1.4575862E-01
  11536.62  1.4885003E-01
  11537.12  1.5206870E-01
  11537.62  1.5542251E-01
  11538.12  1.5891998E-01
  11538.62  1.6257035E-01
  11539.12  1.6638368E-01
  11539.62  1.7037088E-01
  11540.12  1.7454385E-01
  11540.62  1.7891561E-01
  11541.12  1.8350034E-01
  11541.62  1.8831364E-01
  11542.12  1.9337260E-01
  11542.62  1.9869602E-01
  11543.12  2.0430464E-01
  11543.62  2.1022136E-01
  11544.12  2.1647155E-01
  11544.62  2.2308338E-01
  11545.12  2.3008818E-01
  11545.62  2.3752091E-01
  11546.12  2.4542072E-01
  11546.62  2.5383151E-01
  11547.12  2.6280270E-01
  11547.62  2.7239009E-01
  11548.12  2.8265692E-01
  11548.62  2.9367507E-01
  11549.12  3.0552656E-01
  11549.62  3.1830539E-01
  11550.12  3.3211966E-01
  11550.62  3.4709428E-01
  11551.12  3.6337423E-01
  11551.62  3.8112859E-01
  11552.12  4.0055557E-01
  11552.62  4.2188882E-01
  11553.12  4.4540530E-01
  11553.62  4.7143532E-01
  11554.12  5.0034320E-01
  11554.62  5.3242140E-01
  11555.12  5.6867247E-01
  11555.22  5.7645827E-01
  11555.32  5.8443699E-01
  11555.42  5.9261533E-01
  11555.52  6.0100029E-01
  11555.62  6.0959918E-01
  11555.72  6.1841962E-01
  11555.82  6.2746959E-01
  11555.92  6.3675742E-01
  11556.02  6.4629182E-01
  11556.12  6.5608190E-01
  11556.22  6.6613719E-01
  11556.32  6.7646767E-01
  11556.42  6.8708377E-01
  11556.52  6.9799643E-01
  11556.62  7.0921711E-01
  11556.72  7.2075780E-01
  11556.82  7.3263109E-01
  11556.92  7.4485016E-01
  11557.02  7.5742886E-01
  11557.12  7.7038171E-01
  11557.22  7.8372392E-01
  11557.32  7.9747152E-01
  11557.42  8.1164129E-01
  11557.52  8.2625088E-01
  11557.62  8.4131883E-01
  11557.72  8.5686464E-01
  11557.82  8.7290880E-01
  11557.92  8.8947286E-01
  11558.02  9.0657948E-01
  11558.12  9.2425252E-01
  11558.22  9.4251706E-01
  11558.32  9.6139952E-01
  11558.42  9.8092771E-01
  11558.52  1.0011309E+00
  11558.62  1.0220399E+00
  11558.72  1.0436871E+00
  11558.82  1.0661068E+00
  11558.92  1.0893349E+00
  11559.02  1.1134093E+00
  11559.12  1.1383698E+00
  11559.22  1.1642584E+00
  11559.32  1.1911194E+00
  11559.42  1.2189991E+00
  11559.52  1.2479464E+00
  11559.62  1.2780126E+00
  11559.72  1.3092517E+00
  11559.82  1.3417202E+00
  11559.92  1.3754773E+00
  11560.02  1.4105853E+00
  11560.12  1.4471091E+00
  11560.22  1.4851165E+00
  11560.32  1.5246782E+00
  11560.42  1.5658677E+00
  11560.52  1.6087615E+00
  11560.62  1.6534384E+00
  11560.72  1.6999799E+00
  11560.82  1.7484696E+00
  11560.92  1.7989931E+00
  11561.02  1.8516373E+00
  11561.12  1.9064899E+00
  11561.22  1.9636389E+00
  11561.32  2.0231715E+00
  11561.42  2.0851731E+00
  11561.52  2.1497261E+00
  11561.62  2.2169083E+00
  11561.72  2.2867912E+00
  11561.82  2.3594378E+00
  11561.92  2.4349006E+00
  11562.02  2.5132185E+00
  11562.12  2.5944140E+00
  11562.22  2.6784896E+00
  11562.32  2.7654247E+00
  11562.42  2.8551710E+00
  11562.52  2.9476488E+00
  11562.62  3.0427430E+00
  11562.72  3.1402984E+00
  11562.82  3.2401159E+00
  11562.92  3.3419496E+00
  11563.02  3.4455029E+00
  11563.12  3.5504276E+00
  11563.22  3.6563227E+00
  11563.32  3.7627352E+00
  11563.42  3.8691633E+00
  11563.52  3.9750604E+00
  11563.62  4.0798425E+00
  11563.72  4.1828968E+00
  11563.82  4.2835927E+00
  11563.92  4.3812949E+00
  11564.02  4.4753765E+00
  11564.12  4.5652310E+00
  11564.22  4.6502814E+00
  11564.32  4.7299953E+00
  11564.42  4.8039047E+00
  11564.52  4.8716228E+00
  11564.62  4.9328564E+00
  11564.72  4.9874071E+00
  11564.82  5.0351705E+00
  11564.92  5.0761334E+00
  11565.02  5.1103698E+00
  11565.12  5.1380328E+00
  11565.22  5.1593452E+00
  11565.32  5.1745889E+00
  11565.42  5.1840932E+00
  11565.52  5.1882236E+00
  11565.62  5.1873698E+00
  11565.72  5.1819358E+00
  11565.82  5.1723301E+00
  11565.92  5.1589584E+00
  11566.02  5.1422165E+00
  11566.12  5.1224854E+00
  11566.22  5.1001276E+00
  11566.32  5.0754841E+00
  11566.42  5.0488732E+00
  11566.52  5.0205896E+00
  11566.62  4.9909044E+00
  11566.72  4.9600658E+00
  11566.82  4.9282998E+00
  11566.92  4.8958118E+00
  11567.02  4.8627872E+00
  11567.12  4.8293939E+00
  11567.22  4.7957829E+00
  11567.32  4.7620899E+00
  11567.42  4.7284372E+00
  11567.52  4.6949342E+00
  11567.62  4.6616789E+00
  11567.72  4.6287590E+00
  11567.82  4.5962527E+00
  11567.92  4.5642296E+00
  11568.02  4.5327512E+00
  11568.12  4.5018718E+00
  11568.22  4.4716391E+00
  11568.32  4.4420944E+00
  11568.42  4.4132730E+00
  11568.52  4.3852051E+00
  11568.62  4.3579157E+00
  11568.72  4.3314248E+00
  11568.82  4.3057482E+00
  11568.92  4.2808974E+00
  11569.02  4.2568798E+00
  11569.12  4.2336993E+00
  11569.22  4.2113562E+00
  11569.32  4.1898475E+00
  11569.42  4.1691672E+00
  11569.52  4.1493066E+00
  11569.62  4.1302542E+00
  11569.72  4.1119962E+00
  11569.82  4.0945168E+00
  11569.92  4.0777980E+00
  11570.02  4.0618202E+00
  11570.12  4.0465623E+00
  11570.22  4.0320019E+00
  11570.32  4.0181154E+00
  11570.42  4.0048786E+00
  11570.52  3.9922664E+00
  11570.62  3.9802536E+00
  11570.72  3.9688147E+00
  11570.82  3.9579243E+00
  11570.92  3.9475571E+00
  11571.02  3.9376887E+00
  11571.12  3.9282951E+00
  11571.22  3.9193534E+00
  11571.32  3.9108416E+00
  11571.42  3.9027392E+00
  11571.52  3.8950272E+00
  11571.62  3.8876879E+00
  11571.72  3.8807055E+00
  11571.82  3.8740660E+00
  11571.92  3.8677570E+00
  11572.02  3.8617683E+00
  11572.12  3.8560912E+00
  11572.22  3.8507192E+00
  11572.32  3.8456473E+00
  11572.42  3.8408723E+00
  11572.52  3.8363924E+00
  11572.62  3.8322074E+00
  11572.72  3.8283182E+00
  11572.82  3.8247269E+00
  11572.92  3.8214363E+00
  11573.02  3.8184499E+00
  11573.12  3.8157717E+00
  11573.22  3.8134057E+00
  11573.32  3.8113562E+00
  11573.42  3.8096269E+00
  11573.52  3.8082214E+00
  11573.62  3.8071424E+00
  11573.72  3.8063919E+00
  11573.82  3.8059709E+00
  11573.92  3.8058793E+00
  11574.02  3.8061158E+00
  11574.12  3.8066777E+00
  11574.22  3.8075608E+00
  11574.32  3.8087598E+00
  11574.42  3.8102674E+00
  11574.52  3.8120753E+00
  11574.62  3.8141733E+00
  11574.72  3.8165502E+00
  11574.82  3.8191930E+00
  11574.92  3.8220878E+00
  11575.02  3.8252193E+00
  11575.12  3.8285711E+00
  11575.22  3.8321260E+00
  11575.32  3.8358660E+00
  11575.42  3.8397723E+00
  11575.52  3.8438257E+00
  11575.62  3.8480066E+00
  11575.72  3.8522952E+00
  11575.82  3.8566717E+00
  11575.92  3.8611163E+00
  11576.02  3.8656094E+00
  11576.12  3.8701320E+00
  11576.22  3.8746652E+00
  11576.32  3.8791910E+00
  11576.42  3.8836919E+00
  11576.52  3.8881510E+00
  11576.62  3.8925523E+00
  11576.72  3.8968808E+00
  11576.82  3.9011219E+00
  11576.92  3.9052622E+00
  11577.02  3.9092890E+00
  11577.12  3.9131905E+00
  11577.22  3.9169556E+00
  11577.32  3.9205740E+00
  11577.42  3.9240363E+00
  11577.52  3.9273335E+00
  11577.62  3.9304577E+00
  11577.72  3.9334012E+00
  11577.82  3.9361572E+00
  11577.92  3.9387193E+00
  11578.02  3.9410817E+00
  11578.12  3.9432392E+00
  11578.22  3.9451871E+00
  11578.32  3.9469210E+00
  11578.42  3.9484373E+00
  11578.52  3.9497328E+00
  11578.62  3.9508049E+00
  11578.72  3.9516515E+00
  11578.82  3.9522711E+00
  11578.92  3.9526627E+00
  11579.02  3.9528263E+00
  11579.12  3.9527623E+00
  11579.22  3.9524718E+00
  11579.32  3.9519569E+00
  11579.42  3.9512201E+00
  11579.52  3.9502650E+00
  11579.62  3.9490959E+00
  11579.72  3.9477181E+00
  11579.82  3.9461375E+00
  11579.92  3.9443609E+00
  11580.02  3.9423961E+00
  11580.12  3.9402516E+00
  11580.22  3.9379367E+00
  11580.32  3.9354614E+00
  11580.42  3.9328366E+00
  11580.52  3.9300738E+00
  11580.62  3.9271849E+00
  11580.72  3.9241828E+00
  11580.82  3.9210805E+00
  11580.92  3.9178916E+00
  11581.02  3.9146300E+00
  11581.12  3.9113100E+00
  11581.22  3.9079457E+00
  11581.32  3.9045517E+00
  11581.42  3.9011425E+00
  11581.52  3.8977324E+00
  11581.62  3.8943357E+00
  11581.72  3.8909664E+00
  11581.82  3.8876383E+00
  11581.92  3.8843648E+00
  11582.02  3.8811588E+00
  11582.12  3.8780330E+00
  11582.22  3.8749994E+00
  11582.32  3.8720694E+00
  11582.42  3.8692539E+00
  11582.52  3.8665632E+00
  11582.62  3.8640070E+00
  11582.72  3.8615943E+00
  11582.82  3.8593334E+00
  11582.92  3.8572320E+00
  11583.02  3.8552971E+00
  11583.12  3.8535350E+00
  11583.22  3.8519514E+00
  11583.32  3.8505513E+00
  11583.42  3.8493391E+00
  11583.52  3.8483186E+00
  11583.62  3.8474929E+00
  11583.72  3.8468645E+00
  11583.82  3.8464355E+00
  11583.92  3.8462075E+00
  11584.02  3.8461813E+00
  11584.12  3.8463575E+00
  11584.22  3.8467362E+00
  11584.32  3.8473170E+00
  11584.42  3.8480993E+00
  11584.52  3.8490820E+00
  11584.62  3.8502637E+00
  11584.72  3.8516427E+00
  11584.82  3.8532173E+00
  11584.92  3.8549854E+00
  11585.02  3.8569445E+00
  11585.12  3.8590924E+00
  11585.22  3.8614266E+00
  11585.32  3.8639442E+00
  11585.42  3.8666428E+00
  11585.52  3.8695195E+00
  11585.62  3.8725715E+00
  11585.72  3.8757963E+00
  11585.82  3.8791910E+00
  11585.92  3.8827530E+00
  11586.02  3.8864798E+00
  11586.12  3.8903688E+00
  11586.22  3.8944176E+00
  11586.32  3.8986240E+00
  11586.42  3.9029858E+00
  11586.52  3.9075009E+00
  11586.62  3.9121676E+00
  11586.72  3.9169839E+00
  11586.82  3.9219484E+00
  11586.92  3.9270595E+00
  11587.02  3.9323159E+00
  11587.12  3.9377163E+00
  11587.22  3.9432595E+00
  11587.32  3.9489446E+00
  11587.42  3.9547704E+00
  11587.52  3.9607360E+00
  11587.62  3.9668404E+00
  11587.72  3.9730826E+00
  11587.82  3.9794613E+00
  11587.92  3.9859754E+00
  11588.02  3.9926235E+00
  11588.12  3.9994038E+00
  11588.22  4.0063145E+00
  11588.32  4.0133535E+00
  11588.42  4.0205181E+00
  11588.52  4.0278053E+00
  11588.62  4.0352118E+00
  11588.72  4.0427336E+00
  11588.82  4.0503663E+00
  11588.92  4.0581048E+00
  11589.02  4.0659435E+00
  11589.12  4.0738761E+00
  11589.22  4.0818958E+00
  11589.32  4.0899948E+00
  11589.42  4.0981648E+00
  11589.52  4.1063970E+00
  11589.62  4.1146816E+00
  11589.72  4.1230083E+00
  11589.82  4.1313659E+00
  11589.92  4.1397430E+00
  11590.02  4.1481271E+00
  11590.12  4.1565055E+00
  11590.22  4.1648649E+00
  11590.32  4.1731913E+00
  11590.42  4.1814707E+00
  11590.52  4.1896883E+00
  11590.62  4.1978296E+00
  11590.72  4.2058794E+00
  11590.82  4.2138228E+00
  11590.92  4.2216446E+00
  11591.02  4.2293299E+00
  11591.12  4.2368639E+00
  11591.22  4.2442321E+00
  11591.32  4.2514205E+00
  11591.42  4.2584153E+00
  11591.52  4.2652035E+00
  11591.62  4.2717727E+00
  11591.72  4.2781112E+00
  11591.82  4.2842082E+00
  11591.92  4.2900536E+00
  11592.02  4.2956386E+00
  11592.12  4.3009551E+00
  11592.22  4.3059961E+00
  11592.32  4.3107559E+00
  11592.42  4.3152296E+00
  11592.52  4.3194136E+00
  11592.62  4.3233055E+00
  11592.72  4.3269039E+00
  11592.82  4.3302086E+00
  11592.92  4.3332204E+00
  11593.02  4.3359413E+00
  11593.12  4.3383740E+00
  11593.22  4.3405226E+00
  11593.32  4.3423916E+00
  11593.42  4.3439869E+00
  11593.52  4.3453147E+00
  11593.62  4.3463821E+00
  11593.72  4.3471968E+00
  11593.82  4.3477670E+00
  11593.92  4.3481016E+00
  11594.02  4.3482053E+00
  11594.12  4.3480522E+00
  11594.22  4.3476235E+00
  11594.32  4.3469847E+00
  11594.42  4.3461782E+00
  11594.52  4.3453048E+00
  11594.62  4.3443411E+00
  11594.72  4.3431913E+00
  11594.82  4.3418655E+00
  11594.92  4.3403341E+00
  11595.02  4.3387188E+00
  11595.12  4.3370445E+00
  11595.62  4.3270295E+00
  11596.12  4.3153698E+00
  11596.62  4.3029674E+00
  11597.12  4.2905446E+00
  11597.62  4.2786494E+00
  11598.12  4.2676570E+00
  11598.62  4.2577698E+00
  11599.12  4.2490212E+00
  11599.62  4.2412928E+00
  11600.12  4.2343493E+00
  11600.62  4.2278872E+00
  11601.12  4.2215913E+00
  11601.62  4.2151908E+00
  11602.12  4.2085080E+00
  11602.62  4.2014952E+00
  11603.12  4.1942531E+00
  11603.62  4.1870283E+00
  11604.12  4.1801875E+00
  11604.62  4.1741716E+00
  11605.12  4.1694415E+00
  11605.62  4.1664255E+00
  11606.12  4.1654813E+00
  11606.62  4.1668776E+00
  11607.12  4.1707940E+00
  11607.62  4.1773324E+00
  11608.12  4.1865302E+00
  11608.62  4.1983703E+00
  11609.12  4.2127827E+00
  11609.62  4.2296439E+00
  11610.12  4.2487754E+00
  11610.62  4.2699471E+00
  11611.12  4.2928842E+00
  11611.62  4.3172749E+00
  11612.12  4.3427743E+00
  11612.62  4.3690013E+00
  11613.12  4.3955343E+00
  11613.62  4.4219073E+00
  11614.12  4.4476163E+00
  11614.62  4.4721362E+00
  11615.12  4.4949480E+00
  11615.62  4.5155714E+00
  11616.12  4.5335958E+00
  11616.62  4.5487063E+00
  11617.12  4.5607006E+00
  11617.62  4.5694970E+00
  11618.12  4.5751309E+00
  11618.62  4.5777433E+00
  11619.12  4.5775597E+00
  11619.62  4.5748648E+00
  11620.12  4.5699741E+00
  11620.62  4.5632091E+00
  11621.12  4.5548765E+00
  11621.62  4.5452562E+00
  11622.12  4.5345942E+00
  11622.62  4.5231037E+00
  11623.12  4.5109677E+00
  11623.62  4.4983457E+00
  11624.12  4.4853792E+00
  11624.62  4.4721747E+00
  11625.12  4.4589107E+00
  11626.12  4.4325374E+00
  11627.12  4.4069962E+00
  11628.12  4.3828491E+00
  11629.12  4.3603909E+00
  11630.12  4.3396621E+00
  11631.12  4.3205350E+00
  11632.12  4.3028292E+00
  11633.12  4.2863789E+00
  11634.12  4.2710210E+00
  11635.12  4.2565449E+00
  11636.12  4.2426714E+00
  11637.12  4.2290999E+00
  11638.12  4.2156113E+00
  11639.12  4.2021791E+00
  11640.12  4.1890287E+00
  11641.12  4.1766143E+00
  11642.12  4.1655301E+00
  11643.12  4.1564013E+00
  11644.12  4.1497939E+00
  11645.12  4.1461564E+00
  11646.12  4.1457862E+00
  11647.12  4.1488140E+00
  11648.12  4.1552033E+00
  11649.12  4.1647591E+00
  11650.12  4.1771456E+00
  11651.12  4.1919106E+00
  11652.12  4.2085170E+00
  11653.12  4.2263790E+00
  11654.12  4.2448917E+00
  11655.12  4.2634520E+00
  11656.12  4.2814691E+00
  11657.12  4.2983735E+00
  11658.12  4.3136338E+00
  11659.12  4.3267851E+00
  11660.12  4.3374695E+00
  11661.12  4.3454799E+00
  11662.12  4.3507945E+00
  11663.12  4.3535873E+00
  11664.12  4.3542045E+00
  11665.12  4.3531076E+00
  11666.12  4.3507977E+00
  11667.12  4.3477444E+00
  11668.12  4.3443346E+00
  11669.12  4.3408504E+00
  11670.12  4.3374716E+00
  11671.12  4.3342921E+00
  11672.12  4.3313428E+00
  11673.12  4.3286134E+00
  11674.12  4.3260738E+00
  11675.12  4.3236925E+00
  11676.12  4.3214541E+00
  11677.12  4.3193728E+00
  11678.12  4.3174966E+00
  11679.12  4.3159013E+00
  11680.12  4.3146717E+00
  11681.12  4.3138767E+00
  11682.12  4.3135420E+00
  11683.12  4.3136306E+00
  11684.12  4.3140304E+00
  11685.12  4.3145550E+00
  11686.12  4.3149535E+00
  11687.12  4.3149287E+00
  11688.12  4.3141613E+00
  11689.12  4.3123380E+00
  11690.12  4.3091785E+00
  11691.12  4.3044614E+00
  11692.12  4.2980420E+00
  11693.12  4.2898629E+00
  11694.12  4.2799551E+00
  11695.12  4.2684324E+00
  11696.12  4.2554816E+00
  11697.12  4.2413508E+00
  11698.12  4.2263379E+00
  11699.12  4.2107779E+00
  11700.12  4.1950301E+00
  11701.12  4.1794647E+00
  11702.12  4.1644494E+00
  11703.12  4.1503377E+00
  11704.12  4.1374566E+00
  11705.12  4.1260955E+00
  11706.12  4.1164951E+00
  11707.12  4.1088377E+00
  11708.12  4.1032395E+00
  11709.12  4.0997461E+00
  11710.12  4.0983327E+00
  11711.12  4.0989089E+00
  11712.12  4.1013269E+00
  11713.12  4.1053936E+00
  11714.12  4.1108824E+00
  11715.12  4.1175456E+00
  11716.12  4.1251240E+00
  11717.12  4.1333563E+00
  11718.12  4.1419883E+00
  11719.12  4.1507831E+00
  11720.12  4.1595332E+00
  11721.12  4.1680715E+00
  11722.12  4.1762794E+00
  11723.12  4.1840881E+00
  11724.12  4.1914735E+00
  11725.12  4.1984437E+00
  11726.12  4.2050230E+00
  11727.12  4.2112364E+00
  11728.12  4.2170956E+00
  11729.12  4.2225896E+00
  11730.12  4.2276789E+00
  11731.12  4.2322939E+00
  11732.12  4.2363376E+00
  11733.12  4.2396919E+00
  11734.12  4.2422303E+00
  11735.12  4.2438339E+00
  11736.12  4.2444131E+00
  11737.12  4.2439280E+00
  11738.12  4.2424079E+00
  11739.12  4.2399619E+00
  11740.12  4.2367791E+00
  11741.12  4.2331167E+00
  11742.12  4.2292773E+00
  11743.12  4.2255783E+00
  11744.12  4.2223195E+00
  11745.12  4.2197525E+00
  11746.12  4.2180571E+00
  11747.12  4.2173254E+00
  11748.12  4.2175557E+00
  11749.12  4.2186527E+00
  11750.12  4.2204354E+00
  11751.12  4.2226499E+00
  11752.12  4.2249866E+00
  11753.12  4.2271017E+00
  11754.12  4.2286425E+00
  11755.12  4.2292720E+00
  11756.12  4.2286936E+00
  11757.12  4.2266692E+00
  11758.12  4.2230329E+00
  11759.12  4.2176965E+00
  11760.12  4.2106495E+00
  11761.12  4.2019544E+00
  11762.12  4.1917383E+00
  11763.12  4.1801831E+00
  11764.12  4.1675135E+00
  11765.12  4.1539870E+00
  11766.12  4.1398829E+00
  11767.12  4.1254934E+00
  11768.12  4.1111156E+00
  11769.12  4.0970427E+00
  11770.12  4.0835563E+00
  11771.12  4.0709185E+00
  11772.12  4.0593634E+00
  11773.12  4.0490902E+00
  11774.12  4.0402575E+00
  11775.12  4.0329790E+00
  11776.12  4.0273213E+00
  11777.12  4.0233032E+00
  11778.12  4.0208977E+00
  11779.12  4.0200358E+00
  11780.12  4.0206122E+00
  11781.12  4.0224926E+00
  11782.12  4.0255222E+00
  11783.12  4.0295329E+00
  11784.12  4.0343510E+00
  11785.12  4.0398024E+00
  11786.12  4.0457185E+00
  11787.12  4.0519404E+00
  11788.12  4.0583245E+00
  11789.12  4.0647471E+00
  11790.12  4.0711095E+00
  11791.12  4.0773407E+00
  11792.12  4.0833981E+00
  11793.12  4.0892654E+00
  11794.12  4.0949472E+00
  11795.12  4.1004621E+00
  11796.12  4.1058354E+00
  11797.12  4.1110909E+00
  11798.12  4.1162462E+00
  11799.12  4.1213079E+00
  11800.12  4.1262710E+00
  11801.12  4.1311191E+00
  11802.12  4.1358275E+00
  11803.12  4.1403674E+00
  11804.12  4.1447105E+00
  11805.12  4.1488337E+00
  11806.12  4.1527232E+00
  11807.12  4.1563763E+00
  11808.12  4.1598010E+00
  11809.12  4.1630127E+00
  11810.12  4.1660278E+00
  11811.12  4.1688564E+00
  11812.12  4.1714962E+00
  11813.12  4.1739306E+00
