    Energy    <xanes>    
  11364.00  1.4719207E-02
  11364.02  1.4719899E-02
  11364.06  1.4721615E-02
  11364.08  1.4722685E-02
  11364.08  1.4722837E-02
  11364.08  1.4723104E-02
  11364.09  1.4723609E-02
  11364.09  1.4723667E-02
  11364.11  1.4724801E-02
  11364.12  1.4724923E-02
  11364.13  1.4725740E-02
  11364.14  1.4726256E-02
  11364.14  1.4726582E-02
  11364.15  1.4726983E-02
  11364.16  1.4727864E-02
  11364.16  1.4728072E-02
  11364.16  1.4728142E-02
  11364.18  1.4729154E-02
  11364.19  1.4729745E-02
  11364.19  1.4730123E-02
  11364.20  1.4730585E-02
  11364.20  1.4731135E-02
  11364.21  1.4731776E-02
  11364.22  1.4732748E-02
  11364.23  1.4732993E-02
  11364.24  1.4733743E-02
  11364.24  1.4733828E-02
  11364.24  1.4734342E-02
  11364.25  1.4734429E-02
  11364.25  1.4734607E-02
  11364.26  1.4735610E-02
  11364.27  1.4736522E-02
  11364.27  1.4736613E-02
  11364.28  1.4737890E-02
  11364.28  1.4738072E-02
  11364.29  1.4738346E-02
  11364.30  1.4739532E-02
  11364.31  1.4740170E-02
  11364.32  1.4741356E-02
  11364.33  1.4742451E-02
  11364.34  1.4742999E-02
  11364.35  1.4743911E-02
  11364.35  1.4744368E-02
  11364.36  1.4744733E-02
  11364.36  1.4745007E-02
  11364.38  1.4746376E-02
  11364.38  1.4746832E-02
  11364.41  1.4749297E-02
  11364.41  1.4749937E-02
  11364.42  1.4750484E-02
  11364.42  1.4750576E-02
  11364.43  1.4751124E-02
  11364.43  1.4751398E-02
  11364.43  1.4751672E-02
  11364.44  1.4751854E-02
  11364.44  1.4752037E-02
  11364.46  1.4753773E-02
  11364.47  1.4755144E-02
  11364.48  1.4756058E-02
  11364.53  1.4760262E-02
  11364.53  1.4760536E-02
  11364.54  1.4761085E-02
  11364.58  1.4764925E-02
  11364.59  1.4765657E-02
  11365.09  1.4811522E-02
  11365.16  1.4817962E-02
  11365.66  1.4864106E-02
  11366.16  1.4910497E-02
  11366.66  1.4957137E-02
  11367.16  1.5004028E-02
  11367.66  1.5051171E-02
  11368.16  1.5098569E-02
  11368.66  1.5146224E-02
  11369.16  1.5194138E-02
  11369.66  1.5242313E-02
  11370.16  1.5290750E-02
  11370.66  1.5339453E-02
  11371.16  1.5388423E-02
  11371.66  1.5437662E-02
  11372.16  1.5487172E-02
  11372.66  1.5536956E-02
  11373.16  1.5587016E-02
  11373.66  1.5637354E-02
  11374.16  1.5687973E-02
  11374.66  1.5738874E-02
  11375.16  1.5790060E-02
  11375.66  1.5841533E-02
  11376.16  1.5893296E-02
  11376.66  1.5945351E-02
  11377.16  1.5997700E-02
  11377.66  1.6050346E-02
  11378.16  1.6103292E-02
  11378.66  1.6156539E-02
  11379.16  1.6210091E-02
  11379.66  1.6263950E-02
  11380.16  1.6318118E-02
  11380.66  1.6372598E-02
  11381.16  1.6427392E-02
  11381.66  1.6482504E-02
  11382.16  1.6537937E-02
  11382.66  1.6593692E-02
  11383.16  1.6649772E-02
  11383.66  1.6706181E-02
  11384.16  1.6762921E-02
  11384.66  1.6819995E-02
  11385.16  1.6877405E-02
  11385.66  1.6935156E-02
  11386.16  1.6993249E-02
  11386.66  1.7051688E-02
  11387.16  1.7110475E-02
  11387.66  1.7169615E-02
  11388.16  1.7229109E-02
  11388.66  1.7288961E-02
  11389.16  1.7349174E-02
  11389.66  1.7409752E-02
  11390.16  1.7470697E-02
  11390.66  1.7532013E-02
  11391.16  1.7593703E-02
  11391.66  1.7655771E-02
  11392.16  1.7718219E-02
  11392.66  1.7781052E-02
  11393.16  1.7844272E-02
  11393.66  1.7907884E-02
  11394.16  1.7971891E-02
  11394.66  1.8036296E-02
  11395.16  1.8101103E-02
  11395.66  1.8166316E-02
  11396.16  1.8231938E-02
  11396.66  1.8297974E-02
  11397.16  1.8364427E-02
  11397.66  1.8431301E-02
  11398.16  1.8498599E-02
  11398.66  1.8566327E-02
  11399.16  1.8634487E-02
  11399.66  1.8703084E-02
  11400.16  1.8772123E-02
  11400.66  1.8841606E-02
  11401.16  1.8911539E-02
  11401.66  1.8981926E-02
  11402.16  1.9052770E-02
  11402.66  1.9124077E-02
  11403.16  1.9195851E-02
  11403.66  1.9268096E-02
  11404.16  1.9340818E-02
  11404.66  1.9414019E-02
  11405.16  1.9487706E-02
  11405.66  1.9561883E-02
  11406.16  1.9636554E-02
  11406.66  1.9711725E-02
  11407.16  1.9787401E-02
  11407.66  1.9863586E-02
  11408.16  1.9940285E-02
  11408.66  2.0017504E-02
  11409.16  2.0095248E-02
  11409.66  2.0173522E-02
  11410.16  2.0252331E-02
  11410.66  2.0331681E-02
  11411.16  2.0411577E-02
  11411.66  2.0492025E-02
  11412.16  2.0573030E-02
  11412.66  2.0654598E-02
  11413.16  2.0736736E-02
  11413.66  2.0819447E-02
  11414.16  2.0902740E-02
  11414.66  2.0986619E-02
  11415.16  2.1071091E-02
  11415.66  2.1156161E-02
  11416.16  2.1241837E-02
  11416.66  2.1328124E-02
  11417.16  2.1415029E-02
  11417.66  2.1502558E-02
  11418.16  2.1590719E-02
  11418.66  2.1679517E-02
  11419.16  2.1768960E-02
  11419.66  2.1859054E-02
  11420.16  2.1949806E-02
  11420.66  2.2041225E-02
  11421.16  2.2133316E-02
  11421.66  2.2226086E-02
  11422.16  2.2319545E-02
  11422.66  2.2413698E-02
  11423.16  2.2508554E-02
  11423.66  2.2604121E-02
  11424.16  2.2700405E-02
  11424.66  2.2797416E-02
  11425.16  2.2895161E-02
  11425.66  2.2993648E-02
  11426.16  2.3092886E-02
  11426.66  2.3192884E-02
  11427.16  2.3293649E-02
  11427.66  2.3395191E-02
  11428.16  2.3497518E-02
  11428.66  2.3600639E-02
  11429.16  2.3704564E-02
  11429.66  2.3809302E-02
  11430.16  2.3914862E-02
  11430.66  2.4021253E-02
  11431.16  2.4128486E-02
  11431.66  2.4236569E-02
  11432.16  2.4345514E-02
  11432.66  2.4455331E-02
  11433.16  2.4566029E-02
  11433.66  2.4677619E-02
  11434.16  2.4790111E-02
  11434.66  2.4903518E-02
  11435.16  2.5017848E-02
  11435.66  2.5133115E-02
  11436.16  2.5249328E-02
  11436.66  2.5366500E-02
  11437.16  2.5484641E-02
  11437.66  2.5603765E-02
  11438.16  2.5723884E-02
  11438.66  2.5845008E-02
  11439.16  2.5967152E-02
  11439.66  2.6090327E-02
  11440.16  2.6214546E-02
  11440.66  2.6339823E-02
  11441.16  2.6466172E-02
  11441.66  2.6593604E-02
  11442.16  2.6722135E-02
  11442.66  2.6851779E-02
  11443.16  2.6982549E-02
  11443.66  2.7114460E-02
  11444.16  2.7247527E-02
  11444.66  2.7381765E-02
  11445.16  2.7517189E-02
  11445.66  2.7653815E-02
  11446.16  2.7791658E-02
  11446.66  2.7930735E-02
  11447.16  2.8071062E-02
  11447.66  2.8212655E-02
  11448.16  2.8355532E-02
  11448.66  2.8499710E-02
  11449.16  2.8645207E-02
  11449.66  2.8792039E-02
  11450.16  2.8940227E-02
  11450.66  2.9089787E-02
  11451.16  2.9240739E-02
  11451.66  2.9393103E-02
  11452.16  2.9546897E-02
  11452.66  2.9702142E-02
  11453.16  2.9858858E-02
  11453.66  3.0017066E-02
  11454.16  3.0176786E-02
  11454.66  3.0338041E-02
  11455.16  3.0500852E-02
  11455.66  3.0665242E-02
  11456.16  3.0831233E-02
  11456.66  3.0998848E-02
  11457.16  3.1168111E-02
  11457.66  3.1339046E-02
  11458.16  3.1511679E-02
  11458.66  3.1686032E-02
  11459.16  3.1862133E-02
  11459.66  3.2040008E-02
  11460.16  3.2219682E-02
  11460.66  3.2401183E-02
  11461.16  3.2584538E-02
  11461.66  3.2769777E-02
  11462.16  3.2956927E-02
  11462.66  3.3146017E-02
  11463.16  3.3337078E-02
  11463.66  3.3530141E-02
  11464.16  3.3725236E-02
  11464.66  3.3922396E-02
  11465.16  3.4121652E-02
  11465.66  3.4323038E-02
  11466.16  3.4526589E-02
  11466.66  3.4732338E-02
  11467.16  3.4940321E-02
  11467.66  3.5150574E-02
  11468.16  3.5363133E-02
  11468.66  3.5578038E-02
  11469.16  3.5795326E-02
  11469.66  3.6015036E-02
  11470.16  3.6237209E-02
  11470.66  3.6461886E-02
  11471.16  3.6689110E-02
  11471.66  3.6918922E-02
  11472.16  3.7151367E-02
  11472.66  3.7386490E-02
  11473.16  3.7624337E-02
  11473.66  3.7864954E-02
  11474.16  3.8108391E-02
  11474.66  3.8354697E-02
  11475.16  3.8603921E-02
  11475.66  3.8856116E-02
  11476.16  3.9111333E-02
  11476.66  3.9369628E-02
  11477.16  3.9631056E-02
  11477.66  3.9895673E-02
  11478.16  4.0163537E-02
  11478.66  4.0434708E-02
  11479.16  4.0709247E-02
  11479.66  4.0987216E-02
  11480.16  4.1268679E-02
  11480.66  4.1553702E-02
  11481.16  4.1842352E-02
  11481.66  4.2134698E-02
  11482.16  4.2430811E-02
  11482.66  4.2730763E-02
  11483.16  4.3034628E-02
  11483.66  4.3342483E-02
  11484.16  4.3654406E-02
  11484.66  4.3970477E-02
  11485.16  4.4290780E-02
  11485.66  4.4615397E-02
  11486.16  4.4944417E-02
  11486.66  4.5277929E-02
  11487.16  4.5616024E-02
  11487.66  4.5958797E-02
  11488.16  4.6306343E-02
  11488.66  4.6658764E-02
  11489.16  4.7016160E-02
  11489.66  4.7378637E-02
  11490.16  4.7746304E-02
  11490.66  4.8119271E-02
  11491.16  4.8497652E-02
  11491.66  4.8881565E-02
  11492.16  4.9271132E-02
  11492.66  4.9666476E-02
  11493.16  5.0067727E-02
  11493.66  5.0475016E-02
  11494.16  5.0888479E-02
  11494.66  5.1308256E-02
  11495.16  5.1734493E-02
  11495.66  5.2167336E-02
  11496.16  5.2606941E-02
  11496.66  5.3053465E-02
  11497.16  5.3507072E-02
  11497.66  5.3967929E-02
  11498.16  5.4436210E-02
  11498.66  5.4912095E-02
  11499.16  5.5395769E-02
  11499.66  5.5887422E-02
  11500.16  5.6387253E-02
  11500.66  5.6895464E-02
  11501.16  5.7412267E-02
  11501.66  5.7937879E-02
  11502.16  5.8472525E-02
  11502.66  5.9016439E-02
  11503.16  5.9569861E-02
  11503.66  6.0133041E-02
  11504.16  6.0706236E-02
  11504.66  6.1289714E-02
  11505.16  6.1883752E-02
  11505.66  6.2488636E-02
  11506.16  6.3104664E-02
  11506.66  6.3732143E-02
  11507.16  6.4371394E-02
  11507.66  6.5022747E-02
  11508.16  6.5686546E-02
  11508.66  6.6363150E-02
  11509.16  6.7052927E-02
  11509.66  6.7756264E-02
  11510.16  6.8473562E-02
  11510.66  6.9205234E-02
  11511.16  6.9951716E-02
  11511.66  7.0713456E-02
  11512.16  7.1490924E-02
  11512.66  7.2284607E-02
  11513.16  7.3095013E-02
  11513.66  7.3922671E-02
  11514.16  7.4768134E-02
  11514.66  7.5631978E-02
  11515.16  7.6514801E-02
  11515.66  7.7417232E-02
  11516.16  7.8339924E-02
  11516.66  7.9283562E-02
  11517.16  8.0248861E-02
  11517.66  8.1236567E-02
  11518.16  8.2247462E-02
  11518.66  8.3282366E-02
  11519.16  8.4342135E-02
  11519.66  8.5427669E-02
  11520.16  8.6539907E-02
  11520.66  8.7679840E-02
  11521.16  8.8848503E-02
  11521.66  9.0046986E-02
  11522.16  9.1276433E-02
  11522.66  9.2538047E-02
  11523.16  9.3833094E-02
  11523.66  9.5162908E-02
  11524.16  9.6528891E-02
  11524.66  9.7932523E-02
  11525.16  9.9375366E-02
  11525.66  1.0085907E-01
  11526.16  1.0238537E-01
  11526.66  1.0395611E-01
  11527.16  1.0557323E-01
  11527.66  1.0723880E-01
  11528.16  1.0895501E-01
  11528.66  1.1072415E-01
  11529.16  1.1254870E-01
  11529.66  1.1443126E-01
  11530.16  1.1637461E-01
  11530.66  1.1838170E-01
  11531.16  1.2045567E-01
  11531.66  1.2259989E-01
  11532.16  1.2481791E-01
  11532.66  1.2711358E-01
  11533.16  1.2949097E-01
  11533.66  1.3195447E-01
  11534.16  1.3450875E-01
  11534.66  1.3715886E-01
  11535.16  1.3991019E-01
  11535.66  1.4276857E-01
  11536.16  1.4574025E-01
  11536.66  1.4883199E-01
  11537.16  1.5205107E-01
  11537.66  1.5540538E-01
  11538.16  1.5890345E-01
  11538.66  1.6255454E-01
  11539.16  1.6636870E-01
  11539.66  1.7035689E-01
  11540.16  1.7453101E-01
  11540.66  1.7890408E-01
  11541.16  1.8349035E-01
  11541.66  1.8830540E-01
  11542.16  1.9336636E-01
  11542.66  1.9869206E-01
  11543.16  2.0430329E-01
  11543.66  2.1022298E-01
  11544.16  2.1647655E-01
  11544.66  2.2309220E-01
  11545.16  2.3010135E-01
  11545.66  2.3753902E-01
  11546.16  2.4544443E-01
  11546.66  2.5386157E-01
  11547.16  2.6283996E-01
  11547.66  2.7243554E-01
  11548.16  2.8271166E-01
  11548.66  2.9374037E-01
  11549.16  3.0560390E-01
  11549.66  3.1839643E-01
  11550.16  3.3222632E-01
  11550.66  3.4721880E-01
  11551.16  3.6351917E-01
  11551.66  3.8129695E-01
  11552.16  4.0075085E-01
  11552.66  4.2211508E-01
  11553.16  4.4566731E-01
  11553.66  4.7173870E-01
  11554.16  5.0068214E-01
  11554.66  5.3281407E-01
  11555.16  5.6912764E-01
  11555.26  5.7692715E-01
  11555.36  5.8492000E-01
  11555.46  5.9311294E-01
  11555.56  6.0151296E-01
  11555.66  6.1012739E-01
  11555.76  6.1896387E-01
  11555.86  6.2803041E-01
  11555.96  6.3733534E-01
  11556.06  6.4688741E-01
  11556.16  6.5669574E-01
  11556.26  6.6676989E-01
  11556.36  6.7711985E-01
  11556.46  6.8775609E-01
  11556.56  6.9868956E-01
  11556.66  7.0993174E-01
  11556.76  7.2149468E-01
  11556.86  7.3339096E-01
  11556.96  7.4563382E-01
  11557.06  7.5823712E-01
  11557.16  7.7121542E-01
  11557.26  7.8458398E-01
  11557.36  7.9835883E-01
  11557.46  8.1255681E-01
  11557.56  8.2719562E-01
  11557.66  8.4229382E-01
  11557.76  8.5787097E-01
  11557.86  8.7394758E-01
  11557.96  8.9054527E-01
  11558.06  9.0768675E-01
  11558.16  9.2539591E-01
  11558.26  9.4369792E-01
  11558.36  9.6261923E-01
  11558.46  9.8218771E-01
  11558.56  1.0024327E+00
  11558.66  1.0233851E+00
  11558.76  1.0450774E+00
  11558.86  1.0675438E+00
  11558.96  1.0908205E+00
  11559.06  1.1149454E+00
  11559.16  1.1399584E+00
  11559.26  1.1659016E+00
  11559.36  1.1928193E+00
  11559.46  1.2207580E+00
  11559.56  1.2497668E+00
  11559.66  1.2798971E+00
  11559.76  1.3112028E+00
  11559.86  1.3437408E+00
  11559.96  1.3775706E+00
  11560.06  1.4127543E+00
  11560.16  1.4493571E+00
  11560.26  1.4874471E+00
  11560.36  1.5270953E+00
  11560.46  1.5683754E+00
  11560.56  1.6113640E+00
  11560.66  1.6561404E+00
  11560.76  1.7027864E+00
  11560.86  1.7513860E+00
  11560.96  1.8020251E+00
  11561.06  1.8547912E+00
  11561.16  1.9097725E+00
  11561.26  1.9670577E+00
  11561.36  2.0267344E+00
  11561.46  2.0888890E+00
  11561.56  2.1536046E+00
  11561.66  2.2209600E+00
  11561.76  2.2910278E+00
  11561.86  2.3638722E+00
  11561.96  2.4395471E+00
  11562.06  2.5180927E+00
  11562.16  2.5995334E+00
  11562.26  2.6838735E+00
  11562.36  2.7710944E+00
  11562.46  2.8611500E+00
  11562.56  2.9539633E+00
  11562.66  3.0494214E+00
  11562.76  3.1473719E+00
  11562.86  3.2476187E+00
  11562.96  3.3499185E+00
  11563.06  3.4539776E+00
  11563.16  3.5594504E+00
  11563.26  3.6659378E+00
  11563.36  3.7729889E+00
  11563.46  3.8801026E+00
  11563.56  3.9867325E+00
  11563.66  4.0922933E+00
  11563.76  4.1961696E+00
  11563.86  4.2977267E+00
  11563.96  4.3963230E+00
  11564.06  4.4913235E+00
  11564.16  4.5821103E+00
  11564.26  4.6680944E+00
  11564.36  4.7487334E+00
  11564.46  4.8235490E+00
  11564.56  4.8921407E+00
  11564.66  4.9541960E+00
  11564.76  5.0094984E+00
  11564.86  5.0579280E+00
  11564.96  5.0994584E+00
  11565.06  5.1341524E+00
  11565.16  5.1621543E+00
  11565.26  5.1836814E+00
  11565.36  5.1990125E+00
  11565.46  5.2084775E+00
  11565.56  5.2124447E+00
  11565.66  5.2113093E+00
  11565.76  5.2054829E+00
  11565.86  5.1953834E+00
  11565.96  5.1814268E+00
  11566.06  5.1640200E+00
  11566.16  5.1435552E+00
  11566.26  5.1204060E+00
  11566.36  5.0949240E+00
  11566.46  5.0674372E+00
  11566.56  5.0382492E+00
  11566.66  5.0076390E+00
  11566.76  4.9758613E+00
  11566.86  4.9431477E+00
  11566.96  4.9097079E+00
  11567.06  4.8757310E+00
  11567.16  4.8413873E+00
  11567.26  4.8068295E+00
  11567.36  4.7721948E+00
  11567.46  4.7376057E+00
  11567.56  4.7031719E+00
  11567.66  4.6689916E+00
  11567.76  4.6351521E+00
  11567.86  4.6017313E+00
  11567.96  4.5687984E+00
  11568.06  4.5364148E+00
  11568.16  4.5046347E+00
  11568.26  4.4735056E+00
  11568.36  4.4430690E+00
  11568.46  4.4133606E+00
  11568.56  4.3844111E+00
  11568.66  4.3562460E+00
  11568.76  4.3288864E+00
  11568.86  4.3023489E+00
  11568.96  4.2766461E+00
  11569.06  4.2517867E+00
  11569.16  4.2277756E+00
  11569.26  4.2046145E+00
  11569.36  4.1823018E+00
  11569.46  4.1608328E+00
  11569.56  4.1401999E+00
  11569.66  4.1203931E+00
  11569.76  4.1013995E+00
  11569.86  4.0832045E+00
  11569.96  4.0657909E+00
  11570.06  4.0491402E+00
  11570.16  4.0332318E+00
  11570.26  4.0180438E+00
  11570.36  4.0035533E+00
  11570.46  3.9897360E+00
  11570.56  3.9765670E+00
  11570.66  3.9640211E+00
  11570.76  3.9520723E+00
  11570.86  3.9406947E+00
  11570.96  3.9298627E+00
  11571.06  3.9195507E+00
  11571.16  3.9097339E+00
  11571.26  3.9003882E+00
  11571.36  3.8914905E+00
  11571.46  3.8830187E+00
  11571.56  3.8749522E+00
  11571.66  3.8672720E+00
  11571.76  3.8599605E+00
  11571.86  3.8530019E+00
  11571.96  3.8463822E+00
  11572.06  3.8400893E+00
  11572.16  3.8341131E+00
  11572.26  3.8284453E+00
  11572.36  3.8230792E+00
  11572.46  3.8180103E+00
  11572.56  3.8132356E+00
  11572.66  3.8087535E+00
  11572.76  3.8045641E+00
  11572.86  3.8006685E+00
  11572.96  3.7970690E+00
  11573.06  3.7937688E+00
  11573.16  3.7907715E+00
  11573.26  3.7880814E+00
  11573.36  3.7857028E+00
  11573.46  3.7836401E+00
  11573.56  3.7818973E+00
  11573.66  3.7804782E+00
  11573.76  3.7793859E+00
  11573.86  3.7786225E+00
  11573.96  3.7781894E+00
  11574.06  3.7780868E+00
  11574.16  3.7783135E+00
  11574.26  3.7788673E+00
  11574.36  3.7797444E+00
  11574.46  3.7809396E+00
  11574.56  3.7824463E+00
  11574.66  3.7842562E+00
  11574.76  3.7863598E+00
  11574.86  3.7887461E+00
  11574.96  3.7914027E+00
  11575.06  3.7943159E+00
  11575.16  3.7974710E+00
  11575.26  3.8008519E+00
  11575.36  3.8044418E+00
  11575.46  3.8082230E+00
  11575.56  3.8121772E+00
  11575.66  3.8162855E+00
  11575.76  3.8205285E+00
  11575.86  3.8248867E+00
  11575.96  3.8293405E+00
  11576.06  3.8338705E+00
  11576.16  3.8384571E+00
  11576.26  3.8430813E+00
  11576.36  3.8477245E+00
  11576.46  3.8523686E+00
  11576.56  3.8569960E+00
  11576.66  3.8615899E+00
  11576.76  3.8661343E+00
  11576.86  3.8706138E+00
  11576.96  3.8750138E+00
  11577.06  3.8793208E+00
  11577.16  3.8835217E+00
  11577.26  3.8876046E+00
  11577.36  3.8915581E+00
  11577.46  3.8953718E+00
  11577.56  3.8990358E+00
  11577.66  3.9025411E+00
  11577.76  3.9058793E+00
  11577.86  3.9090425E+00
  11577.96  3.9120238E+00
  11578.06  3.9148164E+00
  11578.16  3.9174144E+00
  11578.26  3.9198123E+00
  11578.36  3.9220051E+00
  11578.46  3.9239885E+00
  11578.56  3.9257586E+00
  11578.66  3.9273119E+00
  11578.76  3.9286459E+00
  11578.86  3.9297582E+00
  11578.96  3.9306472E+00
  11579.06  3.9313120E+00
  11579.16  3.9317523E+00
  11579.26  3.9319683E+00
  11579.36  3.9319612E+00
  11579.46  3.9317328E+00
  11579.56  3.9312857E+00
  11579.66  3.9306232E+00
  11579.76  3.9297496E+00
  11579.86  3.9286697E+00
  11579.96  3.9273893E+00
  11580.06  3.9259152E+00
  11580.16  3.9242546E+00
  11580.26  3.9224158E+00
  11580.36  3.9204077E+00
  11580.46  3.9182400E+00
  11580.56  3.9159231E+00
  11580.66  3.9134680E+00
  11580.76  3.9108863E+00
  11580.86  3.9081901E+00
  11580.96  3.9053920E+00
  11581.06  3.9025051E+00
  11581.16  3.8995427E+00
  11581.26  3.8965185E+00
  11581.36  3.8934463E+00
  11581.46  3.8903400E+00
  11581.56  3.8872135E+00
  11581.66  3.8840810E+00
  11581.76  3.8809561E+00
  11581.86  3.8778527E+00
  11581.96  3.8747841E+00
  11582.06  3.8717635E+00
  11582.16  3.8688039E+00
  11582.26  3.8659175E+00
  11582.36  3.8631164E+00
  11582.46  3.8604121E+00
  11582.56  3.8578155E+00
  11582.66  3.8553372E+00
  11582.76  3.8529869E+00
  11582.86  3.8507740E+00
  11582.96  3.8487070E+00
  11583.06  3.8467940E+00
  11583.16  3.8450424E+00
  11583.26  3.8434590E+00
  11583.36  3.8420498E+00
  11583.46  3.8408204E+00
  11583.56  3.8397757E+00
  11583.66  3.8389198E+00
  11583.76  3.8382565E+00
  11583.86  3.8377888E+00
  11583.96  3.8375193E+00
  11584.06  3.8374499E+00
  11584.16  3.8375820E+00
  11584.26  3.8379167E+00
  11584.36  3.8384545E+00
  11584.46  3.8391952E+00
  11584.56  3.8401388E+00
  11584.66  3.8412842E+00
  11584.76  3.8426306E+00
  11584.86  3.8441765E+00
  11584.96  3.8459202E+00
  11585.06  3.8478598E+00
  11585.16  3.8499931E+00
  11585.26  3.8523177E+00
  11585.36  3.8548312E+00
  11585.46  3.8575309E+00
  11585.56  3.8604141E+00
  11585.66  3.8634779E+00
  11585.76  3.8667195E+00
  11585.86  3.8701360E+00
  11585.96  3.8737245E+00
  11586.06  3.8774822E+00
  11586.16  3.8814061E+00
  11586.26  3.8854936E+00
  11586.36  3.8897420E+00
  11586.46  3.8941487E+00
  11586.56  3.8987112E+00
  11586.66  3.9034273E+00
  11586.76  3.9082947E+00
  11586.86  3.9133113E+00
  11586.96  3.9184752E+00
  11587.06  3.9237846E+00
  11587.16  3.9292379E+00
  11587.26  3.9348336E+00
  11587.36  3.9405701E+00
  11587.46  3.9464463E+00
  11587.56  3.9524608E+00
  11587.66  3.9586124E+00
  11587.76  3.9649001E+00
  11587.86  3.9713225E+00
  11587.96  3.9778785E+00
  11588.06  3.9845667E+00
  11588.16  3.9913856E+00
  11588.26  3.9983335E+00
  11588.36  4.0054087E+00
  11588.46  4.0126089E+00
  11588.56  4.0199316E+00
  11588.66  4.0273739E+00
  11588.76  4.0349326E+00
  11588.86  4.0426038E+00
  11588.96  4.0503834E+00
  11589.06  4.0582664E+00
  11589.16  4.0662474E+00
  11589.26  4.0743203E+00
  11589.36  4.0824785E+00
  11589.46  4.0907146E+00
  11589.56  4.0990206E+00
  11589.66  4.1073876E+00
  11589.76  4.1158063E+00
  11589.86  4.1242665E+00
  11589.96  4.1327575E+00
  11590.06  4.1412677E+00
  11590.16  4.1497851E+00
  11590.26  4.1582971E+00
  11590.36  4.1667904E+00
  11590.46  4.1752515E+00
  11590.56  4.1836661E+00
  11590.66  4.1920199E+00
  11590.76  4.2002981E+00
  11590.86  4.2084858E+00
  11590.96  4.2165678E+00
  11591.06  4.2245292E+00
  11591.16  4.2323549E+00
  11591.26  4.2400300E+00
  11591.36  4.2475399E+00
  11591.46  4.2548705E+00
  11591.56  4.2620079E+00
  11591.66  4.2689389E+00
  11591.76  4.2756509E+00
  11591.86  4.2821321E+00
  11591.96  4.2883713E+00
  11592.06  4.2943585E+00
  11592.16  4.3000845E+00
  11592.26  4.3055409E+00
  11592.36  4.3107208E+00
  11592.46  4.3156180E+00
  11592.56  4.3202276E+00
  11592.66  4.3245458E+00
  11592.76  4.3285701E+00
  11592.86  4.3322988E+00
  11592.96  4.3357318E+00
  11593.06  4.3388696E+00
  11593.16  4.3417141E+00
  11593.26  4.3442682E+00
  11593.36  4.3465356E+00
  11593.46  4.3485211E+00
  11593.56  4.3502302E+00
  11593.66  4.3516693E+00
  11593.76  4.3528456E+00
  11593.86  4.3537666E+00
  11593.96  4.3544408E+00
  11594.06  4.3548680E+00
  11594.16  4.3550110E+00
  11594.26  4.3548919E+00
  11594.36  4.3545648E+00
  11594.46  4.3540882E+00
  11594.56  4.3534762E+00
  11594.66  4.3526924E+00
  11594.76  4.3517437E+00
  11594.86  4.3506427E+00
  11594.96  4.3494085E+00
  11595.06  4.3480235E+00
  11595.16  4.3464899E+00
  11595.66  4.3372816E+00
  11596.16  4.3261755E+00
  11596.66  4.3141140E+00
  11597.16  4.3018628E+00
  11597.66  4.2900145E+00
  11598.16  4.2789905E+00
  11598.66  4.2690377E+00
  11599.16  4.2602284E+00
  11599.66  4.2524726E+00
  11600.16  4.2455494E+00
  11600.66  4.2391540E+00
  11601.16  4.2329562E+00
  11601.66  4.2266598E+00
  11602.16  4.2200567E+00
  11602.66  4.2130691E+00
  11603.16  4.2057735E+00
  11603.66  4.1984024E+00
  11604.16  4.1913207E+00
  11604.66  4.1849807E+00
  11605.16  4.1798648E+00
  11605.66  4.1764288E+00
  11606.16  4.1750590E+00
  11606.66  4.1760490E+00
  11607.16  4.1795965E+00
  11607.66  4.1858149E+00
  11608.16  4.1947475E+00
  11608.66  4.2063790E+00
  11609.16  4.2206398E+00
  11609.66  4.2374057E+00
  11610.16  4.2564965E+00
  11610.66  4.2776801E+00
  11611.16  4.3006791E+00
  11611.66  4.3251797E+00
  11612.16  4.3508351E+00
  11612.66  4.3772640E+00
  11613.16  4.4040439E+00
  11613.66  4.4307068E+00
  11614.16  4.4567433E+00
  11614.66  4.4816184E+00
  11615.16  4.5047985E+00
  11615.66  4.5257846E+00
  11616.16  4.5441452E+00
  11616.66  4.5595439E+00
  11617.16  4.5717594E+00
  11617.66  4.5806935E+00
  11618.16  4.5863707E+00
  11618.66  4.5889258E+00
  11619.16  4.5885838E+00
  11619.66  4.5856334E+00
  11620.16  4.5803983E+00
  11620.66  4.5732107E+00
  11621.16  4.5643898E+00
  11621.66  4.5542281E+00
  11622.16  4.5429844E+00
  11622.66  4.5308838E+00
  11623.16  4.5181205E+00
  11623.66  4.5048638E+00
  11624.16  4.4912577E+00
  11624.66  4.4774415E+00
  11625.16  4.4635561E+00
  11626.16  4.4360059E+00
  11627.16  4.4093471E+00
  11628.16  4.3841327E+00
  11629.16  4.3606488E+00
  11630.16  4.3389325E+00
  11631.16  4.3188613E+00
  11632.16  4.3002679E+00
  11633.16  4.2830072E+00
  11634.16  4.2669401E+00
  11635.16  4.2518745E+00
  11636.16  4.2375353E+00
  11637.16  4.2236068E+00
  11638.16  4.2098384E+00
  11639.16  4.1961656E+00
  11640.16  4.1827814E+00
  11641.16  4.1701226E+00
  11642.16  4.1587824E+00
  11643.16  4.1493967E+00
  11644.16  4.1425484E+00
  11645.16  4.1387050E+00
  11646.16  4.1381840E+00
  11647.16  4.1411362E+00
  11648.16  4.1475418E+00
  11649.16  4.1572160E+00
  11650.16  4.1698219E+00
  11651.16  4.1848927E+00
  11652.16  4.2018661E+00
  11653.16  4.2201247E+00
  11654.16  4.2390349E+00
  11655.16  4.2579732E+00
  11656.16  4.2763404E+00
  11657.16  4.2935692E+00
  11658.16  4.3091361E+00
  11659.16  4.3225851E+00
  11660.16  4.3335627E+00
  11661.16  4.3418591E+00
  11662.16  4.3474440E+00
  11663.16  4.3504801E+00
  11664.16  4.3513052E+00
  11665.16  4.3503786E+00
  11666.16  4.3482079E+00
  11667.16  4.3452750E+00
  11668.16  4.3419817E+00
  11669.16  4.3386241E+00
  11670.16  4.3353931E+00
  11671.16  4.3323899E+00
  11672.16  4.3296494E+00
  11673.16  4.3271629E+00
  11674.16  4.3249000E+00
  11675.16  4.3228274E+00
  11676.16  4.3209261E+00
  11677.16  4.3192048E+00
  11678.16  4.3177050E+00
  11679.16  4.3164949E+00
  11680.16  4.3156519E+00
  11681.16  4.3152369E+00
  11682.16  4.3152673E+00
  11683.16  4.3156965E+00
  11684.16  4.3164030E+00
  11685.16  4.3171906E+00
  11686.16  4.3177997E+00
  11687.16  4.3179266E+00
  11688.16  4.3172479E+00
  11689.16  4.3154484E+00
  11690.16  4.3122495E+00
  11691.16  4.3074343E+00
  11692.16  4.3008662E+00
  11693.16  4.2924985E+00
  11694.16  4.2823748E+00
  11695.16  4.2706225E+00
  11696.16  4.2574416E+00
  11697.16  4.2430930E+00
  11698.16  4.2278854E+00
  11699.16  4.2121633E+00
  11700.16  4.1962932E+00
  11701.16  4.1806500E+00
  11702.16  4.1656037E+00
  11703.16  4.1515065E+00
  11704.16  4.1386822E+00
  11705.16  4.1274154E+00
  11706.16  4.1179418E+00
  11707.16  4.1104390E+00
  11708.16  4.1050195E+00
  11709.16  4.1017260E+00
  11710.16  4.1005311E+00
  11711.16  4.1013415E+00
  11712.16  4.1040058E+00
  11713.16  4.1083260E+00
  11714.16  4.1140700E+00
  11715.16  4.1209833E+00
  11716.16  4.1287998E+00
  11717.16  4.1372507E+00
  11718.16  4.1460734E+00
  11719.16  4.1550223E+00
  11720.16  4.1638802E+00
  11721.16  4.1724711E+00
  11722.16  4.1806686E+00
  11723.16  4.1883997E+00
  11724.16  4.1956406E+00
  11725.16  4.2024050E+00
  11726.16  4.2087286E+00
  11727.16  4.2146521E+00
  11728.16  4.2202064E+00
  11729.16  4.2254009E+00
  11730.16  4.2302163E+00
  11731.16  4.2346014E+00
  11732.16  4.2384738E+00
  11733.16  4.2417253E+00
  11734.16  4.2442328E+00
  11735.16  4.2458743E+00
  11736.16  4.2465494E+00
  11737.16  4.2462020E+00
  11738.16  4.2448401E+00
  11739.16  4.2425494E+00
  11740.16  4.2394957E+00
  11741.16  4.2359161E+00
  11742.16  4.2320975E+00
  11743.16  4.2283476E+00
  11744.16  4.2249629E+00
  11745.16  4.2221981E+00
  11746.16  4.2202402E+00
  11747.16  4.2191930E+00
  11748.16  4.2190678E+00
  11749.16  4.2197840E+00
  11750.16  4.2211758E+00
  11751.16  4.2230042E+00
  11752.16  4.2249746E+00
  11753.16  4.2267576E+00
  11754.16  4.2280134E+00
  11755.16  4.2284161E+00
  11756.16  4.2276773E+00
  11757.16  4.2255637E+00
  11758.16  4.2219100E+00
  11759.16  4.2166248E+00
  11760.16  4.2096905E+00
  11761.16  4.2011603E+00
  11762.16  4.1911501E+00
  11763.16  4.1798297E+00
  11764.16  4.1674129E+00
  11765.16  4.1541463E+00
  11766.16  4.1402998E+00
  11767.16  4.1261572E+00
  11768.16  4.1120079E+00
  11769.16  4.0981389E+00
  11770.16  4.0848270E+00
  11771.16  4.0723308E+00
  11772.16  4.0608829E+00
  11773.16  4.0506830E+00
  11774.16  4.0418911E+00
  11775.16  4.0346235E+00
  11776.16  4.0289497E+00
  11777.16  4.0248920E+00
  11778.16  4.0224265E+00
  11779.16  4.0214872E+00
  11780.16  4.0219711E+00
  11781.16  4.0237464E+00
  11782.16  4.0266601E+00
  11783.16  4.0305465E+00
  11784.16  4.0352340E+00
  11785.16  4.0405518E+00
  11786.16  4.0463350E+00
  11787.16  4.0524293E+00
  11788.16  4.0586962E+00
  11789.16  4.0650178E+00
  11790.16  4.0713011E+00
  11791.16  4.0774814E+00
  11792.16  4.0835228E+00
  11793.16  4.0894154E+00
  11794.16  4.0951706E+00
  11795.16  4.1008129E+00
  11796.16  4.1063716E+00
  11797.16  4.1118732E+00
  11798.16  4.1173342E+00
  11799.16  4.1227569E+00
  11800.16  4.1281283E+00
  11801.16  4.1334203E+00
  11802.16  4.1385934E+00
  11803.16  4.1436015E+00
  11804.16  4.1483976E+00
  11805.16  4.1529401E+00
  11806.16  4.1571981E+00
  11807.16  4.1611548E+00
  11808.16  4.1648087E+00
  11809.16  4.1681714E+00
  11810.16  4.1712625E+00
  11811.16  4.1741022E+00
  11812.16  4.1767041E+00
  11813.16  4.1790714E+00
