    Energy    <xanes>    
  11364.00  1.4724904E-02
  11364.04  1.4726325E-02
  11364.04  1.4726521E-02
  11364.04  1.4726641E-02
  11364.06  1.4727212E-02
  11364.06  1.4727295E-02
  11364.07  1.4727549E-02
  11364.07  1.4727808E-02
  11364.08  1.4727984E-02
  11364.08  1.4728252E-02
  11364.09  1.4728389E-02
  11364.09  1.4728667E-02
  11364.10  1.4728949E-02
  11364.10  1.4729189E-02
  11364.11  1.4729724E-02
  11364.12  1.4729823E-02
  11364.12  1.4730024E-02
  11364.12  1.4730178E-02
  11364.13  1.4730437E-02
  11364.13  1.4730490E-02
  11364.13  1.4730545E-02
  11364.13  1.4730600E-02
  11364.13  1.4730657E-02
  11364.13  1.4730714E-02
  11364.14  1.4730889E-02
  11364.14  1.4731007E-02
  11364.14  1.4731067E-02
  11364.14  1.4731250E-02
  11364.14  1.4731313E-02
  11364.15  1.4731504E-02
  11364.15  1.4731569E-02
  11364.15  1.4731704E-02
  11364.15  1.4731773E-02
  11364.15  1.4731980E-02
  11364.16  1.4732122E-02
  11364.16  1.4732265E-02
  11364.16  1.4732337E-02
  11364.16  1.4732776E-02
  11364.18  1.4734032E-02
  11364.19  1.4734406E-02
  11364.20  1.4735388E-02
  11364.20  1.4735616E-02
  11364.21  1.4736079E-02
  11364.21  1.4736390E-02
  11364.22  1.4736705E-02
  11364.22  1.4736786E-02
  11364.22  1.4736950E-02
  11364.22  1.4737198E-02
  11364.22  1.4737364E-02
  11364.23  1.4737533E-02
  11364.23  1.4737787E-02
  11364.23  1.4738130E-02
  11364.23  1.4738217E-02
  11364.24  1.4738304E-02
  11364.24  1.4738480E-02
  11364.24  1.4738658E-02
  11364.24  1.4739017E-02
  11364.25  1.4739560E-02
  11364.25  1.4740016E-02
  11364.26  1.4740472E-02
  11364.26  1.4740563E-02
  11364.26  1.4741019E-02
  11364.27  1.4741567E-02
  11364.27  1.4741841E-02
  11364.28  1.4742206E-02
  11364.28  1.4742297E-02
  11364.28  1.4742480E-02
  11364.28  1.4742571E-02
  11364.28  1.4742753E-02
  11364.29  1.4743119E-02
  11364.29  1.4743210E-02
  11364.30  1.4743849E-02
  11364.30  1.4743940E-02
  11364.30  1.4744305E-02
  11364.31  1.4745219E-02
  11364.31  1.4745310E-02
  11364.31  1.4745493E-02
  11364.32  1.4745949E-02
  11364.32  1.4746040E-02
  11364.32  1.4746314E-02
  11364.33  1.4746771E-02
  11364.33  1.4746862E-02
  11364.33  1.4747045E-02
  11364.33  1.4747228E-02
  11364.33  1.4747319E-02
  11364.34  1.4747411E-02
  11364.34  1.4747685E-02
  11364.34  1.4747959E-02
  11364.34  1.4748050E-02
  11364.35  1.4748416E-02
  11364.36  1.4749329E-02
  11364.38  1.4751066E-02
  11364.39  1.4752071E-02
  11364.39  1.4752163E-02
  11364.39  1.4752802E-02
  11364.40  1.4753259E-02
  11364.41  1.4754082E-02
  11364.41  1.4754173E-02
  11364.41  1.4754265E-02
  11364.41  1.4754448E-02
  11364.41  1.4754539E-02
  11364.42  1.4754722E-02
  11364.42  1.4754813E-02
  11364.92  1.4800625E-02
  11365.42  1.4846680E-02
  11365.92  1.4892982E-02
  11366.42  1.4939532E-02
  11366.92  1.4986333E-02
  11367.42  1.5033385E-02
  11367.92  1.5080691E-02
  11368.42  1.5128253E-02
  11368.92  1.5176074E-02
  11369.42  1.5224154E-02
  11369.92  1.5272497E-02
  11370.42  1.5321104E-02
  11370.92  1.5369977E-02
  11371.42  1.5419119E-02
  11371.92  1.5468531E-02
  11372.42  1.5518216E-02
  11372.92  1.5568177E-02
  11373.42  1.5618414E-02
  11373.92  1.5668931E-02
  11374.42  1.5719730E-02
  11374.92  1.5770813E-02
  11375.42  1.5822183E-02
  11375.92  1.5873841E-02
  11376.42  1.5925790E-02
  11376.92  1.5978033E-02
  11377.42  1.6030572E-02
  11377.92  1.6083410E-02
  11378.42  1.6136548E-02
  11378.92  1.6189989E-02
  11379.42  1.6243737E-02
  11379.92  1.6297793E-02
  11380.42  1.6352160E-02
  11380.92  1.6406841E-02
  11381.42  1.6461839E-02
  11381.92  1.6517155E-02
  11382.42  1.6572793E-02
  11382.92  1.6628756E-02
  11383.42  1.6685046E-02
  11383.92  1.6741666E-02
  11384.42  1.6798619E-02
  11384.92  1.6855908E-02
  11385.42  1.6913536E-02
  11385.92  1.6971505E-02
  11386.42  1.7029819E-02
  11386.92  1.7088480E-02
  11387.42  1.7147492E-02
  11387.92  1.7206858E-02
  11388.42  1.7266580E-02
  11388.92  1.7326663E-02
  11389.42  1.7387109E-02
  11389.92  1.7447921E-02
  11390.42  1.7509102E-02
  11390.92  1.7570657E-02
  11391.42  1.7632588E-02
  11391.92  1.7694898E-02
  11392.42  1.7757592E-02
  11392.92  1.7820672E-02
  11393.42  1.7884142E-02
  11393.92  1.7948005E-02
  11394.42  1.8012266E-02
  11394.92  1.8076928E-02
  11395.42  1.8141994E-02
  11395.92  1.8207468E-02
  11396.42  1.8273353E-02
  11396.92  1.8339655E-02
  11397.42  1.8406376E-02
  11397.92  1.8473521E-02
  11398.42  1.8541093E-02
  11398.92  1.8609096E-02
  11399.42  1.8677535E-02
  11399.92  1.8746413E-02
  11400.42  1.8815735E-02
  11400.92  1.8885505E-02
  11401.42  1.8955727E-02
  11401.92  1.9026405E-02
  11402.42  1.9097544E-02
  11402.92  1.9169149E-02
  11403.42  1.9241223E-02
  11403.92  1.9313771E-02
  11404.42  1.9386799E-02
  11404.92  1.9460309E-02
  11405.42  1.9534308E-02
  11405.92  1.9608800E-02
  11406.42  1.9683789E-02
  11406.92  1.9759281E-02
  11407.42  1.9835281E-02
  11407.92  1.9911793E-02
  11408.42  1.9988823E-02
  11408.92  2.0066376E-02
  11409.42  2.0144458E-02
  11409.92  2.0223072E-02
  11410.42  2.0302225E-02
  11410.92  2.0381923E-02
  11411.42  2.0462170E-02
  11411.92  2.0542972E-02
  11412.42  2.0624336E-02
  11412.92  2.0706266E-02
  11413.42  2.0788769E-02
  11413.92  2.0871850E-02
  11414.42  2.0955515E-02
  11414.92  2.1039771E-02
  11415.42  2.1124623E-02
  11415.92  2.1210079E-02
  11416.42  2.1296143E-02
  11416.92  2.1382823E-02
  11417.42  2.1470125E-02
  11417.92  2.1558055E-02
  11418.42  2.1646621E-02
  11418.92  2.1735828E-02
  11419.42  2.1825685E-02
  11419.92  2.1916198E-02
  11420.42  2.2007373E-02
  11420.92  2.2099218E-02
  11421.42  2.2191741E-02
  11421.92  2.2284949E-02
  11422.42  2.2378848E-02
  11422.92  2.2473448E-02
  11423.42  2.2568755E-02
  11423.92  2.2664777E-02
  11424.42  2.2761522E-02
  11424.92  2.2858999E-02
  11425.42  2.2957215E-02
  11425.92  2.3056179E-02
  11426.42  2.3155898E-02
  11426.92  2.3256383E-02
  11427.42  2.3357641E-02
  11427.92  2.3459680E-02
  11428.42  2.3562511E-02
  11428.92  2.3666142E-02
  11429.42  2.3770582E-02
  11429.92  2.3875841E-02
  11430.42  2.3981928E-02
  11430.92  2.4088853E-02
  11431.42  2.4196625E-02
  11431.92  2.4305254E-02
  11432.42  2.4414751E-02
  11432.92  2.4525126E-02
  11433.42  2.4636389E-02
  11433.92  2.4748551E-02
  11434.42  2.4861622E-02
  11434.92  2.4975613E-02
  11435.42  2.5090536E-02
  11435.92  2.5206402E-02
  11436.42  2.5323222E-02
  11436.92  2.5441008E-02
  11437.42  2.5559771E-02
  11437.92  2.5679524E-02
  11438.42  2.5800279E-02
  11438.92  2.5922048E-02
  11439.42  2.6044844E-02
  11439.92  2.6168679E-02
  11440.42  2.6293567E-02
  11440.92  2.6419522E-02
  11441.42  2.6546555E-02
  11441.92  2.6674682E-02
  11442.42  2.6803916E-02
  11442.92  2.6934271E-02
  11443.42  2.7065762E-02
  11443.92  2.7198403E-02
  11444.42  2.7332210E-02
  11444.92  2.7467197E-02
  11445.42  2.7603379E-02
  11445.92  2.7740774E-02
  11446.42  2.7879396E-02
  11446.92  2.8019261E-02
  11447.42  2.8160387E-02
  11447.92  2.8302791E-02
  11448.42  2.8446488E-02
  11448.92  2.8591498E-02
  11449.42  2.8737837E-02
  11449.92  2.8885523E-02
  11450.42  2.9034576E-02
  11450.92  2.9185014E-02
  11451.42  2.9336855E-02
  11451.92  2.9490120E-02
  11452.42  2.9644828E-02
  11452.92  2.9800999E-02
  11453.42  2.9958655E-02
  11453.92  3.0117815E-02
  11454.42  3.0278501E-02
  11454.92  3.0440735E-02
  11455.42  3.0604540E-02
  11455.92  3.0769937E-02
  11456.42  3.0936949E-02
  11456.92  3.1105601E-02
  11457.42  3.1275916E-02
  11457.92  3.1447918E-02
  11458.42  3.1621632E-02
  11458.92  3.1797084E-02
  11459.42  3.1974299E-02
  11459.92  3.2153304E-02
  11460.42  3.2334125E-02
  11460.92  3.2516791E-02
  11461.42  3.2701328E-02
  11461.92  3.2887766E-02
  11462.42  3.3076134E-02
  11462.92  3.3266461E-02
  11463.42  3.3458778E-02
  11463.92  3.3653115E-02
  11464.42  3.3849504E-02
  11464.92  3.4047978E-02
  11465.42  3.4248570E-02
  11465.92  3.4451312E-02
  11466.42  3.4656240E-02
  11466.92  3.4863388E-02
  11467.42  3.5072792E-02
  11467.92  3.5284489E-02
  11468.42  3.5498517E-02
  11468.92  3.5714912E-02
  11469.42  3.5933716E-02
  11469.92  3.6154966E-02
  11470.42  3.6378705E-02
  11470.92  3.6604974E-02
  11471.42  3.6833815E-02
  11471.92  3.7065272E-02
  11472.42  3.7299390E-02
  11472.92  3.7536214E-02
  11473.42  3.7775791E-02
  11473.92  3.8018169E-02
  11474.42  3.8263396E-02
  11474.92  3.8511522E-02
  11475.42  3.8762599E-02
  11475.92  3.9016678E-02
  11476.42  3.9273814E-02
  11476.92  3.9534061E-02
  11477.42  3.9797476E-02
  11477.92  4.0064115E-02
  11478.42  4.0334039E-02
  11478.92  4.0607306E-02
  11479.42  4.0883980E-02
  11479.92  4.1164123E-02
  11480.42  4.1447800E-02
  11480.92  4.1735078E-02
  11481.42  4.2026025E-02
  11481.92  4.2320712E-02
  11482.42  4.2619209E-02
  11482.92  4.2921591E-02
  11483.42  4.3227934E-02
  11483.92  4.3538313E-02
  11484.42  4.3852810E-02
  11484.92  4.4171505E-02
  11485.42  4.4494483E-02
  11485.92  4.4821829E-02
  11486.42  4.5153633E-02
  11486.92  4.5489983E-02
  11487.42  4.5830974E-02
  11487.92  4.6176702E-02
  11488.42  4.6527264E-02
  11488.92  4.6882762E-02
  11489.42  4.7243300E-02
  11489.92  4.7608985E-02
  11490.42  4.7979926E-02
  11490.92  4.8356237E-02
  11491.42  4.8738033E-02
  11491.92  4.9125436E-02
  11492.42  4.9518567E-02
  11492.92  4.9917553E-02
  11493.42  5.0322526E-02
  11493.92  5.0733619E-02
  11494.42  5.1150971E-02
  11494.92  5.1574725E-02
  11495.42  5.2005028E-02
  11495.92  5.2442031E-02
  11496.42  5.2885891E-02
  11496.92  5.3336768E-02
  11497.42  5.3794829E-02
  11497.92  5.4260246E-02
  11498.42  5.4733195E-02
  11498.92  5.5213858E-02
  11499.42  5.5702426E-02
  11499.92  5.6199092E-02
  11500.42  5.6704057E-02
  11500.92  5.7217530E-02
  11501.42  5.7739725E-02
  11501.92  5.8270865E-02
  11502.42  5.8811179E-02
  11502.92  5.9360904E-02
  11503.42  5.9920288E-02
  11503.92  6.0489583E-02
  11504.42  6.1069054E-02
  11504.92  6.1658974E-02
  11505.42  6.2259624E-02
  11505.92  6.2871298E-02
  11506.42  6.3494300E-02
  11506.92  6.4128944E-02
  11507.42  6.4775557E-02
  11507.92  6.5434478E-02
  11508.42  6.6106057E-02
  11508.92  6.6790661E-02
  11509.42  6.7488669E-02
  11509.92  6.8200474E-02
  11510.42  6.8926485E-02
  11510.92  6.9667130E-02
  11511.42  7.0422850E-02
  11511.92  7.1194107E-02
  11512.42  7.1981380E-02
  11512.92  7.2785168E-02
  11513.42  7.3605993E-02
  11513.92  7.4444397E-02
  11514.42  7.5300945E-02
  11514.92  7.6176227E-02
  11515.42  7.7070860E-02
  11515.92  7.7985485E-02
  11516.42  7.8920774E-02
  11516.92  7.9877430E-02
  11517.42  8.0856185E-02
  11517.92  8.1857807E-02
  11518.42  8.2883099E-02
  11518.92  8.3932902E-02
  11519.42  8.5008097E-02
  11519.92  8.6109607E-02
  11520.42  8.7238401E-02
  11520.92  8.8395494E-02
  11521.42  8.9581954E-02
  11521.92  9.0798901E-02
  11522.42  9.2047513E-02
  11522.92  9.3329030E-02
  11523.42  9.4644755E-02
  11523.92  9.5996063E-02
  11524.42  9.7384399E-02
  11524.92  9.8811291E-02
  11525.42  1.0027835E-01
  11525.92  1.0178727E-01
  11526.42  1.0333986E-01
  11526.92  1.0493801E-01
  11527.42  1.0658374E-01
  11527.92  1.0827917E-01
  11528.42  1.1002657E-01
  11528.92  1.1182833E-01
  11529.42  1.1368699E-01
  11529.92  1.1560526E-01
  11530.42  1.1758601E-01
  11530.92  1.1963231E-01
  11531.42  1.2174741E-01
  11531.92  1.2393479E-01
  11532.42  1.2619818E-01
  11532.92  1.2854154E-01
  11533.42  1.3096912E-01
  11533.92  1.3348547E-01
  11534.42  1.3609549E-01
  11534.92  1.3880439E-01
  11535.42  1.4161783E-01
  11535.92  1.4454186E-01
  11536.42  1.4758302E-01
  11536.92  1.5074837E-01
  11537.42  1.5404551E-01
  11537.92  1.5748271E-01
  11538.42  1.6106889E-01
  11538.92  1.6481376E-01
  11539.42  1.6872786E-01
  11539.92  1.7282269E-01
  11540.42  1.7711076E-01
  11540.92  1.8160578E-01
  11541.42  1.8632274E-01
  11541.92  1.9127806E-01
  11542.42  1.9648983E-01
  11542.92  2.0197796E-01
  11543.42  2.0776441E-01
  11543.92  2.1387349E-01
  11544.42  2.2033216E-01
  11544.92  2.2717039E-01
  11545.42  2.3442158E-01
  11545.92  2.4212306E-01
  11546.42  2.5031668E-01
  11546.92  2.5904947E-01
  11547.42  2.6837447E-01
  11547.92  2.7835170E-01
  11548.42  2.8904926E-01
  11548.92  3.0054479E-01
  11549.42  3.1292708E-01
  11549.92  3.2629806E-01
  11550.42  3.4077533E-01
  11550.92  3.5649510E-01
  11551.42  3.7361590E-01
  11551.92  3.9232319E-01
  11552.42  4.1283509E-01
  11552.92  4.3540952E-01
  11553.42  4.6035333E-01
  11553.92  4.8803385E-01
  11554.42  5.1854115E-01
  11554.52  5.2512852E-01
  11554.62  5.3186852E-01
  11554.72  5.3876613E-01
  11554.82  5.4582655E-01
  11554.92  5.5305520E-01
  11555.02  5.6045773E-01
  11555.12  5.6804000E-01
  11555.22  5.7580817E-01
  11555.32  5.8376862E-01
  11555.42  5.9192803E-01
  11555.52  6.0029336E-01
  11555.62  6.0887190E-01
  11555.72  6.1767125E-01
  11555.82  6.2669933E-01
  11555.92  6.3596445E-01
  11556.02  6.4547527E-01
  11556.12  6.5524087E-01
  11556.22  6.6527074E-01
  11556.32  6.7557481E-01
  11556.42  6.8616346E-01
  11556.52  6.9704759E-01
  11556.62  7.0823860E-01
  11556.72  7.1974843E-01
  11556.82  7.3158960E-01
  11556.92  7.4377525E-01
  11557.02  7.5631914E-01
  11557.12  7.6923572E-01
  11557.22  7.8254017E-01
  11557.32  7.9624840E-01
  11557.42  8.1037712E-01
  11557.52  8.2494390E-01
  11557.62  8.3996720E-01
  11557.72  8.5546641E-01
  11557.82  8.7146191E-01
  11557.92  8.8797516E-01
  11558.02  9.0502871E-01
  11558.12  9.2264629E-01
  11558.22  9.4085286E-01
  11558.32  9.5967472E-01
  11558.42  9.7913951E-01
  11558.52  9.9927636E-01
  11558.62  1.0201159E+00
  11558.72  1.0416905E+00
  11558.82  1.0640341E+00
  11558.92  1.0871825E+00
  11559.02  1.1111734E+00
  11559.12  1.1360465E+00
  11559.22  1.1618435E+00
  11559.32  1.1886084E+00
  11559.42  1.2163874E+00
  11559.52  1.2452291E+00
  11559.62  1.2751846E+00
  11559.72  1.3063076E+00
  11559.82  1.3386543E+00
  11559.92  1.3722839E+00
  11560.02  1.4072581E+00
  11560.12  1.4436416E+00
  11560.22  1.4815020E+00
  11560.32  1.5209098E+00
  11560.42  1.5619381E+00
  11560.52  1.6046632E+00
  11560.62  1.6491637E+00
  11560.72  1.6955208E+00
  11560.82  1.7438181E+00
  11560.92  1.7941409E+00
  11561.02  1.8465760E+00
  11561.12  1.9012112E+00
  11561.22  1.9581345E+00
  11561.32  2.0174333E+00
  11561.42  2.0791933E+00
  11561.52  2.1434971E+00
  11561.62  2.2104234E+00
  11561.72  2.2800442E+00
  11561.82  2.3524237E+00
  11561.92  2.4276155E+00
  11562.02  2.5056599E+00
  11562.12  2.5865813E+00
  11562.22  2.6703843E+00
  11562.32  2.7570506E+00
  11562.42  2.8465348E+00
  11562.52  2.9387603E+00
  11562.62  3.0336153E+00
  11562.72  3.1309483E+00
  11562.82  3.2305644E+00
  11562.92  3.3322215E+00
  11563.02  3.4356276E+00
  11563.12  3.5404383E+00
  11563.22  3.6462567E+00
  11563.32  3.7526335E+00
  11563.42  3.8590698E+00
  11563.52  3.9650218E+00
  11563.62  4.0699070E+00
  11563.72  4.1731134E+00
  11563.82  4.2740101E+00
  11563.92  4.3719605E+00
  11564.02  4.4663357E+00
  11564.12  4.5565257E+00
  11564.22  4.6419381E+00
  11564.32  4.7220138E+00
  11564.42  4.7962578E+00
  11564.52  4.8642614E+00
  11564.62  4.9257190E+00
  11564.72  4.9804264E+00
  11564.82  5.0282762E+00
  11564.92  5.0692557E+00
  11565.02  5.1034419E+00
  11565.12  5.1309936E+00
  11565.22  5.1521413E+00
  11565.32  5.1671761E+00
  11565.42  5.1764373E+00
  11565.52  5.1803001E+00
  11565.62  5.1791644E+00
  11565.72  5.1734433E+00
  11565.82  5.1635544E+00
  11565.92  5.1499109E+00
  11566.02  5.1329154E+00
  11566.12  5.1129546E+00
  11566.22  5.0903958E+00
  11566.32  5.0655838E+00
  11566.42  5.0388400E+00
  11566.52  5.0104614E+00
  11566.62  4.9807209E+00
  11566.72  4.9498679E+00
  11566.82  4.9181291E+00
  11566.92  4.8857102E+00
  11567.02  4.8527969E+00
  11567.12  4.8195564E+00
  11567.22  4.7861393E+00
  11567.32  4.7526805E+00
  11567.42  4.7193009E+00
  11567.52  4.6861085E+00
  11567.62  4.6531995E+00
  11567.72  4.6206597E+00
  11567.82  4.5885649E+00
  11567.92  4.5569820E+00
  11568.02  4.5259698E+00
  11568.12  4.4955796E+00
  11568.22  4.4658556E+00
  11568.32  4.4368356E+00
  11568.42  4.4085517E+00
  11568.52  4.3810302E+00
  11568.62  4.3542924E+00
  11568.72  4.3283546E+00
  11568.82  4.3032289E+00
  11568.92  4.2789233E+00
  11569.02  4.2554418E+00
  11569.12  4.2327849E+00
  11569.22  4.2109499E+00
  11569.32  4.1899312E+00
  11569.42  4.1697202E+00
  11569.52  4.1503060E+00
  11569.62  4.1316753E+00
  11569.72  4.1138130E+00
  11569.82  4.0967020E+00
  11569.92  4.0803237E+00
  11570.02  4.0646580E+00
  11570.12  4.0496839E+00
  11570.22  4.0353792E+00
  11570.32  4.0217212E+00
  11570.42  4.0086864E+00
  11570.52  3.9962511E+00
  11570.62  3.9843914E+00
  11570.72  3.9730834E+00
  11570.82  3.9623035E+00
  11570.92  3.9520284E+00
  11571.02  3.9422355E+00
  11571.12  3.9329028E+00
  11571.22  3.9240092E+00
  11571.32  3.9155347E+00
  11571.42  3.9074606E+00
  11571.52  3.8997692E+00
  11571.62  3.8924445E+00
  11571.72  3.8854718E+00
  11571.82  3.8788382E+00
  11571.92  3.8725323E+00
  11572.02  3.8665442E+00
  11572.12  3.8608659E+00
  11572.22  3.8554909E+00
  11572.32  3.8504144E+00
  11572.42  3.8456329E+00
  11572.52  3.8411447E+00
  11572.62  3.8369492E+00
  11572.72  3.8330468E+00
  11572.82  3.8294394E+00
  11572.92  3.8261295E+00
  11573.02  3.8231204E+00
  11573.12  3.8204159E+00
  11573.22  3.8180202E+00
  11573.32  3.8159376E+00
  11573.42  3.8141723E+00
  11573.52  3.8127286E+00
  11573.62  3.8116099E+00
  11573.72  3.8108195E+00
  11573.82  3.8103597E+00
  11573.92  3.8102318E+00
  11574.02  3.8104364E+00
  11574.12  3.8109728E+00
  11574.22  3.8118389E+00
  11574.32  3.8130316E+00
  11574.42  3.8145461E+00
  11574.52  3.8163764E+00
  11574.62  3.8185149E+00
  11574.72  3.8209527E+00
  11574.82  3.8236793E+00
  11574.92  3.8266830E+00
  11575.02  3.8299506E+00
  11575.12  3.8334677E+00
  11575.22  3.8372187E+00
  11575.32  3.8411871E+00
  11575.42  3.8453553E+00
  11575.52  3.8497048E+00
  11575.62  3.8542167E+00
  11575.72  3.8588714E+00
  11575.82  3.8636488E+00
  11575.92  3.8685288E+00
  11576.02  3.8734911E+00
  11576.12  3.8785153E+00
  11576.22  3.8835815E+00
  11576.32  3.8886699E+00
  11576.42  3.8937611E+00
  11576.52  3.8988364E+00
  11576.62  3.9038774E+00
  11576.72  3.9088667E+00
  11576.82  3.9137875E+00
  11576.92  3.9186236E+00
  11577.02  3.9233598E+00
  11577.12  3.9279815E+00
  11577.22  3.9324751E+00
  11577.32  3.9368276E+00
  11577.42  3.9410266E+00
  11577.52  3.9450607E+00
  11577.62  3.9489188E+00
  11577.72  3.9525907E+00
  11577.82  3.9560666E+00
  11577.92  3.9593371E+00
  11578.02  3.9623936E+00
  11578.12  3.9652278E+00
  11578.22  3.9678316E+00
  11578.32  3.9701978E+00
  11578.42  3.9723193E+00
  11578.52  3.9741894E+00
  11578.62  3.9758023E+00
  11578.72  3.9771521E+00
  11578.82  3.9782341E+00
  11578.92  3.9790436E+00
  11579.02  3.9795771E+00
  11579.12  3.9798315E+00
  11579.22  3.9798047E+00
  11579.32  3.9794953E+00
  11579.42  3.9789030E+00
  11579.52  3.9780286E+00
  11579.62  3.9768739E+00
  11579.72  3.9754418E+00
  11579.82  3.9737364E+00
  11579.92  3.9717632E+00
  11580.02  3.9695288E+00
  11580.12  3.9670413E+00
  11580.22  3.9643098E+00
  11580.32  3.9613448E+00
  11580.42  3.9581581E+00
  11580.52  3.9547628E+00
  11580.62  3.9511728E+00
  11580.72  3.9474035E+00
  11580.82  3.9434710E+00
  11580.92  3.9393924E+00
  11581.02  3.9351856E+00
  11581.12  3.9308692E+00
  11581.22  3.9264623E+00
  11581.32  3.9219843E+00
  11581.42  3.9174551E+00
  11581.52  3.9128946E+00
  11581.62  3.9083228E+00
  11581.72  3.9037593E+00
  11581.82  3.8992239E+00
  11581.92  3.8947356E+00
  11582.02  3.8903131E+00
  11582.12  3.8859745E+00
  11582.22  3.8817373E+00
  11582.32  3.8776181E+00
  11582.42  3.8736328E+00
  11582.52  3.8697963E+00
  11582.62  3.8661227E+00
  11582.72  3.8626252E+00
  11582.82  3.8593158E+00
  11582.92  3.8562056E+00
  11583.02  3.8533049E+00
  11583.12  3.8506227E+00
  11583.22  3.8481671E+00
  11583.32  3.8459453E+00
  11583.42  3.8439634E+00
  11583.52  3.8422265E+00
  11583.62  3.8407390E+00
  11583.72  3.8395042E+00
  11583.82  3.8385246E+00
  11583.92  3.8378017E+00
  11584.02  3.8373365E+00
  11584.12  3.8371291E+00
  11584.22  3.8371788E+00
  11584.32  3.8374845E+00
  11584.42  3.8380442E+00
  11584.52  3.8388557E+00
  11584.62  3.8399160E+00
  11584.72  3.8412220E+00
  11584.82  3.8427699E+00
  11584.92  3.8445557E+00
  11585.02  3.8465754E+00
  11585.12  3.8488244E+00
  11585.22  3.8512982E+00
  11585.32  3.8539922E+00
  11585.42  3.8569016E+00
  11585.52  3.8600217E+00
  11585.62  3.8633479E+00
  11585.72  3.8668756E+00
  11585.82  3.8706002E+00
  11585.92  3.8745176E+00
  11586.02  3.8786236E+00
  11586.12  3.8829143E+00
  11586.22  3.8873861E+00
  11586.32  3.8920357E+00
  11586.42  3.8968602E+00
  11586.52  3.9018568E+00
  11586.62  3.9070235E+00
  11586.72  3.9123584E+00
  11586.82  3.9178602E+00
  11586.92  3.9235281E+00
  11587.02  3.9293615E+00
  11587.12  3.9353608E+00
  11587.22  3.9415265E+00
  11587.32  3.9478596E+00
  11587.42  3.9543618E+00
  11587.52  3.9610350E+00
  11587.62  3.9678816E+00
  11587.72  3.9749044E+00
  11587.82  3.9821061E+00
  11587.92  3.9894901E+00
  11588.02  3.9970594E+00
  11588.12  4.0048172E+00
  11588.22  4.0127665E+00
  11588.32  4.0209100E+00
  11588.42  4.0292501E+00
  11588.52  4.0377887E+00
  11588.62  4.0465267E+00
  11588.72  4.0554647E+00
  11588.82  4.0646021E+00
  11588.92  4.0739374E+00
  11589.02  4.0834678E+00
  11589.12  4.0931895E+00
  11589.22  4.1030971E+00
  11589.32  4.1131840E+00
  11589.42  4.1234420E+00
  11589.52  4.1338613E+00
  11589.62  4.1444306E+00
  11589.72  4.1551369E+00
  11589.82  4.1659655E+00
  11589.92  4.1769003E+00
  11590.02  4.1879232E+00
  11590.12  4.1990148E+00
  11590.22  4.2101541E+00
  11590.32  4.2213185E+00
  11590.42  4.2324841E+00
  11590.52  4.2436259E+00
  11590.62  4.2547176E+00
  11590.72  4.2657322E+00
  11590.82  4.2766416E+00
  11590.92  4.2874174E+00
  11591.02  4.2980307E+00
  11591.12  4.3084526E+00
  11591.22  4.3186543E+00
  11591.32  4.3286072E+00
  11591.42  4.3382835E+00
  11591.52  4.3476562E+00
  11591.62  4.3566995E+00
  11591.72  4.3653889E+00
  11591.82  4.3737016E+00
  11591.92  4.3816163E+00
  11592.02  4.3891142E+00
  11592.12  4.3961784E+00
  11592.22  4.4027944E+00
  11592.32  4.4089501E+00
  11592.42  4.4146359E+00
  11592.52  4.4198451E+00
  11592.62  4.4245731E+00
  11592.72  4.4288184E+00
  11592.82  4.4325817E+00
  11592.92  4.4358663E+00
  11593.02  4.4386778E+00
  11593.12  4.4410242E+00
  11593.22  4.4429153E+00
  11593.32  4.4443630E+00
  11593.42  4.4453808E+00
  11593.52  4.4459837E+00
  11593.62  4.4461882E+00
  11593.72  4.4460115E+00
  11593.82  4.4454720E+00
  11593.92  4.4445886E+00
  11594.02  4.4433800E+00
  11594.12  4.4418329E+00
  11594.22  4.4398923E+00
  11594.32  4.4376691E+00
  11594.42  4.4352068E+00
  11594.92  4.4208449E+00
  11595.42  4.4029295E+00
  11595.92  4.3832196E+00
  11596.42  4.3630617E+00
  11596.92  4.3434789E+00
  11597.42  4.3252590E+00
  11597.92  4.3089905E+00
  11598.42  4.2950375E+00
  11598.92  4.2834902E+00
  11599.42  4.2741372E+00
  11599.92  4.2664942E+00
  11600.42  4.2598877E+00
  11600.92  4.2535688E+00
  11601.42  4.2468271E+00
  11601.92  4.2390933E+00
  11602.42  4.2300270E+00
  11602.92  4.2195870E+00
  11603.42  4.2080654E+00
  11603.92  4.1960655E+00
  11604.42  4.1844141E+00
  11604.92  4.1740238E+00
  11605.42  4.1657445E+00
  11605.92  4.1602479E+00
  11606.42  4.1579782E+00
  11606.92  4.1591705E+00
  11607.42  4.1639145E+00
  11607.92  4.1722274E+00
  11608.42  4.1841008E+00
  11608.92  4.1995059E+00
  11609.42  4.2183660E+00
  11609.92  4.2405202E+00
  11610.42  4.2657091E+00
  11610.92  4.2935922E+00
  11611.42  4.3237867E+00
  11611.92  4.3558963E+00
  11612.42  4.3895090E+00
  11612.92  4.4241581E+00
  11613.42  4.4592720E+00
  11613.92  4.4941445E+00
  11614.42  4.5279495E+00
  11614.92  4.5597999E+00
  11615.42  4.5888304E+00
  11615.92  4.6142774E+00
  11616.42  4.6355400E+00
  11616.92  4.6522183E+00
  11617.42  4.6641325E+00
  11617.92  4.6713247E+00
  11618.42  4.6740433E+00
  11618.92  4.6727068E+00
  11619.42  4.6678490E+00
  11619.92  4.6600544E+00
  11620.42  4.6498966E+00
  11620.92  4.6378917E+00
  11621.42  4.6244736E+00
  11621.92  4.6099906E+00
  11622.42  4.5947149E+00
  11622.92  4.5788596E+00
  11623.42  4.5625961E+00
  11623.92  4.5460713E+00
  11624.42  4.5294238E+00
  11625.42  4.4963414E+00
  11626.42  4.4643660E+00
  11627.42  4.4344253E+00
  11628.42  4.4070950E+00
  11629.42  4.3824787E+00
  11630.42  4.3602584E+00
  11631.42  4.3399447E+00
  11632.42  4.3211762E+00
  11633.42  4.3038101E+00
  11634.42  4.2877538E+00
  11635.42  4.2727440E+00
  11636.42  4.2582704E+00
  11637.42  4.2437022E+00
  11638.42  4.2285536E+00
  11639.42  4.2127480E+00
  11640.42  4.1967212E+00
  11641.42  4.1813076E+00
  11642.42  4.1675016E+00
  11643.42  4.1562441E+00
  11644.42  4.1483076E+00
  11645.42  4.1442558E+00
  11646.42  4.1444298E+00
  11647.42  4.1489465E+00
  11648.42  4.1577088E+00
  11649.42  4.1704223E+00
  11650.42  4.1866111E+00
  11651.42  4.2056438E+00
  11652.42  4.2267837E+00
  11653.42  4.2492536E+00
  11654.42  4.2722854E+00
  11655.42  4.2951355E+00
  11656.42  4.3170756E+00
  11657.42  4.3373814E+00
  11658.42  4.3553458E+00
  11659.42  4.3703260E+00
  11660.42  4.3818201E+00
  11661.42  4.3895587E+00
  11662.42  4.3935813E+00
  11663.42  4.3942616E+00
  11664.42  4.3922538E+00
  11665.42  4.3883659E+00
  11666.42  4.3834056E+00
  11667.42  4.3780513E+00
  11668.42  4.3727862E+00
  11669.42  4.3678959E+00
  11670.42  4.3635042E+00
  11671.42  4.3596202E+00
  11672.42  4.3561802E+00
  11673.42  4.3530808E+00
  11674.42  4.3502062E+00
  11675.42  4.3474568E+00
  11676.42  4.3447804E+00
  11677.42  4.3422001E+00
  11678.42  4.3398238E+00
  11679.42  4.3378269E+00
  11680.42  4.3364101E+00
  11681.42  4.3357441E+00
  11682.42  4.3359189E+00
  11683.42  4.3369084E+00
  11684.42  4.3385566E+00
  11685.42  4.3405820E+00
  11686.42  4.3425995E+00
  11687.42  4.3441515E+00
  11688.42  4.3447477E+00
  11689.42  4.3439102E+00
  11690.42  4.3412202E+00
  11691.42  4.3363585E+00
  11692.42  4.3291347E+00
  11693.42  4.3194967E+00
  11694.42  4.3075239E+00
  11695.42  4.2934084E+00
  11696.42  4.2774341E+00
  11697.42  4.2599574E+00
  11698.42  4.2413916E+00
  11699.42  4.2221918E+00
  11700.42  4.2028384E+00
  11701.42  4.1838186E+00
  11702.42  4.1656110E+00
  11703.42  4.1486708E+00
  11704.42  4.1334162E+00
  11705.42  4.1202139E+00
  11706.42  4.1093636E+00
  11707.42  4.1010827E+00
  11708.42  4.0954947E+00
  11709.42  4.0926227E+00
  11710.42  4.0923909E+00
  11711.42  4.0946343E+00
  11712.42  4.0991150E+00
  11713.42  4.1055422E+00
  11714.42  4.1135926E+00
  11715.42  4.1229259E+00
  11716.42  4.1331945E+00
  11717.42  4.1440510E+00
  11718.42  4.1551562E+00
  11719.42  4.1661953E+00
  11720.42  4.1769004E+00
  11721.42  4.1870746E+00
  11722.42  4.1966083E+00
  11723.42  4.2054808E+00
  11724.42  4.2137440E+00
  11725.42  4.2214932E+00
  11726.42  4.2288334E+00
  11727.42  4.2358501E+00
  11728.42  4.2425886E+00
  11729.42  4.2490426E+00
  11730.42  4.2551496E+00
  11731.42  4.2607915E+00
  11732.42  4.2657988E+00
  11733.42  4.2699611E+00
  11734.42  4.2730461E+00
  11735.42  4.2748289E+00
  11736.42  4.2751305E+00
  11737.42  4.2738593E+00
  11738.42  4.2710479E+00
  11739.42  4.2668735E+00
  11740.42  4.2616580E+00
  11741.42  4.2558408E+00
  11742.42  4.2499332E+00
  11743.42  4.2444594E+00
  11744.42  4.2398976E+00
  11745.42  4.2366303E+00
  11746.42  4.2349098E+00
  11747.42  4.2348417E+00
  11748.42  4.2363823E+00
  11749.42  4.2393478E+00
  11750.42  4.2434291E+00
  11751.42  4.2482118E+00
  11752.42  4.2532032E+00
  11753.42  4.2578660E+00
  11754.42  4.2616583E+00
  11755.42  4.2640773E+00
  11756.42  4.2646968E+00
  11757.42  4.2631958E+00
  11758.42  4.2593722E+00
  11759.42  4.2531450E+00
  11760.42  4.2445459E+00
  11761.42  4.2337066E+00
  11762.42  4.2208416E+00
  11763.42  4.2062312E+00
  11764.42  4.1902042E+00
  11765.42  4.1731220E+00
  11766.42  4.1553669E+00
  11767.42  4.1373317E+00
  11768.42  4.1194119E+00
  11769.42  4.1019967E+00
  11770.42  4.0854587E+00
  11771.42  4.0701424E+00
  11772.42  4.0563516E+00
  11773.42  4.0443389E+00
  11774.42  4.0342970E+00
  11775.42  4.0263532E+00
  11776.42  4.0205658E+00
  11777.42  4.0169244E+00
  11778.42  4.0153526E+00
  11779.42  4.0157158E+00
  11780.42  4.0178323E+00
  11781.42  4.0214872E+00
  11782.42  4.0264466E+00
  11783.42  4.0324695E+00
  11784.42  4.0393163E+00
  11785.42  4.0467540E+00
  11786.42  4.0545594E+00
  11787.42  4.0625236E+00
  11788.42  4.0704580E+00
  11789.42  4.0782036E+00
  11790.42  4.0856401E+00
  11791.42  4.0926938E+00
  11792.42  4.0993387E+00
  11793.42  4.1055922E+00
  11794.42  4.1115050E+00
  11795.42  4.1171469E+00
  11796.42  4.1225932E+00
  11797.42  4.1279113E+00
  11798.42  4.1331512E+00
  11799.42  4.1383396E+00
  11800.42  4.1434780E+00
  11801.42  4.1485444E+00
  11802.42  4.1534988E+00
  11803.42  4.1582904E+00
  11804.42  4.1628674E+00
  11805.42  4.1671874E+00
  11806.42  4.1712259E+00
  11807.42  4.1749826E+00
  11808.42  4.1784816E+00
  11809.42  4.1817645E+00
  11810.42  4.1848767E+00
  11811.42  4.1878460E+00
  11812.42  4.1906607E+00
  11813.42  4.1932586E+00
