    Energy    <xanes>    
  11364.00  6.9178495E-03
  11364.11  6.9207143E-03
  11364.11  6.9209155E-03
  11364.17  6.9225531E-03
  11364.17  6.9227439E-03
  11364.20  6.9237460E-03
  11364.21  6.9241306E-03
  11364.22  6.9244522E-03
  11364.23  6.9246760E-03
  11364.23  6.9247148E-03
  11364.25  6.9253887E-03
  11364.27  6.9265013E-03
  11364.30  6.9274857E-03
  11364.31  6.9282135E-03
  11364.34  6.9295835E-03
  11364.35  6.9299260E-03
  11364.36  6.9300974E-03
  11364.37  6.9307399E-03
  11364.37  6.9307828E-03
  11364.39  6.9316827E-03
  11364.41  6.9325830E-03
  11364.42  6.9327116E-03
  11364.42  6.9329260E-03
  11364.43  6.9331405E-03
  11364.43  6.9331834E-03
  11364.47  6.9352003E-03
  11364.51  6.9365738E-03
  11364.51  6.9367884E-03
  11364.88  6.9525644E-03
  11365.12  6.9630920E-03
  11365.62  6.9847440E-03
  11366.12  7.0065116E-03
  11366.62  7.0283956E-03
  11367.12  7.0503970E-03
  11367.62  7.0725167E-03
  11368.12  7.0947556E-03
  11368.62  7.1171146E-03
  11369.12  7.1395948E-03
  11369.62  7.1621970E-03
  11370.12  7.1849222E-03
  11370.62  7.2077714E-03
  11371.12  7.2307456E-03
  11371.62  7.2538458E-03
  11372.12  7.2770730E-03
  11372.62  7.3004283E-03
  11373.12  7.3239125E-03
  11373.62  7.3475269E-03
  11374.12  7.3712724E-03
  11374.62  7.3951502E-03
  11375.12  7.4191612E-03
  11375.62  7.4433066E-03
  11376.12  7.4675874E-03
  11376.62  7.4920049E-03
  11377.12  7.5165600E-03
  11377.62  7.5412540E-03
  11378.12  7.5660880E-03
  11378.62  7.5910631E-03
  11379.12  7.6161806E-03
  11379.62  7.6414416E-03
  11380.12  7.6668473E-03
  11380.62  7.6923989E-03
  11381.12  7.7180977E-03
  11381.62  7.7439448E-03
  11382.12  7.7699416E-03
  11382.62  7.7960894E-03
  11383.12  7.8223893E-03
  11383.62  7.8488427E-03
  11384.12  7.8754509E-03
  11384.62  7.9022153E-03
  11385.12  7.9291371E-03
  11385.62  7.9562178E-03
  11386.12  7.9834586E-03
  11386.62  8.0108611E-03
  11387.12  8.0384266E-03
  11387.62  8.0661564E-03
  11388.12  8.0940522E-03
  11388.62  8.1221152E-03
  11389.12  8.1503470E-03
  11389.62  8.1787491E-03
  11390.12  8.2073229E-03
  11390.62  8.2360701E-03
  11391.12  8.2649921E-03
  11391.62  8.2940904E-03
  11392.12  8.3233668E-03
  11392.62  8.3528227E-03
  11393.12  8.3824598E-03
  11393.62  8.4122797E-03
  11394.12  8.4422841E-03
  11394.62  8.4724746E-03
  11395.12  8.5028530E-03
  11395.62  8.5334209E-03
  11396.12  8.5641802E-03
  11396.62  8.5951324E-03
  11397.12  8.6262795E-03
  11397.62  8.6576232E-03
  11398.12  8.6891654E-03
  11398.62  8.7209079E-03
  11399.12  8.7528525E-03
  11399.62  8.7850012E-03
  11400.12  8.8173558E-03
  11400.62  8.8499184E-03
  11401.12  8.8826908E-03
  11401.62  8.9156751E-03
  11402.12  8.9488732E-03
  11402.62  8.9822873E-03
  11403.12  9.0159193E-03
  11403.62  9.0497713E-03
  11404.12  9.0838456E-03
  11404.62  9.1181441E-03
  11405.12  9.1526692E-03
  11405.62  9.1874229E-03
  11406.12  9.2224075E-03
  11406.62  9.2576253E-03
  11407.12  9.2930786E-03
  11407.62  9.3287696E-03
  11408.12  9.3647007E-03
  11408.62  9.4008744E-03
  11409.12  9.4372929E-03
  11409.62  9.4739587E-03
  11410.12  9.5108744E-03
  11410.62  9.5480424E-03
  11411.12  9.5854652E-03
  11411.62  9.6231455E-03
  11412.12  9.6610858E-03
  11412.62  9.6992888E-03
  11413.12  9.7377571E-03
  11413.62  9.7764934E-03
  11414.12  9.8155006E-03
  11414.62  9.8547814E-03
  11415.12  9.8943386E-03
  11415.62  9.9341751E-03
  11416.12  9.9742939E-03
  11416.62  1.0014698E-02
  11417.12  1.0055390E-02
  11417.62  1.0096373E-02
  11418.12  1.0137650E-02
  11418.62  1.0179225E-02
  11419.12  1.0221100E-02
  11419.62  1.0263279E-02
  11420.12  1.0305765E-02
  11420.62  1.0348561E-02
  11421.12  1.0391671E-02
  11421.62  1.0435097E-02
  11422.12  1.0478844E-02
  11422.62  1.0522915E-02
  11423.12  1.0567314E-02
  11423.62  1.0612043E-02
  11424.12  1.0657107E-02
  11424.62  1.0702510E-02
  11425.12  1.0748254E-02
  11425.62  1.0794345E-02
  11426.12  1.0840785E-02
  11426.62  1.0887579E-02
  11427.12  1.0934731E-02
  11427.62  1.0982244E-02
  11428.12  1.1030123E-02
  11428.62  1.1078372E-02
  11429.12  1.1126995E-02
  11429.62  1.1175997E-02
  11430.12  1.1225382E-02
  11430.62  1.1275154E-02
  11431.12  1.1325317E-02
  11431.62  1.1375877E-02
  11432.12  1.1426838E-02
  11432.62  1.1478204E-02
  11433.12  1.1529981E-02
  11433.62  1.1582173E-02
  11434.12  1.1634785E-02
  11434.62  1.1687822E-02
  11435.12  1.1741290E-02
  11435.62  1.1795193E-02
  11436.12  1.1849536E-02
  11436.62  1.1904326E-02
  11437.12  1.1959567E-02
  11437.62  1.2015264E-02
  11438.12  1.2071425E-02
  11438.62  1.2128053E-02
  11439.12  1.2185155E-02
  11439.62  1.2242738E-02
  11440.12  1.2300806E-02
  11440.62  1.2359365E-02
  11441.12  1.2418423E-02
  11441.62  1.2477985E-02
  11442.12  1.2538058E-02
  11442.62  1.2598648E-02
  11443.12  1.2659762E-02
  11443.62  1.2721406E-02
  11444.12  1.2783587E-02
  11444.62  1.2846312E-02
  11445.12  1.2909589E-02
  11445.62  1.2973425E-02
  11446.12  1.3037826E-02
  11446.62  1.3102800E-02
  11447.12  1.3168355E-02
  11447.62  1.3234498E-02
  11448.12  1.3301238E-02
  11448.62  1.3368581E-02
  11449.12  1.3436538E-02
  11449.62  1.3505114E-02
  11450.12  1.3574320E-02
  11450.62  1.3644164E-02
  11451.12  1.3714653E-02
  11451.62  1.3785798E-02
  11452.12  1.3857607E-02
  11452.62  1.3930090E-02
  11453.12  1.4003255E-02
  11453.62  1.4077113E-02
  11454.12  1.4151672E-02
  11454.62  1.4226944E-02
  11455.12  1.4302937E-02
  11455.62  1.4379663E-02
  11456.12  1.4457132E-02
  11456.62  1.4535355E-02
  11457.12  1.4614341E-02
  11457.62  1.4694104E-02
  11458.12  1.4774653E-02
  11458.62  1.4856000E-02
  11459.12  1.4938158E-02
  11459.62  1.5021137E-02
  11460.12  1.5104951E-02
  11460.62  1.5189612E-02
  11461.12  1.5275132E-02
  11461.62  1.5361525E-02
  11462.12  1.5448803E-02
  11462.62  1.5536981E-02
  11463.12  1.5626071E-02
  11463.62  1.5716089E-02
  11464.12  1.5807048E-02
  11464.62  1.5898964E-02
  11465.12  1.5991850E-02
  11465.62  1.6085723E-02
  11466.12  1.6180597E-02
  11466.62  1.6276490E-02
  11467.12  1.6373416E-02
  11467.62  1.6471393E-02
  11468.12  1.6570438E-02
  11468.62  1.6670567E-02
  11469.12  1.6771800E-02
  11469.62  1.6874153E-02
  11470.12  1.6977645E-02
  11470.62  1.7082296E-02
  11471.12  1.7188123E-02
  11471.62  1.7295149E-02
  11472.12  1.7403391E-02
  11472.62  1.7512871E-02
  11473.12  1.7623611E-02
  11473.62  1.7735631E-02
  11474.12  1.7848954E-02
  11474.62  1.7963602E-02
  11475.12  1.8079599E-02
  11475.62  1.8196968E-02
  11476.12  1.8315734E-02
  11476.62  1.8435920E-02
  11477.12  1.8557553E-02
  11477.62  1.8680659E-02
  11478.12  1.8805264E-02
  11478.62  1.8931395E-02
  11479.12  1.9059080E-02
  11479.62  1.9188348E-02
  11480.12  1.9319229E-02
  11480.62  1.9451751E-02
  11481.12  1.9585946E-02
  11481.62  1.9721846E-02
  11482.12  1.9859483E-02
  11482.62  1.9998890E-02
  11483.12  2.0140100E-02
  11483.62  2.0283150E-02
  11484.12  2.0428074E-02
  11484.62  2.0574910E-02
  11485.12  2.0723695E-02
  11485.62  2.0874467E-02
  11486.12  2.1027267E-02
  11486.62  2.1182135E-02
  11487.12  2.1339113E-02
  11487.62  2.1498244E-02
  11488.12  2.1659572E-02
  11488.62  2.1823143E-02
  11489.12  2.1989003E-02
  11489.62  2.2157201E-02
  11490.12  2.2327784E-02
  11490.62  2.2500805E-02
  11491.12  2.2676315E-02
  11491.62  2.2854368E-02
  11492.12  2.3035019E-02
  11492.62  2.3218325E-02
  11493.12  2.3404344E-02
  11493.62  2.3593136E-02
  11494.12  2.3784764E-02
  11494.62  2.3979290E-02
  11495.12  2.4176781E-02
  11495.62  2.4377305E-02
  11496.12  2.4580931E-02
  11496.62  2.4787731E-02
  11497.12  2.4997779E-02
  11497.62  2.5211152E-02
  11498.12  2.5427928E-02
  11498.62  2.5648189E-02
  11499.12  2.5872020E-02
  11499.62  2.6099506E-02
  11500.12  2.6330738E-02
  11500.62  2.6565807E-02
  11501.12  2.6804810E-02
  11501.62  2.7047844E-02
  11502.12  2.7295013E-02
  11502.62  2.7546421E-02
  11503.12  2.7802178E-02
  11503.62  2.8062397E-02
  11504.12  2.8327195E-02
  11504.62  2.8596691E-02
  11505.12  2.8871013E-02
  11505.62  2.9150288E-02
  11506.12  2.9434653E-02
  11506.62  2.9724245E-02
  11507.12  3.0019210E-02
  11507.62  3.0319696E-02
  11508.12  3.0625860E-02
  11508.62  3.0937863E-02
  11509.12  3.1255871E-02
  11509.62  3.1580059E-02
  11510.12  3.1910606E-02
  11510.62  3.2247702E-02
  11511.12  3.2591540E-02
  11511.62  3.2942323E-02
  11512.12  3.3300262E-02
  11512.62  3.3665577E-02
  11513.12  3.4038496E-02
  11513.62  3.4419258E-02
  11514.12  3.4808109E-02
  11514.62  3.5205310E-02
  11515.12  3.5611130E-02
  11515.62  3.6025850E-02
  11516.12  3.6449763E-02
  11516.62  3.6883177E-02
  11517.12  3.7326411E-02
  11517.62  3.7779802E-02
  11518.12  3.8243699E-02
  11518.62  3.8718468E-02
  11519.12  3.9204493E-02
  11519.62  3.9702176E-02
  11520.12  4.0211939E-02
  11520.62  4.0734222E-02
  11521.12  4.1269489E-02
  11521.62  4.1818225E-02
  11522.12  4.2380942E-02
  11522.62  4.2958176E-02
  11523.12  4.3550490E-02
  11523.62  4.4158480E-02
  11524.12  4.4782768E-02
  11524.62  4.5424015E-02
  11525.12  4.6082914E-02
  11525.62  4.6760197E-02
  11526.12  4.7456637E-02
  11526.62  4.8173051E-02
  11527.12  4.8910302E-02
  11527.62  4.9669304E-02
  11528.12  5.0451024E-02
  11528.62  5.1256486E-02
  11529.12  5.2086778E-02
  11529.62  5.2943053E-02
  11530.12  5.3826538E-02
  11530.62  5.4738535E-02
  11531.12  5.5680431E-02
  11531.62  5.6653705E-02
  11532.12  5.7659932E-02
  11532.62  5.8700794E-02
  11533.12  5.9778087E-02
  11533.62  6.0893735E-02
  11534.12  6.2049796E-02
  11534.62  6.3248476E-02
  11535.12  6.4492143E-02
  11535.62  6.5783343E-02
  11536.12  6.7124813E-02
  11536.62  6.8519502E-02
  11537.12  6.9970594E-02
  11537.62  7.1481525E-02
  11538.12  7.3056012E-02
  11538.62  7.4698084E-02
  11539.12  7.6412110E-02
  11539.62  7.8202841E-02
  11540.12  8.0075445E-02
  11540.62  8.2035560E-02
  11541.12  8.4089343E-02
  11541.62  8.6243531E-02
  11542.12  8.8505512E-02
  11542.62  9.0883404E-02
  11543.12  9.3386141E-02
  11543.62  9.6023582E-02
  11544.12  9.8806628E-02
  11544.62  1.0174737E-01
  11545.12  1.0485922E-01
  11545.62  1.0815715E-01
  11546.12  1.1165786E-01
  11546.62  1.1538008E-01
  11547.12  1.1934484E-01
  11547.62  1.2357583E-01
  11548.12  1.2809987E-01
  11548.62  1.3294736E-01
  11549.12  1.3815294E-01
  11549.62  1.4375620E-01
  11550.12  1.4980257E-01
  11550.62  1.5634443E-01
  11551.12  1.6344241E-01
  11551.62  1.7116705E-01
  11552.12  1.7960079E-01
  11552.62  1.8884055E-01
  11553.12  1.9900087E-01
  11553.62  2.1021792E-01
  11554.12  2.2265124E-01
  11554.62  2.3635914E-01
  11555.12  2.5183570E-01
  11555.22  2.5515394E-01
  11555.32  2.5855210E-01
  11555.42  2.6203291E-01
  11555.52  2.6559918E-01
  11555.62  2.6925388E-01
  11555.72  2.7300009E-01
  11555.82  2.7684103E-01
  11555.92  2.8078005E-01
  11556.02  2.8482066E-01
  11556.12  2.8896654E-01
  11556.22  2.9322152E-01
  11556.32  2.9758961E-01
  11556.42  3.0207499E-01
  11556.52  3.0668207E-01
  11556.62  3.1141543E-01
  11556.72  3.1627988E-01
  11556.82  3.2128046E-01
  11556.92  3.2642244E-01
  11557.02  3.3171136E-01
  11557.12  3.3715301E-01
  11557.22  3.4275348E-01
  11557.32  3.4851915E-01
  11557.42  3.5445670E-01
  11557.52  3.6057317E-01
  11557.62  3.6687593E-01
  11557.72  3.7337274E-01
  11557.82  3.8007173E-01
  11557.92  3.8698147E-01
  11558.02  3.9411094E-01
  11558.12  4.0146962E-01
  11558.22  4.0906743E-01
  11558.32  4.1691486E-01
  11558.42  4.2502290E-01
  11558.52  4.3340315E-01
  11558.62  4.4206779E-01
  11558.72  4.5102967E-01
  11558.82  4.6030230E-01
  11558.92  4.6989989E-01
  11559.02  4.7983744E-01
  11559.12  4.9013072E-01
  11559.22  5.0079631E-01
  11559.32  5.1185171E-01
  11559.42  5.2331529E-01
  11559.52  5.3520642E-01
  11559.62  5.4754544E-01
  11559.72  5.6035374E-01
  11559.82  5.7365382E-01
  11559.92  5.8746929E-01
  11560.02  6.0182491E-01
  11560.12  6.1674668E-01
  11560.22  6.3226177E-01
  11560.32  6.4839865E-01
  11560.42  6.6518702E-01
  11560.52  6.8265783E-01
  11560.62  7.0084332E-01
  11560.72  7.1977690E-01
  11560.82  7.3949317E-01
  11560.92  7.6002781E-01
  11561.02  7.8141747E-01
  11561.12  8.0369963E-01
  11561.22  8.2691241E-01
  11561.32  8.5109432E-01
  11561.42  8.7628396E-01
  11561.52  9.0251965E-01
  11561.62  9.2983897E-01
  11561.72  9.5827822E-01
  11561.82  9.8787178E-01
  11561.92  1.0186513E+00
  11562.02  1.0506450E+00
  11562.12  1.0838764E+00
  11562.22  1.1183633E+00
  11562.32  1.1541166E+00
  11562.42  1.1911387E+00
  11562.52  1.2294221E+00
  11562.62  1.2689475E+00
  11562.72  1.3096824E+00
  11562.82  1.3515793E+00
  11562.92  1.3945734E+00
  11563.02  1.4385819E+00
  11563.12  1.4835016E+00
  11563.22  1.5292085E+00
  11563.32  1.5755561E+00
  11563.42  1.6223762E+00
  11563.52  1.6694784E+00
  11563.62  1.7166514E+00
  11563.72  1.7636652E+00
  11563.82  1.8102732E+00
  11563.92  1.8562167E+00
  11564.02  1.9012282E+00
  11564.12  1.9450374E+00
  11564.22  1.9873748E+00
  11564.32  2.0279760E+00
  11564.42  2.0665884E+00
  11564.52  2.1029782E+00
  11564.62  2.1369390E+00
  11564.72  2.1682990E+00
  11564.82  2.1969221E+00
  11564.92  2.2227097E+00
  11565.02  2.2456011E+00
  11565.12  2.2655739E+00
  11565.22  2.2826424E+00
  11565.32  2.2968551E+00
  11565.42  2.3082914E+00
  11565.52  2.3170576E+00
  11565.62  2.3232822E+00
  11565.72  2.3271114E+00
  11565.82  2.3287045E+00
  11565.92  2.3282294E+00
  11566.02  2.3258586E+00
  11566.12  2.3217657E+00
  11566.22  2.3161222E+00
  11566.32  2.3090950E+00
  11566.42  2.3008445E+00
  11566.52  2.2915231E+00
  11566.62  2.2812740E+00
  11566.72  2.2702307E+00
  11566.82  2.2585170E+00
  11566.92  2.2462462E+00
  11567.02  2.2335222E+00
  11567.12  2.2204392E+00
  11567.22  2.2070825E+00
  11567.32  2.1935290E+00
  11567.42  2.1798478E+00
  11567.52  2.1661006E+00
  11567.62  2.1523427E+00
  11567.72  2.1386231E+00
  11567.82  2.1249854E+00
  11567.92  2.1114683E+00
  11568.02  2.0981058E+00
  11568.12  2.0849281E+00
  11568.22  2.0719612E+00
  11568.32  2.0592283E+00
  11568.42  2.0467492E+00
  11568.52  2.0345410E+00
  11568.62  2.0226183E+00
  11568.72  2.0109936E+00
  11568.82  1.9996770E+00
  11568.92  1.9886770E+00
  11569.02  1.9780001E+00
  11569.12  1.9676513E+00
  11569.22  1.9576343E+00
  11569.32  1.9479512E+00
  11569.42  1.9386031E+00
  11569.52  1.9295898E+00
  11569.62  1.9209103E+00
  11569.72  1.9125625E+00
  11569.82  1.9045435E+00
  11569.92  1.8968496E+00
  11570.02  1.8894765E+00
  11570.12  1.8824191E+00
  11570.22  1.8756718E+00
  11570.32  1.8692284E+00
  11570.42  1.8630825E+00
  11570.52  1.8572270E+00
  11570.62  1.8516544E+00
  11570.72  1.8463571E+00
  11570.82  1.8413271E+00
  11570.92  1.8365561E+00
  11571.02  1.8320357E+00
  11571.12  1.8277573E+00
  11571.22  1.8237122E+00
  11571.32  1.8198916E+00
  11571.42  1.8162868E+00
  11571.52  1.8128890E+00
  11571.62  1.8096895E+00
  11571.72  1.8066799E+00
  11571.82  1.8038517E+00
  11571.92  1.8011968E+00
  11572.02  1.7987073E+00
  11572.12  1.7963758E+00
  11572.22  1.7941951E+00
  11572.32  1.7921583E+00
  11572.42  1.7902592E+00
  11572.52  1.7884920E+00
  11572.62  1.7868514E+00
  11572.72  1.7853325E+00
  11572.82  1.7839313E+00
  11572.92  1.7826439E+00
  11573.02  1.7814672E+00
  11573.12  1.7803988E+00
  11573.22  1.7794365E+00
  11573.32  1.7785788E+00
  11573.42  1.7778246E+00
  11573.52  1.7771732E+00
  11573.62  1.7766244E+00
  11573.72  1.7761781E+00
  11573.82  1.7758347E+00
  11573.92  1.7755947E+00
  11574.02  1.7754585E+00
  11574.12  1.7754271E+00
  11574.22  1.7755009E+00
  11574.32  1.7756807E+00
  11574.42  1.7759670E+00
  11574.52  1.7763601E+00
  11574.62  1.7768600E+00
  11574.72  1.7774667E+00
  11574.82  1.7781795E+00
  11574.92  1.7789975E+00
  11575.02  1.7799196E+00
  11575.12  1.7809440E+00
  11575.22  1.7820685E+00
  11575.32  1.7832905E+00
  11575.42  1.7846071E+00
  11575.52  1.7860147E+00
  11575.62  1.7875093E+00
  11575.72  1.7890867E+00
  11575.82  1.7907420E+00
  11575.92  1.7924700E+00
  11576.02  1.7942652E+00
  11576.12  1.7961218E+00
  11576.22  1.7980335E+00
  11576.32  1.7999939E+00
  11576.42  1.8019965E+00
  11576.52  1.8040343E+00
  11576.62  1.8061005E+00
  11576.72  1.8081880E+00
  11576.82  1.8102897E+00
  11576.92  1.8123986E+00
  11577.02  1.8145077E+00
  11577.12  1.8166101E+00
  11577.22  1.8186989E+00
  11577.32  1.8207677E+00
  11577.42  1.8228100E+00
  11577.52  1.8248197E+00
  11577.62  1.8267910E+00
  11577.72  1.8287185E+00
  11577.82  1.8305968E+00
  11577.92  1.8324213E+00
  11578.02  1.8341876E+00
  11578.12  1.8358916E+00
  11578.22  1.8375297E+00
  11578.32  1.8390987E+00
  11578.42  1.8405959E+00
  11578.52  1.8420189E+00
  11578.62  1.8433656E+00
  11578.72  1.8446344E+00
  11578.82  1.8458242E+00
  11578.92  1.8469339E+00
  11579.02  1.8479630E+00
  11579.12  1.8489113E+00
  11579.22  1.8497785E+00
  11579.32  1.8505651E+00
  11579.42  1.8512714E+00
  11579.52  1.8518980E+00
  11579.62  1.8524458E+00
  11579.72  1.8529157E+00
  11579.82  1.8533087E+00
  11579.92  1.8536261E+00
  11580.02  1.8538690E+00
  11580.12  1.8540389E+00
  11580.22  1.8541371E+00
  11580.32  1.8541652E+00
  11580.42  1.8541247E+00
  11580.52  1.8540172E+00
  11580.62  1.8538444E+00
  11580.72  1.8536081E+00
  11580.82  1.8533100E+00
  11580.92  1.8529523E+00
  11581.02  1.8525368E+00
  11581.12  1.8520658E+00
  11581.22  1.8515414E+00
  11581.32  1.8509662E+00
  11581.42  1.8503426E+00
  11581.52  1.8496734E+00
  11581.62  1.8489614E+00
  11581.72  1.8482096E+00
  11581.82  1.8474213E+00
  11581.92  1.8465998E+00
  11582.02  1.8457487E+00
  11582.12  1.8448716E+00
  11582.22  1.8439725E+00
  11582.32  1.8430554E+00
  11582.42  1.8421245E+00
  11582.52  1.8411840E+00
  11582.62  1.8402385E+00
  11582.72  1.8392925E+00
  11582.82  1.8383505E+00
  11582.92  1.8374174E+00
  11583.02  1.8364979E+00
  11583.12  1.8355967E+00
  11583.22  1.8347186E+00
  11583.32  1.8338684E+00
  11583.42  1.8330508E+00
  11583.52  1.8322704E+00
  11583.62  1.8315319E+00
  11583.72  1.8308395E+00
  11583.82  1.8301977E+00
  11583.92  1.8296107E+00
  11584.02  1.8290823E+00
  11584.12  1.8286165E+00
  11584.22  1.8282167E+00
  11584.32  1.8278865E+00
  11584.42  1.8276288E+00
  11584.52  1.8274466E+00
  11584.62  1.8273426E+00
  11584.72  1.8273191E+00
  11584.82  1.8273782E+00
  11584.92  1.8275219E+00
  11585.02  1.8277515E+00
  11585.12  1.8280686E+00
  11585.22  1.8284741E+00
  11585.32  1.8289689E+00
  11585.42  1.8295534E+00
  11585.52  1.8302280E+00
  11585.62  1.8309927E+00
  11585.72  1.8318473E+00
  11585.82  1.8327916E+00
  11585.92  1.8338249E+00
  11586.02  1.8349465E+00
  11586.12  1.8361554E+00
  11586.22  1.8374506E+00
  11586.32  1.8388310E+00
  11586.42  1.8402951E+00
  11586.52  1.8418417E+00
  11586.62  1.8434691E+00
  11586.72  1.8451759E+00
  11586.82  1.8469605E+00
  11586.92  1.8488212E+00
  11587.02  1.8507564E+00
  11587.12  1.8527644E+00
  11587.22  1.8548437E+00
  11587.32  1.8569927E+00
  11587.42  1.8592097E+00
  11587.52  1.8614934E+00
  11587.62  1.8638421E+00
  11587.72  1.8662546E+00
  11587.82  1.8687295E+00
  11587.92  1.8712655E+00
  11588.02  1.8738615E+00
  11588.12  1.8765161E+00
  11588.22  1.8792284E+00
  11588.32  1.8819972E+00
  11588.42  1.8848216E+00
  11588.52  1.8877006E+00
  11588.62  1.8906330E+00
  11588.72  1.8936180E+00
  11588.82  1.8966545E+00
  11588.92  1.8997414E+00
  11589.02  1.9028777E+00
  11589.12  1.9060622E+00
  11589.22  1.9092935E+00
  11589.32  1.9125704E+00
  11589.42  1.9158913E+00
  11589.52  1.9192547E+00
  11589.62  1.9226587E+00
  11589.72  1.9261014E+00
  11589.82  1.9295807E+00
  11589.92  1.9330943E+00
  11590.02  1.9366397E+00
  11590.12  1.9402142E+00
  11590.22  1.9438149E+00
  11590.32  1.9474386E+00
  11590.42  1.9510820E+00
  11590.52  1.9547416E+00
  11590.62  1.9584135E+00
  11590.72  1.9620938E+00
  11590.82  1.9657782E+00
  11590.92  1.9694625E+00
  11591.02  1.9731420E+00
  11591.12  1.9768119E+00
  11591.22  1.9804676E+00
  11591.32  1.9841037E+00
  11591.42  1.9877154E+00
  11591.52  1.9912972E+00
  11591.62  1.9948439E+00
  11591.72  1.9983500E+00
  11591.82  2.0018102E+00
  11591.92  2.0052191E+00
  11592.02  2.0085712E+00
  11592.12  2.0118613E+00
  11592.22  2.0150840E+00
  11592.32  2.0182341E+00
  11592.42  2.0213068E+00
  11592.52  2.0242970E+00
  11592.62  2.0272002E+00
  11592.72  2.0300118E+00
  11592.82  2.0327277E+00
  11592.92  2.0353440E+00
  11593.02  2.0378569E+00
  11593.12  2.0402633E+00
  11593.22  2.0425600E+00
  11593.32  2.0447444E+00
  11593.42  2.0468143E+00
  11593.52  2.0487677E+00
  11593.62  2.0506032E+00
  11593.72  2.0523196E+00
  11593.82  2.0539162E+00
  11593.92  2.0553926E+00
  11594.02  2.0567479E+00
  11594.12  2.0579786E+00
  11594.22  2.0590696E+00
  11594.32  2.0600128E+00
  11594.42  2.0608301E+00
  11594.52  2.0615173E+00
  11594.62  2.0621628E+00
  11594.72  2.0627479E+00
  11594.82  2.0632233E+00
  11594.92  2.0635821E+00
  11595.02  2.0637580E+00
  11595.12  2.0638850E+00
  11595.62  2.0632733E+00
  11596.12  2.0607892E+00
  11596.62  2.0569324E+00
  11597.12  2.0521867E+00
  11597.62  2.0469894E+00
  11598.12  2.0417147E+00
  11598.62  2.0366611E+00
  11599.12  2.0320425E+00
  11599.62  2.0279813E+00
  11600.12  2.0245079E+00
  11600.62  2.0215677E+00
  11601.12  2.0190394E+00
  11601.62  2.0167620E+00
  11602.12  2.0145681E+00
  11602.62  2.0123167E+00
  11603.12  2.0099203E+00
  11603.62  2.0073598E+00
  11604.12  2.0046863E+00
  11604.62  2.0020117E+00
  11605.12  1.9994931E+00
  11605.62  1.9973132E+00
  11606.12  1.9956633E+00
  11606.62  1.9947282E+00
  11607.12  1.9946736E+00
  11607.62  1.9956369E+00
  11608.12  1.9977200E+00
  11608.62  2.0009851E+00
  11609.12  2.0054519E+00
  11609.62  2.0110983E+00
  11610.12  2.0178623E+00
  11610.62  2.0256470E+00
  11611.12  2.0343269E+00
  11611.62  2.0437553E+00
  11612.12  2.0537724E+00
  11612.62  2.0642130E+00
  11613.12  2.0749111E+00
  11613.62  2.0857024E+00
  11614.12  2.0964250E+00
  11614.62  2.1069176E+00
  11615.12  2.1170204E+00
  11615.62  2.1265761E+00
  11616.12  2.1354343E+00
  11616.62  2.1434565E+00
  11617.12  2.1505213E+00
  11617.62  2.1565286E+00
  11618.12  2.1614016E+00
  11618.62  2.1650881E+00
  11619.12  2.1675610E+00
  11619.62  2.1688191E+00
  11620.12  2.1688872E+00
  11620.62  2.1678163E+00
  11621.12  2.1656813E+00
  11621.62  2.1625778E+00
  11622.12  2.1586165E+00
  11622.62  2.1539180E+00
  11623.12  2.1486068E+00
  11623.62  2.1428066E+00
  11624.12  2.1366358E+00
  11624.62  2.1301847E+00
  11625.12  2.1236140E+00
  11626.12  2.1104090E+00
  11627.12  2.0976169E+00
  11628.12  2.0857232E+00
  11629.12  2.0750238E+00
  11630.12  2.0656199E+00
  11631.12  2.0574398E+00
  11632.12  2.0502861E+00
  11633.12  2.0438970E+00
  11634.12  2.0380092E+00
  11635.12  2.0324113E+00
  11636.12  2.0269771E+00
  11637.12  2.0216677E+00
  11638.12  2.0165043E+00
  11639.12  2.0115244E+00
  11640.12  2.0067455E+00
  11641.12  2.0021535E+00
  11642.12  1.9977191E+00
  11643.12  1.9934291E+00
  11644.12  1.9893189E+00
  11645.12  1.9854911E+00
  11646.12  1.9821170E+00
  11647.12  1.9794197E+00
  11648.12  1.9776448E+00
  11649.12  1.9770237E+00
  11650.12  1.9777370E+00
  11651.12  1.9798863E+00
  11652.12  1.9834754E+00
  11653.12  1.9884043E+00
  11654.12  1.9944736E+00
  11655.12  2.0014011E+00
  11656.12  2.0088497E+00
  11657.12  2.0164627E+00
  11658.12  2.0239003E+00
  11659.12  2.0308702E+00
  11660.12  2.0371473E+00
  11661.12  2.0425812E+00
  11662.12  2.0470929E+00
  11663.12  2.0506657E+00
  11664.12  2.0533327E+00
  11665.12  2.0551631E+00
  11666.12  2.0562493E+00
  11667.12  2.0566936E+00
  11668.12  2.0565983E+00
  11669.12  2.0560566E+00
  11670.12  2.0551480E+00
  11671.12  2.0539386E+00
  11672.12  2.0524831E+00
  11673.12  2.0508309E+00
  11674.12  2.0490305E+00
  11675.12  2.0471343E+00
  11676.12  2.0452010E+00
  11677.12  2.0432964E+00
  11678.12  2.0414930E+00
  11679.12  2.0398681E+00
  11680.12  2.0384991E+00
  11681.12  2.0374581E+00
  11682.12  2.0368034E+00
  11683.12  2.0365713E+00
  11684.12  2.0367679E+00
  11685.12  2.0373636E+00
  11686.12  2.0382903E+00
  11687.12  2.0394416E+00
  11688.12  2.0406774E+00
  11689.12  2.0418307E+00
  11690.12  2.0427176E+00
  11691.12  2.0431497E+00
  11692.12  2.0429488E+00
  11693.12  2.0419604E+00
  11694.12  2.0400673E+00
  11695.12  2.0371992E+00
  11696.12  2.0333391E+00
  11697.12  2.0285239E+00
  11698.12  2.0228421E+00
  11699.12  2.0164256E+00
  11700.12  2.0094406E+00
  11701.12  2.0020755E+00
  11702.12  1.9945294E+00
  11703.12  1.9870021E+00
  11704.12  1.9796853E+00
  11705.12  1.9727560E+00
  11706.12  1.9663728E+00
  11707.12  1.9606723E+00
  11708.12  1.9557675E+00
  11709.12  1.9517464E+00
  11710.12  1.9486703E+00
  11711.12  1.9465741E+00
  11712.12  1.9454656E+00
  11713.12  1.9453276E+00
  11714.12  1.9461193E+00
  11715.12  1.9477793E+00
  11716.12  1.9502289E+00
  11717.12  1.9533747E+00
  11718.12  1.9571123E+00
  11719.12  1.9613284E+00
  11720.12  1.9659035E+00
  11721.12  1.9707143E+00
  11722.12  1.9756362E+00
  11723.12  1.9805466E+00
  11724.12  1.9853269E+00
  11725.12  1.9898659E+00
  11726.12  1.9940620E+00
  11727.12  1.9978247E+00
  11728.12  2.0010765E+00
  11729.12  2.0037548E+00
  11730.12  2.0058131E+00
  11731.12  2.0072231E+00
  11732.12  2.0079763E+00
  11733.12  2.0080855E+00
  11734.12  2.0075863E+00
  11735.12  2.0065366E+00
  11736.12  2.0050163E+00
  11737.12  2.0031248E+00
  11738.12  2.0009769E+00
  11739.12  1.9986985E+00
  11740.12  1.9964201E+00
  11741.12  1.9942698E+00
  11742.12  1.9923667E+00
  11743.12  1.9908138E+00
  11744.12  1.9896917E+00
  11745.12  1.9890537E+00
  11746.12  1.9889225E+00
  11747.12  1.9892879E+00
  11748.12  1.9901079E+00
  11749.12  1.9913112E+00
  11750.12  1.9928025E+00
  11751.12  1.9944690E+00
  11752.12  1.9961882E+00
  11753.12  1.9978354E+00
  11754.12  1.9992905E+00
  11755.12  2.0004441E+00
  11756.12  2.0012013E+00
  11757.12  2.0014855E+00
  11758.12  2.0012401E+00
  11759.12  2.0004292E+00
  11760.12  1.9990374E+00
  11761.12  1.9970692E+00
  11762.12  1.9945464E+00
  11763.12  1.9915065E+00
  11764.12  1.9879991E+00
  11765.12  1.9840835E+00
  11766.12  1.9798261E+00
  11767.12  1.9752978E+00
  11768.12  1.9705726E+00
  11769.12  1.9657260E+00
  11770.12  1.9608330E+00
  11771.12  1.9559678E+00
  11772.12  1.9512015E+00
  11773.12  1.9466018E+00
  11774.12  1.9422319E+00
  11775.12  1.9381492E+00
  11776.12  1.9344052E+00
  11777.12  1.9310443E+00
  11778.12  1.9281039E+00
  11779.12  1.9256130E+00
  11780.12  1.9235924E+00
  11781.12  1.9220535E+00
  11782.12  1.9209979E+00
  11783.12  1.9204174E+00
  11784.12  1.9202937E+00
  11785.12  1.9205985E+00
  11786.12  1.9212943E+00
  11787.12  1.9223345E+00
  11788.12  1.9236649E+00
  11789.12  1.9252249E+00
  11790.12  1.9269500E+00
  11791.12  1.9287737E+00
  11792.12  1.9306310E+00
  11793.12  1.9324605E+00
  11794.12  1.9342074E+00
  11795.12  1.9358259E+00
  11796.12  1.9372811E+00
  11797.12  1.9385507E+00
  11798.12  1.9396265E+00
  11799.12  1.9405149E+00
  11800.12  1.9412368E+00
  11801.12  1.9418263E+00
  11802.12  1.9423283E+00
  11803.12  1.9427953E+00
  11804.12  1.9432828E+00
  11805.12  1.9438446E+00
  11806.12  1.9445277E+00
  11807.12  1.9453678E+00
  11808.12  1.9463848E+00
  11809.12  1.9475792E+00
  11810.12  1.9489304E+00
  11811.12  1.9503960E+00
  11812.12  1.9519147E+00
  11813.12  1.9534136E+00
