1.152600000000000000e+04 -4.549249818559503275e-04
1.152620000000000073e+04 -3.471602841683728638e-04
1.152640000000000146e+04 -2.361518123067101599e-04
1.152660000000000218e+04 -1.218995662709622158e-04
1.152680000000000291e+04 -4.403546061128978097e-06
1.152700000000000364e+04 1.794582078743747929e-04
1.152720000000000437e+04 3.230213843508953448e-04
1.152740000000000509e+04 2.936325912338969609e-04
1.152760000000000582e+04 2.011470062877156184e-04
1.152780000000000655e+04 1.754006225021382777e-04
1.152800000000000728e+04 2.807236622656513652e-04
1.152820000000000800e+04 5.012828095162730549e-04
1.152840000000000873e+04 8.530278247923901106e-04
1.152860000000000946e+04 1.226827088687838319e-03
1.152880000000001019e+04 1.451176840618691828e-03
1.152900000000001091e+04 1.412586885610327006e-03
1.152920000000001164e+04 1.302338959098623978e-03
1.152940000000001237e+04 1.326892455857837461e-03
1.152960000000001310e+04 1.413223279584522110e-03
1.152980000000001382e+04 1.429084016454630797e-03
1.153000000000001455e+04 1.361616952190706446e-03
1.153020000000001528e+04 1.236082678983942531e-03
1.153040000000001601e+04 1.148527452667927329e-03
1.153060000000001673e+04 1.062409419908469377e-03
1.153080000000001746e+04 1.002365077048210547e-03
1.153100000000001819e+04 1.019506582986005926e-03
1.153120000000001892e+04 9.734822497100525636e-04
1.153140000000001965e+04 7.387382462454559519e-04
1.153160000000002037e+04 4.216430699582871303e-04
1.153180000000002110e+04 2.188550529733033741e-04
1.153200000000002183e+04 2.640639103906363945e-04
1.153220000000002256e+04 4.370158842050856848e-04
1.153240000000002328e+04 6.469580771186477256e-04
1.153260000000002401e+04 8.664244732358272316e-04
1.153280000000002474e+04 1.109768739799996563e-03
1.153300000000002547e+04 1.305434454708899721e-03
1.153320000000002619e+04 1.416191329086013452e-03
1.153340000000002692e+04 1.305473465657656235e-03
1.153360000000002765e+04 1.102176462385319553e-03
1.153380000000002838e+04 9.121958607439760707e-04
1.153400000000002910e+04 8.034161880989237458e-04
1.153420000000002983e+04 8.296268461568420509e-04
1.153440000000003056e+04 1.010263188965751643e-03
1.153460000000003129e+04 1.327813264768884722e-03
1.153480000000003201e+04 1.649021856737875385e-03
1.153500000000003274e+04 1.845365185543536984e-03
1.153520000000003347e+04 2.071371156272562401e-03
1.153540000000003420e+04 2.444617059487690005e-03
1.153560000000003492e+04 2.870482612261722813e-03
1.153580000000003565e+04 3.210156621718801909e-03
1.153600000000003638e+04 3.383478130491205608e-03
1.153620000000003711e+04 3.437788889707271613e-03
1.153640000000003783e+04 3.454264447932544647e-03
1.153660000000003856e+04 3.404365562139423894e-03
1.153680000000003929e+04 3.277253386547374341e-03
1.153700000000004002e+04 3.136024004170597304e-03
1.153720000000004075e+04 2.953225598141321490e-03
1.153740000000004147e+04 2.824031359263384951e-03
1.153760000000004220e+04 2.659366827628669404e-03
1.153780000000004293e+04 2.398881618417959046e-03
1.153800000000004366e+04 2.065790559145684688e-03
1.153820000000004438e+04 1.646868248731851638e-03
1.153840000000004511e+04 1.201241793482848031e-03
1.153860000000004584e+04 7.387349892661645425e-04
1.153880000000004657e+04 3.240322178971404661e-04
1.153900000000004729e+04 3.640060286662676807e-05
1.153920000000004802e+04 -2.585696017776483260e-04
1.153940000000004875e+04 -6.148612524663147477e-04
1.153960000000004948e+04 -1.053880619092010173e-03
1.153980000000005020e+04 -1.527462551822124067e-03
1.154000000000005093e+04 -1.982378871121374172e-03
1.154020000000005166e+04 -2.447293326307310724e-03
1.154040000000005239e+04 -2.933885387750136478e-03
1.154060000000005311e+04 -3.402268154775628037e-03
1.154080000000005384e+04 -3.779164306423431555e-03
1.154100000000005457e+04 -4.043815047750939570e-03
1.154120000000005530e+04 -4.297407663198931152e-03
1.154140000000005602e+04 -4.654501531022375502e-03
1.154160000000005675e+04 -5.091721711917194908e-03
1.154180000000005748e+04 -5.586378358466844232e-03
1.154200000000005821e+04 -6.101718932261444156e-03
1.154220000000005894e+04 -6.522311990124375972e-03
1.154240000000005966e+04 -6.691446235777951182e-03
1.154260000000006039e+04 -6.718963577909509849e-03
1.154280000000006112e+04 -6.783924742555446155e-03
1.154300000000006185e+04 -6.997712791361824711e-03
1.154320000000006257e+04 -7.281627725431624211e-03
1.154340000000006330e+04 -7.676645882830737504e-03
1.154360000000006403e+04 -8.000805937909995919e-03
1.154380000000006476e+04 -8.044777683495369161e-03
1.154400000000006548e+04 -7.688498512693571832e-03
1.154420000000006621e+04 -7.113745569645269634e-03
1.154440000000006694e+04 -6.520683148840524315e-03
1.154460000000006767e+04 -5.931150270296135785e-03
1.154480000000006839e+04 -5.340837714361181508e-03
1.154500000000006912e+04 -4.807969547890155598e-03
1.154520000000006985e+04 -4.201095400240092981e-03
1.154540000000007058e+04 -3.479773276486028324e-03
1.154560000000007130e+04 -2.617469945833946193e-03
1.154580000000007203e+04 -1.651390241634085980e-03
1.154600000000007276e+04 -6.540589850681364408e-04
1.154620000000007349e+04 3.758170810744782637e-04
1.154640000000007421e+04 1.392954699127687233e-03
1.154660000000007494e+04 2.368316064643822931e-03
1.154680000000007567e+04 3.236173158613771597e-03
1.154700000000007640e+04 3.998833705260196845e-03
1.154720000000007713e+04 4.842872628781866653e-03
1.154740000000007785e+04 5.950802220453548473e-03
1.154760000000007858e+04 7.294370580761576524e-03
1.154780000000007931e+04 8.792833850127726794e-03
1.154800000000008004e+04 1.036480120482737022e-02
1.154820000000008076e+04 1.192311734262462876e-02
1.154840000000008149e+04 1.336042734092131659e-02
1.154860000000008222e+04 1.466896555705216564e-02
1.154880000000008295e+04 1.591985217561437890e-02
1.154900000000008367e+04 1.720889400804969174e-02
1.154920000000008440e+04 1.856430621178034590e-02
1.154940000000008513e+04 2.008182830564882171e-02
1.154960000000008586e+04 2.171665421186114164e-02
1.154980000000008658e+04 2.341088826152529570e-02
1.155000000000008731e+04 2.511571589701967408e-02
1.155020000000008804e+04 2.678455337485721038e-02
1.155040000000008877e+04 2.833212302937148513e-02
1.155060000000008949e+04 2.983075525191538485e-02
1.155080000000009022e+04 3.140584300969585796e-02
1.155100000000009095e+04 3.314666509631888219e-02
1.155120000000009168e+04 3.498846373057108716e-02
1.155140000000009240e+04 3.689038677403916333e-02
1.155160000000009313e+04 3.881576177647011461e-02
1.155180000000009386e+04 4.073501509220264771e-02
1.155200000000009459e+04 4.260068556083893704e-02
1.155220000000009532e+04 4.445120904154067909e-02
1.155240000000009604e+04 4.625854864093034702e-02
1.155260000000009677e+04 4.809691844738779587e-02
1.155280000000009750e+04 5.003082812922224343e-02
1.155300000000009823e+04 5.208236185537395979e-02
1.155320000000009895e+04 5.421174434403752684e-02
1.155340000000009968e+04 5.632603741172560047e-02
1.155360000000010041e+04 5.846348121821381971e-02
1.155380000000010114e+04 6.064438991700034365e-02
1.155400000000010186e+04 6.284715378800391494e-02
1.155420000000010259e+04 6.513299449138003350e-02
1.155440000000010332e+04 6.747810228187015036e-02
1.155460000000010405e+04 6.991936058607006732e-02
1.155480000000010477e+04 7.240311852142340687e-02
1.155500000000010550e+04 7.489749020193692264e-02
1.155520000000010623e+04 7.756239997817075682e-02
1.155540000000010696e+04 8.046316898144287300e-02
1.155560000000010768e+04 8.361254839029244601e-02
1.155580000000010841e+04 8.690526051693331366e-02
1.155600000000010914e+04 9.027720773432112988e-02
1.155620000000010987e+04 9.387890186282710214e-02
1.155640000000011059e+04 9.770662203263150158e-02
1.155660000000011132e+04 1.018333601211690864e-01
1.155680000000011205e+04 1.062763551370552034e-01
1.155700000000011278e+04 1.110229498240601631e-01
1.155720000000011350e+04 1.161029636925965669e-01
1.155740000000011423e+04 1.213570091720428679e-01
1.155760000000011496e+04 1.268874725646159107e-01
1.155780000000011569e+04 1.327668015600191320e-01
1.155800000000011642e+04 1.389949321125650561e-01
1.155820000000011714e+04 1.456665009895919405e-01
1.155840000000011787e+04 1.525706310554981182e-01
1.155860000000011860e+04 1.599254267570120458e-01
1.155880000000011933e+04 1.678146093174680831e-01
1.155900000000012005e+04 1.762119321931823746e-01
1.155920000000012078e+04 1.853167595487967001e-01
1.155940000000012151e+04 1.948348595449866660e-01
1.155960000000012224e+04 2.050888096159096119e-01
1.155980000000012296e+04 2.161303898449787042e-01
1.156000000000012369e+04 2.278786239404581027e-01
1.156020000000012442e+04 2.407246321253342369e-01
1.156040000000012515e+04 2.542706351652568864e-01
1.156060000000012587e+04 2.689947652297889902e-01
1.156080000000012660e+04 2.849042512983185893e-01
1.156100000000012733e+04 3.018806401962835784e-01
1.156120000000012806e+04 3.206987084650256281e-01
1.156140000000012878e+04 3.410024702588184686e-01
1.156160000000012951e+04 3.633606357373651008e-01
1.156180000000013024e+04 3.876033551634546770e-01
1.156200000000013097e+04 4.133979859051271077e-01
1.156220000000013169e+04 4.417757257054735764e-01
1.156240000000013242e+04 4.720586479323116702e-01
1.156260000000013315e+04 5.051427664972837350e-01
1.156280000000013388e+04 5.412284028877134556e-01
1.156300000000013461e+04 5.799394759979298319e-01
1.156320000000013533e+04 6.220374195845790322e-01
1.156340000000013606e+04 6.664445903966110807e-01
1.156360000000013679e+04 7.135975064271380397e-01
1.156380000000013752e+04 7.638099018890438519e-01
1.156400000000013824e+04 8.160858973471623035e-01
1.156420000000013897e+04 8.703700477662845714e-01
1.156440000000013970e+04 9.262202997712867258e-01
1.156460000000014043e+04 9.818556323265517083e-01
1.156480000000014115e+04 1.036645622075390349e+00
1.156500000000014188e+04 1.088999261481013558e+00
1.156520000000014261e+04 1.137875915700063523e+00
1.156540000000014334e+04 1.184390025763760956e+00
1.156560000000014406e+04 1.225597849934655148e+00
1.156580000000014479e+04 1.260609270561753981e+00
1.156600000000014552e+04 1.289542729850432945e+00
1.156620000000014625e+04 1.310759925248887514e+00
1.156640000000014697e+04 1.326057209717964591e+00
1.156660000000014770e+04 1.335090848346571324e+00
1.156680000000014843e+04 1.338621970745020651e+00
1.156700000000014916e+04 1.339260980484999308e+00
1.156720000000014988e+04 1.335069378049978717e+00
1.156740000000015061e+04 1.327151661072663913e+00
1.156760000000015134e+04 1.316317190790888603e+00
1.156780000000015207e+04 1.303221909151691671e+00
1.156800000000015280e+04 1.289625984228442768e+00
1.156820000000015352e+04 1.274839724423508125e+00
1.156840000000015425e+04 1.259154018191601887e+00
1.156860000000015498e+04 1.243279823634726666e+00
1.156880000000015571e+04 1.227325561586817493e+00
1.156900000000015643e+04 1.211645383580796764e+00
1.156920000000015716e+04 1.196474366222521013e+00
1.156940000000015789e+04 1.181725434337304037e+00
1.156960000000015862e+04 1.167747205500112795e+00
1.156980000000015934e+04 1.154320961897886910e+00
1.157000000000016007e+04 1.141172430223251766e+00
1.157020000000016080e+04 1.128944224453553691e+00
1.157040000000016153e+04 1.117603235985011878e+00
1.157060000000016225e+04 1.107269017785846632e+00
1.157080000000016298e+04 1.097621323714218722e+00
1.157100000000016371e+04 1.088239200361817538e+00
1.157120000000016444e+04 1.079619897776618931e+00
1.157140000000016516e+04 1.071798075260963934e+00
1.157160000000016589e+04 1.064630359592592779e+00
1.157180000000016662e+04 1.057805647078477351e+00
1.157200000000016735e+04 1.051005840551500148e+00
1.157220000000016807e+04 1.044544110359737266e+00
1.157240000000016880e+04 1.038564719918170454e+00
1.157260000000016953e+04 1.032904094324301969e+00
1.157280000000017026e+04 1.027444318056401462e+00
1.157300000000017099e+04 1.022085211599745191e+00
1.157320000000017171e+04 1.016741981889031976e+00
1.157340000000017244e+04 1.011171623542051812e+00
1.157360000000017317e+04 1.005641594503484670e+00
1.157380000000017390e+04 1.000532042068050353e+00
1.157400000000017462e+04 9.961225660466506149e-01
1.157420000000017535e+04 9.922718860235719696e-01
1.157440000000017608e+04 9.886963812352964620e-01
1.157460000000017681e+04 9.855357739195986788e-01
1.157480000000017753e+04 9.829330653956662722e-01
1.157500000000017826e+04 9.807612489404848866e-01
1.157520000000017899e+04 9.790028784849185151e-01
1.157540000000017972e+04 9.772071536161395233e-01
1.157560000000018044e+04 9.756378831693739428e-01
1.157580000000018117e+04 9.745339064127138684e-01
1.157600000000018190e+04 9.738648115346215661e-01
1.157620000000018263e+04 9.737699743037939726e-01
1.157640000000018335e+04 9.739831119914774682e-01
1.157660000000018408e+04 9.746585045213339571e-01
1.157680000000018481e+04 9.756959733738288509e-01
1.157700000000018554e+04 9.768470062619784011e-01
1.157720000000018626e+04 9.785109370903214421e-01
1.157740000000018699e+04 9.808156685980258249e-01
1.157760000000018772e+04 9.835921180081965698e-01
1.157780000000018845e+04 9.864380123882711127e-01
1.157800000000018917e+04 9.889954489257704040e-01
1.157820000000018990e+04 9.916321671017191974e-01
1.157840000000019063e+04 9.945510752985162739e-01
1.157860000000019136e+04 9.976612153000515848e-01
1.157880000000019209e+04 1.000848469914499272e+00
1.157900000000019281e+04 1.004056174798046541e+00
1.157920000000019354e+04 1.007219527376737700e+00
1.157940000000019427e+04 1.010521184871309153e+00
1.157960000000019500e+04 1.013597849605417212e+00
1.157980000000019572e+04 1.016281711931877219e+00
1.158000000000019645e+04 1.018545999729882023e+00
1.158020000000019718e+04 1.020281029536018291e+00
1.158040000000019791e+04 1.021760703554916994e+00
1.158060000000019863e+04 1.022780585375914209e+00
1.158080000000019936e+04 1.023403340850444376e+00
1.158100000000020009e+04 1.023851396874499997e+00
1.158120000000020082e+04 1.023733605138192226e+00
1.158140000000020154e+04 1.023228408607646633e+00
1.158160000000020227e+04 1.022069701954321674e+00
1.158180000000020300e+04 1.020250269327699355e+00
1.158200000000020373e+04 1.018012364848035256e+00
1.158220000000020445e+04 1.015152919832764455e+00
1.158240000000020518e+04 1.011915883424801210e+00
1.158260000000020591e+04 1.008317312401547206e+00
1.158280000000020664e+04 1.004492615092717589e+00
1.158300000000020736e+04 1.000756463590882106e+00
1.158320000000020809e+04 9.968389222452751497e-01
1.158340000000020882e+04 9.926130382617528447e-01
1.158360000000020955e+04 9.883073382574856236e-01
1.158380000000021028e+04 9.842147685570772353e-01
1.158400000000021100e+04 9.805706397144540176e-01
1.158420000000021173e+04 9.772098096316184090e-01
1.158440000000021246e+04 9.738160723458249013e-01
1.158460000000021319e+04 9.706500963109054858e-01
1.158480000000021391e+04 9.679232877247225808e-01
1.158500000000021464e+04 9.656370012150712334e-01
1.158520000000021537e+04 9.638634967333984394e-01
1.158540000000021610e+04 9.623629400788887844e-01
1.158560000000021682e+04 9.612216218213764929e-01
1.158580000000021755e+04 9.603960604057233397e-01
1.158600000000021828e+04 9.596456598570035634e-01
1.158620000000021901e+04 9.591727105297429556e-01
1.158640000000021973e+04 9.589041138653082719e-01
1.158660000000022046e+04 9.588252040347577942e-01
1.158680000000022119e+04 9.587617115909989884e-01
1.158700000000022192e+04 9.585446931785887026e-01
1.158720000000022264e+04 9.585055621826430450e-01
1.158740000000022337e+04 9.588814874594041582e-01
1.158760000000022410e+04 9.595313341819813324e-01
1.158780000000022483e+04 9.601392989661574617e-01
1.158800000000022555e+04 9.605595763320606828e-01
1.158820000000022628e+04 9.610527245130255913e-01
1.158840000000022701e+04 9.618036710823227864e-01
1.158860000000022774e+04 9.628276682120519014e-01
1.158880000000022847e+04 9.641217072626986351e-01
1.158900000000022919e+04 9.657315468953453497e-01
1.158920000000022992e+04 9.675547803941981773e-01
1.158940000000023065e+04 9.694543434658355885e-01
1.158960000000023138e+04 9.714770932602069253e-01
1.158980000000023210e+04 9.737269377058881403e-01
1.159000000000023283e+04 9.763108621400008458e-01
1.159020000000023356e+04 9.792801139647846487e-01
1.159040000000023429e+04 9.826776361691906825e-01
1.159060000000023501e+04 9.864236826367633881e-01
1.159080000000023574e+04 9.904517213333466907e-01
1.159100000000023647e+04 9.946657007820087770e-01
1.159120000000023720e+04 9.990516832728413288e-01
1.159140000000023792e+04 1.003538460540058574e+00
1.159160000000023865e+04 1.008083147382493827e+00
1.159180000000023938e+04 1.012800429819381565e+00
1.159200000000024011e+04 1.017710150232212118e+00
1.159220000000024083e+04 1.022612224514494184e+00
1.159240000000024156e+04 1.027288133660094305e+00
1.159260000000024229e+04 1.031824132711839592e+00
1.159280000000024302e+04 1.036483830714587384e+00
1.159300000000024374e+04 1.041355062293413125e+00
1.159320000000024447e+04 1.046188583736550104e+00
1.159340000000024520e+04 1.051003411870149895e+00
1.159360000000024593e+04 1.055408241486209375e+00
1.159380000000024665e+04 1.059127145331224984e+00
1.159400000000024738e+04 1.061996636446779219e+00
1.159420000000024811e+04 1.064136526023752971e+00
1.159440000000024884e+04 1.065977810253553759e+00
1.159460000000024957e+04 1.067372036282373982e+00
1.159480000000025029e+04 1.068193680597627981e+00
1.159500000000025102e+04 1.068606694986125261e+00
1.159520000000025175e+04 1.068455554095485205e+00
1.159540000000025248e+04 1.068044165477744389e+00
1.159560000000025320e+04 1.067189450720167576e+00
1.159580000000025393e+04 1.065876973927174065e+00
1.159600000000025466e+04 1.064272743111420727e+00
1.159620000000025539e+04 1.062090138618269286e+00
1.159640000000025611e+04 1.059232656624933266e+00
1.159660000000025684e+04 1.055985532955782347e+00
1.159680000000025757e+04 1.052789749814633469e+00
1.159700000000025830e+04 1.050013699053063299e+00
1.159720000000025902e+04 1.047276963078023648e+00
1.159740000000025975e+04 1.044331798944059919e+00
1.159760000000026048e+04 1.041230431456520833e+00
1.159780000000026121e+04 1.038043252465558508e+00
1.159800000000026193e+04 1.034738070739341431e+00
1.159820000000026266e+04 1.031425179431910921e+00
1.159840000000026339e+04 1.028029677308998524e+00
1.159860000000026412e+04 1.024738614372788348e+00
1.159880000000026484e+04 1.021588896816995717e+00
1.159900000000026557e+04 1.018518561126889654e+00
1.159920000000026630e+04 1.015625225645013341e+00
1.159940000000026703e+04 1.012741379436113531e+00
1.159960000000026776e+04 1.010052020884447233e+00
1.159980000000026848e+04 1.007585405362644071e+00
1.160000000000026921e+04 1.005226812423844374e+00
1.160020000000026994e+04 1.003138755832096551e+00
1.160040000000027067e+04 1.001223464079307846e+00
1.160060000000027139e+04 9.995067620183937240e-01
1.160080000000027212e+04 9.978450002531280560e-01
1.160100000000027285e+04 9.960554590613606152e-01
1.160120000000027358e+04 9.944584749403733159e-01
1.160140000000027430e+04 9.931545235112461123e-01
1.160160000000027503e+04 9.921517677903071153e-01
1.160180000000027576e+04 9.912830983719166378e-01
1.160200000000027649e+04 9.903890794122769403e-01
1.160220000000027721e+04 9.896237417233380018e-01
1.160240000000027794e+04 9.890883924000586358e-01
1.160260000000027867e+04 9.886456482182883754e-01
1.160280000000027940e+04 9.881396349116495781e-01
1.160300000000028012e+04 9.874621885422965040e-01
1.160320000000028085e+04 9.866713169962875174e-01
1.160340000000028158e+04 9.858708066100558831e-01
1.160360000000028231e+04 9.850037392155090998e-01
1.160380000000028303e+04 9.840693051711149053e-01
1.160400000000028376e+04 9.831313530249843335e-01
1.160420000000028449e+04 9.820984076443666222e-01
1.160440000000028522e+04 9.810163808449607892e-01
1.160460000000028595e+04 9.798194722050003191e-01
1.160480000000028667e+04 9.785302095512267151e-01
1.160500000000028740e+04 9.772195154727971733e-01
1.160520000000028813e+04 9.758011272090807431e-01
1.160540000000028886e+04 9.742331335747100862e-01
1.160560000000028958e+04 9.726165922992260349e-01
1.160580000000029031e+04 9.711496966950130538e-01
1.160600000000029104e+04 9.699228081273396640e-01
1.160620000000029177e+04 9.686818475124805428e-01
1.160640000000029249e+04 9.671192867205244958e-01
1.160660000000029322e+04 9.653922100675156326e-01
1.160680000000029395e+04 9.636732574000796969e-01
1.160700000000029468e+04 9.620644812028741333e-01
1.160720000000029540e+04 9.606980810328631382e-01
1.160740000000029613e+04 9.596343697201679124e-01
1.160760000000029686e+04 9.588588849679340331e-01
1.160780000000029759e+04 9.581658990373440599e-01
1.160800000000029831e+04 9.573609031872257757e-01
1.160820000000029904e+04 9.567598621526326452e-01
1.160840000000029977e+04 9.562635224718540883e-01
1.160860000000030050e+04 9.558718841448906600e-01
1.160880000000030122e+04 9.555849471717423604e-01
