1.152600000000000000e+04 -6.419395530050227500e-04
1.152620000000000073e+04 -6.991998503956375465e-04
1.152640000000000146e+04 -7.950610792163338063e-04
1.152660000000000218e+04 -9.295232394671117462e-04
1.152680000000000291e+04 -1.102586331147969957e-03
1.152700000000000364e+04 -1.439501229637435084e-03
1.152720000000000437e+04 -1.741780683923809577e-03
1.152740000000000509e+04 -1.914637824694225519e-03
1.152760000000000582e+04 -1.946345936453278570e-03
1.152780000000000655e+04 -1.905328691099049485e-03
1.152800000000000728e+04 -1.842528469491110012e-03
1.152820000000000800e+04 -1.720304220156019040e-03
1.152840000000000873e+04 -1.416062000748371033e-03
1.152860000000000946e+04 -1.174774466087364841e-03
1.152880000000001019e+04 -1.266444472539455949e-03
1.152900000000001091e+04 -1.730999100930590701e-03
1.152920000000001164e+04 -2.341791072237977070e-03
1.152940000000001237e+04 -2.772201487713483493e-03
1.152960000000001310e+04 -3.070938508882931940e-03
1.152980000000001382e+04 -3.289108844219636261e-03
1.153000000000001455e+04 -3.337013968577009181e-03
1.153020000000001528e+04 -3.401106692836985360e-03
1.153040000000001601e+04 -3.495949437463851100e-03
1.153060000000001673e+04 -3.702479720666971251e-03
1.153080000000001746e+04 -3.929121550897514935e-03
1.153100000000001819e+04 -4.060932054268434968e-03
1.153120000000001892e+04 -4.297915597921335949e-03
1.153140000000001965e+04 -4.780177561967130853e-03
1.153160000000002037e+04 -5.333719984573753042e-03
1.153180000000002110e+04 -5.664387936064501847e-03
1.153200000000002183e+04 -5.599761631156536731e-03
1.153220000000002256e+04 -5.380254280845502349e-03
1.153240000000002328e+04 -5.206275555651241824e-03
1.153260000000002401e+04 -5.077551266944185966e-03
1.153280000000002474e+04 -4.917394310461363494e-03
1.153300000000002547e+04 -4.796082899828917230e-03
1.153320000000002619e+04 -4.746137915041359623e-03
1.153340000000002692e+04 -4.862986977817838549e-03
1.153360000000002765e+04 -5.107364522011574245e-03
1.153380000000002838e+04 -5.497599376257683579e-03
1.153400000000002910e+04 -6.002948380236340815e-03
1.153420000000002983e+04 -6.418998116920194424e-03
1.153440000000003056e+04 -6.606977302882583586e-03
1.153460000000003129e+04 -6.528494232638787712e-03
1.153480000000003201e+04 -6.256145219873065350e-03
1.153500000000003274e+04 -5.914675486892386966e-03
1.153520000000003347e+04 -5.530054924097010244e-03
1.153540000000003420e+04 -5.224411074512328584e-03
1.153560000000003492e+04 -4.997726381619463538e-03
1.153580000000003565e+04 -4.789362168172041530e-03
1.153600000000003638e+04 -4.632595770779755762e-03
1.153620000000003711e+04 -4.561212012623978504e-03
1.153640000000003783e+04 -4.596455490252180157e-03
1.153660000000003856e+04 -4.768951159342125004e-03
1.153680000000003929e+04 -5.214271757196574028e-03
1.153700000000004002e+04 -5.870935927969827585e-03
1.153720000000004075e+04 -6.373234324720967320e-03
1.153740000000004147e+04 -6.250604089053257706e-03
1.153760000000004220e+04 -5.743660445419796791e-03
1.153780000000004293e+04 -5.222398730437251974e-03
1.153800000000004366e+04 -4.872286973277305949e-03
1.153820000000004438e+04 -4.666306088542149580e-03
1.153840000000004511e+04 -4.483350873921395849e-03
1.153860000000004584e+04 -4.453097397914107525e-03
1.153880000000004657e+04 -4.563529667875641273e-03
1.153900000000004729e+04 -4.610726406814241035e-03
1.153920000000004802e+04 -4.711349731709131745e-03
1.153940000000004875e+04 -4.788100898330739652e-03
1.153960000000004948e+04 -4.822507684876685061e-03
1.153980000000005020e+04 -4.635074821036797021e-03
1.154000000000005093e+04 -4.091864102130228498e-03
1.154020000000005166e+04 -3.564667692257480168e-03
1.154040000000005239e+04 -3.266473886824924032e-03
1.154060000000005311e+04 -3.233180905471761367e-03
1.154080000000005384e+04 -3.358101964286150549e-03
1.154100000000005457e+04 -3.493224367817561200e-03
1.154120000000005530e+04 -3.609399367474499729e-03
1.154140000000005602e+04 -3.569621835846539370e-03
1.154160000000005675e+04 -3.398304407062393770e-03
1.154180000000005748e+04 -3.151529606791970105e-03
1.154200000000005821e+04 -2.821293350033323398e-03
1.154220000000005894e+04 -2.445613999884840850e-03
1.154240000000005966e+04 -2.037233401824649782e-03
1.154260000000006039e+04 -1.621749835741077058e-03
1.154280000000006112e+04 -1.152268723136316148e-03
1.154300000000006185e+04 -5.967747345758121812e-04
1.154320000000006257e+04 -5.366697137135432836e-05
1.154340000000006330e+04 4.502312196294541561e-04
1.154360000000006403e+04 8.677414792923456108e-04
1.154380000000006476e+04 1.198042673874085079e-03
1.154400000000006548e+04 1.489530075980093722e-03
1.154420000000006621e+04 1.752653466606726414e-03
1.154440000000006694e+04 1.977358465211980724e-03
1.154460000000006767e+04 2.304292838154548689e-03
1.154480000000006839e+04 2.948876210732125774e-03
1.154500000000006912e+04 3.920545705090768863e-03
1.154520000000006985e+04 4.881169964230236760e-03
1.154540000000007058e+04 5.462282833430190040e-03
1.154560000000007130e+04 5.726377799120977233e-03
1.154580000000007203e+04 5.743951061289994525e-03
1.154600000000007276e+04 5.629473295561321367e-03
1.154620000000007349e+04 5.740545093713350991e-03
1.154640000000007421e+04 6.518179610409657529e-03
1.154660000000007494e+04 7.678992342220726519e-03
1.154680000000007567e+04 8.738918215940692444e-03
1.154700000000007640e+04 9.402604008641367306e-03
1.154720000000007713e+04 9.833352286384183794e-03
1.154740000000007785e+04 1.000312165558283131e-02
1.154760000000007858e+04 1.018430593859271163e-02
1.154780000000007931e+04 1.075897477292544341e-02
1.154800000000008004e+04 1.193918847543827891e-02
1.154820000000008076e+04 1.331288902709443916e-02
1.154840000000008149e+04 1.448333699975354674e-02
1.154860000000008222e+04 1.552915649928176579e-02
1.154880000000008295e+04 1.663221538372729874e-02
1.154900000000008367e+04 1.777170867968000390e-02
1.154920000000008440e+04 1.897255766644155572e-02
1.154940000000008513e+04 2.015569151504030890e-02
1.154960000000008586e+04 2.133938516635419322e-02
1.154980000000008658e+04 2.240123652780556113e-02
1.155000000000008731e+04 2.328188287102921777e-02
1.155020000000008804e+04 2.430452043739965429e-02
1.155040000000008877e+04 2.573486126124639034e-02
1.155060000000008949e+04 2.745104432533781308e-02
1.155080000000009022e+04 2.915850554951190249e-02
1.155100000000009095e+04 3.068455210216829154e-02
1.155120000000009168e+04 3.217911609326894878e-02
1.155140000000009240e+04 3.367862043509310677e-02
1.155160000000009313e+04 3.526240073801951286e-02
1.155180000000009386e+04 3.704040411867283444e-02
1.155200000000009459e+04 3.907691521172139415e-02
1.155220000000009532e+04 4.119601583152765478e-02
1.155240000000009604e+04 4.329150097173773554e-02
1.155260000000009677e+04 4.527789070594584464e-02
1.155280000000009750e+04 4.700741041717973467e-02
1.155300000000009823e+04 4.857694773938688038e-02
1.155320000000009895e+04 5.037751181678424423e-02
1.155340000000009968e+04 5.280636900605936018e-02
1.155360000000010041e+04 5.581218402511593096e-02
1.155380000000010114e+04 5.926515092474893970e-02
1.155400000000010186e+04 6.301660287284280293e-02
1.155420000000010259e+04 6.678205339813671204e-02
1.155440000000010332e+04 7.023709630459498698e-02
1.155460000000010405e+04 7.341090011931944437e-02
1.155480000000010477e+04 7.655804660855075605e-02
1.155500000000010550e+04 7.986760308967602584e-02
1.155520000000010623e+04 8.321846429609572326e-02
1.155540000000010696e+04 8.636209361910214544e-02
1.155560000000010768e+04 8.971936921630027650e-02
1.155580000000010841e+04 9.372850608357376212e-02
1.155600000000010914e+04 9.846293637579067726e-02
1.155620000000010987e+04 1.036113004259479609e-01
1.155640000000011059e+04 1.085945018246009253e-01
1.155660000000011132e+04 1.135928229015011059e-01
1.155680000000011205e+04 1.186894340276885285e-01
1.155700000000011278e+04 1.237764214566416526e-01
1.155720000000011350e+04 1.293032076587369295e-01
1.155740000000011423e+04 1.353152430493690384e-01
1.155760000000011496e+04 1.419252638211567774e-01
1.155780000000011569e+04 1.487750760168742303e-01
1.155800000000011642e+04 1.556420386969263603e-01
1.155820000000011714e+04 1.632141200727045827e-01
1.155840000000011787e+04 1.715870637215008432e-01
1.155860000000011860e+04 1.810132040095190908e-01
1.155880000000011933e+04 1.914385813582541729e-01
1.155900000000012005e+04 2.025866655484651890e-01
1.155920000000012078e+04 2.144516487900128277e-01
1.155940000000012151e+04 2.264405176792315122e-01
1.155960000000012224e+04 2.388127126608336204e-01
1.155980000000012296e+04 2.516954074210163705e-01
1.156000000000012369e+04 2.651021583655073788e-01
1.156020000000012442e+04 2.794951567749045518e-01
1.156040000000012515e+04 2.946080764638261407e-01
1.156060000000012587e+04 3.110126723408477289e-01
1.156080000000012660e+04 3.286791063202272323e-01
1.156100000000012733e+04 3.475258587309033587e-01
1.156120000000012806e+04 3.682079568852436036e-01
1.156140000000012878e+04 3.902466618399706433e-01
1.156160000000012951e+04 4.142739070377182142e-01
1.156180000000013024e+04 4.401796867709808492e-01
1.156200000000013097e+04 4.676831146413058526e-01
1.156220000000013169e+04 4.976478534381524321e-01
1.156240000000013242e+04 5.298313152453029140e-01
1.156260000000013315e+04 5.641348659891678441e-01
1.156280000000013388e+04 5.997013562093819194e-01
1.156300000000013461e+04 6.359620284480475005e-01
1.156320000000013533e+04 6.743490088722654541e-01
1.156340000000013606e+04 7.153410660755152861e-01
1.156360000000013679e+04 7.587016061945206502e-01
1.156380000000013752e+04 8.042958897390188877e-01
1.156400000000013824e+04 8.512322619248807731e-01
1.156420000000013897e+04 8.983273271374778712e-01
1.156440000000013970e+04 9.445107171317503880e-01
1.156460000000014043e+04 9.888216858284821775e-01
1.156480000000014115e+04 1.032182792658357551e+00
1.156500000000014188e+04 1.074273777588907297e+00
1.156520000000014261e+04 1.113217678668041444e+00
1.156540000000014334e+04 1.149389798999078671e+00
1.156560000000014406e+04 1.180612213718817527e+00
1.156580000000014479e+04 1.206503709108353473e+00
1.156600000000014552e+04 1.227148573307428547e+00
1.156620000000014625e+04 1.241632512391073639e+00
1.156640000000014697e+04 1.251522587223272698e+00
1.156660000000014770e+04 1.256799125683349061e+00
1.156680000000014843e+04 1.258128457597429417e+00
1.156700000000014916e+04 1.257430922471960866e+00
1.156720000000014988e+04 1.253765350906693943e+00
1.156740000000015061e+04 1.248433210725699904e+00
1.156760000000015134e+04 1.241455798091539275e+00
1.156780000000015207e+04 1.232859037618636799e+00
1.156800000000015280e+04 1.223322329358957017e+00
1.156820000000015352e+04 1.212382331084972176e+00
1.156840000000015425e+04 1.200090420935942426e+00
1.156860000000015498e+04 1.187160673819371848e+00
1.156880000000015571e+04 1.174103389076804671e+00
1.156900000000015643e+04 1.161588252474328176e+00
1.156920000000015716e+04 1.149649522047625272e+00
1.156940000000015789e+04 1.138389324727713703e+00
1.156960000000015862e+04 1.127810175546108074e+00
1.156980000000015934e+04 1.117262455349729233e+00
1.157000000000016007e+04 1.106482565612086688e+00
1.157020000000016080e+04 1.096554692859678326e+00
1.157040000000016153e+04 1.088125403684226722e+00
1.157060000000016225e+04 1.081041467773868003e+00
1.157080000000016298e+04 1.074920900521943778e+00
1.157100000000016371e+04 1.069205227096174049e+00
1.157120000000016444e+04 1.063506877858980904e+00
1.157140000000016516e+04 1.057341090930120409e+00
1.157160000000016589e+04 1.050460653299952085e+00
1.157180000000016662e+04 1.042657204251538516e+00
1.157200000000016735e+04 1.034451612311306334e+00
1.157220000000016807e+04 1.026856446127625944e+00
1.157240000000016880e+04 1.021142206952709852e+00
1.157260000000016953e+04 1.017064053623433661e+00
1.157280000000017026e+04 1.014159327164576574e+00
1.157300000000017099e+04 1.012022064583925518e+00
1.157320000000017171e+04 1.009860406509568875e+00
1.157340000000017244e+04 1.006939163528378867e+00
1.157360000000017317e+04 1.003153160450561687e+00
1.157380000000017390e+04 9.990863202375279695e-01
1.157400000000017462e+04 9.953379642649111680e-01
1.157420000000017535e+04 9.915893877381161126e-01
1.157440000000017608e+04 9.876304557349222524e-01
1.157460000000017681e+04 9.840481869700148376e-01
1.157480000000017753e+04 9.815596932235944871e-01
1.157500000000017826e+04 9.804093771647650613e-01
1.157520000000017899e+04 9.798895005888486054e-01
1.157540000000017972e+04 9.791497488712641584e-01
1.157560000000018044e+04 9.782574975356264080e-01
1.157580000000018117e+04 9.771189497245852396e-01
1.157600000000018190e+04 9.758181892464629081e-01
1.157620000000018263e+04 9.754168375444693950e-01
1.157640000000018335e+04 9.767707854444220850e-01
1.157660000000018408e+04 9.795488048574061413e-01
1.157680000000018481e+04 9.830724152314114228e-01
1.157700000000018554e+04 9.865943259808994670e-01
1.157720000000018626e+04 9.899010175901086228e-01
1.157740000000018699e+04 9.925452102159061374e-01
1.157760000000018772e+04 9.944925270664957129e-01
1.157780000000018845e+04 9.959651934414913699e-01
1.157800000000018917e+04 9.974027556988060983e-01
1.157820000000018990e+04 9.989781201369222208e-01
1.157840000000019063e+04 1.001298647411991816e+00
1.157860000000019136e+04 1.004016742863480527e+00
1.157880000000019209e+04 1.006681435536116886e+00
1.157900000000019281e+04 1.009157767960781493e+00
1.157920000000019354e+04 1.011436306519259976e+00
1.157940000000019427e+04 1.013545330090010577e+00
1.157960000000019500e+04 1.015622431368738976e+00
1.157980000000019572e+04 1.018172274794217014e+00
1.158000000000019645e+04 1.021433525869916092e+00
1.158020000000019718e+04 1.024539868991199532e+00
1.158040000000019791e+04 1.027048589783011501e+00
1.158060000000019863e+04 1.028662475969559287e+00
1.158080000000019936e+04 1.029506259996245454e+00
1.158100000000020009e+04 1.029713003348585065e+00
1.158120000000020082e+04 1.029290394747678583e+00
1.158140000000020154e+04 1.028710356634333412e+00
1.158160000000020227e+04 1.027713269020857689e+00
1.158180000000020300e+04 1.026043721244200402e+00
1.158200000000020373e+04 1.023794686023273837e+00
1.158220000000020445e+04 1.020970307252323739e+00
1.158240000000020518e+04 1.017882784439640309e+00
1.158260000000020591e+04 1.014566117599375206e+00
1.158280000000020664e+04 1.011118823134361744e+00
1.158300000000020736e+04 1.007794679741050636e+00
1.158320000000020809e+04 1.004310417083668971e+00
1.158340000000020882e+04 1.000620864245891806e+00
1.158360000000020955e+04 9.967592383783290266e-01
1.158380000000021028e+04 9.926884922098416775e-01
1.158400000000021100e+04 9.887018259807738296e-01
1.158420000000021173e+04 9.851418560455637019e-01
1.158440000000021246e+04 9.823844316175918134e-01
1.158460000000021319e+04 9.804302032461900129e-01
1.158480000000021391e+04 9.792119637693315060e-01
1.158500000000021464e+04 9.785179084042293640e-01
1.158520000000021537e+04 9.779261497660165503e-01
1.158540000000021610e+04 9.766936189947257319e-01
1.158560000000021682e+04 9.752434674819487892e-01
1.158580000000021755e+04 9.743064980728043389e-01
1.158600000000021828e+04 9.741404343913738773e-01
1.158620000000021901e+04 9.743722831078656110e-01
1.158640000000021973e+04 9.746797209795194927e-01
1.158660000000022046e+04 9.748483391209790128e-01
1.158680000000022119e+04 9.746194594454293814e-01
1.158700000000022192e+04 9.737245674821848329e-01
1.158720000000022264e+04 9.726619334268841177e-01
1.158740000000022337e+04 9.717779677143990602e-01
1.158760000000022410e+04 9.710713275688687141e-01
1.158780000000022483e+04 9.701228715659739876e-01
1.158800000000022555e+04 9.690024361836737654e-01
1.158820000000022628e+04 9.683924222173669882e-01
1.158840000000022701e+04 9.691044981830925220e-01
1.158860000000022774e+04 9.706791017084475115e-01
1.158880000000022847e+04 9.723725460367151907e-01
1.158900000000022919e+04 9.739272064947571694e-01
1.158920000000022992e+04 9.755374955211764121e-01
1.158940000000023065e+04 9.775122150864683501e-01
1.158960000000023138e+04 9.796066126257552131e-01
1.158980000000023210e+04 9.818379334983804441e-01
1.159000000000023283e+04 9.845139384239780522e-01
1.159020000000023356e+04 9.872326107628666136e-01
1.159040000000023429e+04 9.898537878229438647e-01
1.159060000000023501e+04 9.925319207018618028e-01
1.159080000000023574e+04 9.957465670473300001e-01
1.159100000000023647e+04 9.998841752426139706e-01
1.159120000000023720e+04 1.004358661110194006e+00
1.159140000000023792e+04 1.009028755216534901e+00
1.159160000000023865e+04 1.013417435062764493e+00
1.159180000000023938e+04 1.017254122941513295e+00
1.159200000000024011e+04 1.020594163248513375e+00
1.159220000000024083e+04 1.023769459818512972e+00
1.159240000000024156e+04 1.027561137289376703e+00
1.159260000000024229e+04 1.031535753288221891e+00
1.159280000000024302e+04 1.035538977467496347e+00
1.159300000000024374e+04 1.039508726343921774e+00
1.159320000000024447e+04 1.042633160818596361e+00
1.159340000000024520e+04 1.044040711530412446e+00
1.159360000000024593e+04 1.044640548036694483e+00
1.159380000000024665e+04 1.046046362718109579e+00
1.159400000000024738e+04 1.049094432869843718e+00
1.159420000000024811e+04 1.052558082985030952e+00
1.159440000000024884e+04 1.055850974419589416e+00
1.159460000000024957e+04 1.058264953193798874e+00
1.159480000000025029e+04 1.059150063622413596e+00
1.159500000000025102e+04 1.058131957152258718e+00
1.159520000000025175e+04 1.056382267873488434e+00
1.159540000000025248e+04 1.055300622643243980e+00
1.159560000000025320e+04 1.054419670752836158e+00
1.159580000000025393e+04 1.052862630597437121e+00
1.159600000000025466e+04 1.050531615961574072e+00
1.159620000000025539e+04 1.047591197126168217e+00
1.159640000000025611e+04 1.044315303910516413e+00
1.159660000000025684e+04 1.041066338813835035e+00
1.159680000000025757e+04 1.038613589898596645e+00
1.159700000000025830e+04 1.037275813707050354e+00
1.159720000000025902e+04 1.035648318819401226e+00
1.159740000000025975e+04 1.032382923832977140e+00
1.159760000000026048e+04 1.028035568920559584e+00
1.159780000000026121e+04 1.023467077622815635e+00
1.159800000000026193e+04 1.019271116660906085e+00
1.159820000000026266e+04 1.015760723586881298e+00
1.159840000000026339e+04 1.013113972670314000e+00
1.159860000000026412e+04 1.011434222525207982e+00
1.159880000000026484e+04 1.010530938990775285e+00
1.159900000000026557e+04 1.009608792603441163e+00
1.159920000000026630e+04 1.008418868668157220e+00
1.159940000000026703e+04 1.005743826063032031e+00
1.159960000000026776e+04 1.002501019156764261e+00
1.159980000000026848e+04 9.996599659867648757e-01
1.160000000000026921e+04 9.974404454121461594e-01
1.160020000000026994e+04 9.959120629732101104e-01
1.160040000000027067e+04 9.948459374778936271e-01
1.160060000000027139e+04 9.940345724407584349e-01
1.160080000000027212e+04 9.923839445120796743e-01
1.160100000000027285e+04 9.892917693193499229e-01
1.160120000000027358e+04 9.868536497986850620e-01
1.160140000000027430e+04 9.870468745684728429e-01
1.160160000000027503e+04 9.886548475700018823e-01
1.160180000000027576e+04 9.896477824678259205e-01
1.160200000000027649e+04 9.890296862438343606e-01
1.160220000000027721e+04 9.876392435724493657e-01
1.160240000000027794e+04 9.863877022532429040e-01
1.160260000000027867e+04 9.851187748693619461e-01
1.160280000000027940e+04 9.841915784150059299e-01
1.160300000000028012e+04 9.841896972538047850e-01
1.160320000000028085e+04 9.837785941218213370e-01
1.160340000000028158e+04 9.819640812176296807e-01
1.160360000000028231e+04 9.794609537629339613e-01
1.160380000000028303e+04 9.778620186442534834e-01
1.160400000000028376e+04 9.780454134370617503e-01
1.160420000000028449e+04 9.787557782146762975e-01
1.160440000000028522e+04 9.793796663686136217e-01
1.160460000000028595e+04 9.792928763685847526e-01
1.160480000000028667e+04 9.779872883761235869e-01
1.160500000000028740e+04 9.752631249992158580e-01
1.160520000000028813e+04 9.721431428831350807e-01
1.160540000000028886e+04 9.696390013958713361e-01
1.160560000000028958e+04 9.678106713190040011e-01
1.160580000000029031e+04 9.663893222945099115e-01
1.160600000000029104e+04 9.653587776979251078e-01
1.160620000000029177e+04 9.644105670929089547e-01
1.160640000000029249e+04 9.632205522187706759e-01
1.160660000000029322e+04 9.619051957212831905e-01
1.160680000000029395e+04 9.608590549603897024e-01
1.160700000000029468e+04 9.602708839411557840e-01
1.160720000000029540e+04 9.597646548069500572e-01
1.160740000000029613e+04 9.591245931867207197e-01
1.160760000000029686e+04 9.582300496494406961e-01
1.160780000000029759e+04 9.569887652667918854e-01
1.160800000000029831e+04 9.554745410444804854e-01
1.160820000000029904e+04 9.543685719223522490e-01
1.160840000000029977e+04 9.533096606549963381e-01
1.160860000000030050e+04 9.522978072424134188e-01
1.160880000000030122e+04 9.513330116846036022e-01
