1.152600000000000000e+04 3.398815321835643982e-03
1.152620000000000073e+04 1.754105460483968391e-03
1.152640000000000146e+04 3.338481751285803448e-04
1.152660000000000218e+04 -8.619565342305210258e-04
1.152680000000000291e+04 -1.833308667593333552e-03
1.152700000000000364e+04 -2.510617336144950994e-03
1.152720000000000437e+04 -2.990832017739608086e-03
1.152740000000000509e+04 -3.418402788158604860e-03
1.152760000000000582e+04 -3.902755372402357155e-03
1.152780000000000655e+04 -4.577538713565925885e-03
1.152800000000000728e+04 -5.534657920485545543e-03
1.152820000000000800e+04 -6.509787418585549421e-03
1.152840000000000873e+04 -7.299089922061323052e-03
1.152860000000000946e+04 -7.903848535766908046e-03
1.152880000000001019e+04 -8.398227856818998860e-03
1.152900000000001091e+04 -8.850045058445785498e-03
1.152920000000001164e+04 -9.339477470860073696e-03
1.152940000000001237e+04 -9.996658293718919258e-03
1.152960000000001310e+04 -1.075656053489202138e-02
1.152980000000001382e+04 -1.150891253666950012e-02
1.153000000000001455e+04 -1.216720886038954487e-02
1.153020000000001528e+04 -1.272502578739105605e-02
1.153040000000001601e+04 -1.316694098096917592e-02
1.153060000000001673e+04 -1.350811964408241486e-02
1.153080000000001746e+04 -1.377880325384773889e-02
1.153100000000001819e+04 -1.406333848966600034e-02
1.153120000000001892e+04 -1.438679809137835899e-02
1.153140000000001965e+04 -1.484894649954787357e-02
1.153160000000002037e+04 -1.537643789088420296e-02
1.153180000000002110e+04 -1.592667639628442613e-02
1.153200000000002183e+04 -1.642836238659742959e-02
1.153220000000002256e+04 -1.676082312495156407e-02
1.153240000000002328e+04 -1.682543978282422664e-02
1.153260000000002401e+04 -1.665919684399405631e-02
1.153280000000002474e+04 -1.637155285107389294e-02
1.153300000000002547e+04 -1.608599558129698154e-02
1.153320000000002619e+04 -1.579378876915713686e-02
1.153340000000002692e+04 -1.561226876999305228e-02
1.153360000000002765e+04 -1.543631310446033460e-02
1.153380000000002838e+04 -1.512505830231685583e-02
1.153400000000002910e+04 -1.463583379357515785e-02
1.153420000000002983e+04 -1.404231303926011323e-02
1.153440000000003056e+04 -1.337810955167827859e-02
1.153460000000003129e+04 -1.277082652810686628e-02
1.153480000000003201e+04 -1.236272896551140685e-02
1.153500000000003274e+04 -1.223162306728270768e-02
1.153520000000003347e+04 -1.220226444379915107e-02
1.153540000000003420e+04 -1.218386296424836535e-02
1.153560000000003492e+04 -1.204221878769337790e-02
1.153580000000003565e+04 -1.167938877471821901e-02
1.153600000000003638e+04 -1.105920490628954297e-02
1.153620000000003711e+04 -1.032665526804307267e-02
1.153640000000003783e+04 -9.645742036040993658e-03
1.153660000000003856e+04 -9.024427865209527083e-03
1.153680000000003929e+04 -8.428429822586798459e-03
1.153700000000004002e+04 -7.894852106106251335e-03
1.153720000000004075e+04 -7.375738529121338496e-03
1.153740000000004147e+04 -6.895141121324398908e-03
1.153760000000004220e+04 -6.386483792392548368e-03
1.153780000000004293e+04 -5.806820430292366705e-03
1.153800000000004366e+04 -5.184545457503438384e-03
1.153820000000004438e+04 -4.530941547399950156e-03
1.153840000000004511e+04 -3.864677589617775133e-03
1.153860000000004584e+04 -3.262295171345058059e-03
1.153880000000004657e+04 -2.850436910705448149e-03
1.153900000000004729e+04 -2.670413082046389601e-03
1.153920000000004802e+04 -2.519410453982525756e-03
1.153940000000004875e+04 -2.201033093943106575e-03
1.153960000000004948e+04 -1.749131580679631455e-03
1.153980000000005020e+04 -1.248771895153736157e-03
1.154000000000005093e+04 -7.475172018071901594e-04
1.154020000000005166e+04 -3.037066813152366454e-04
1.154040000000005239e+04 1.948957643901495554e-05
1.154060000000005311e+04 2.555303548066566177e-04
1.154080000000005384e+04 4.857853873196319588e-04
1.154100000000005457e+04 7.874377595486791500e-04
1.154120000000005530e+04 1.118793278052831065e-03
1.154140000000005602e+04 1.484213454046799576e-03
1.154160000000005675e+04 1.863844128827912665e-03
1.154180000000005748e+04 2.252203035290192140e-03
1.154200000000005821e+04 2.625076823981931356e-03
1.154220000000005894e+04 2.953005162150647376e-03
1.154240000000005966e+04 3.186934106169195171e-03
1.154260000000006039e+04 3.373059226241152848e-03
1.154280000000006112e+04 3.580247998999491581e-03
1.154300000000006185e+04 3.838335257653676617e-03
1.154320000000006257e+04 4.109194563313722966e-03
1.154340000000006330e+04 4.318621469928896929e-03
1.154360000000006403e+04 4.531701794962279123e-03
1.154380000000006476e+04 4.786667849269395786e-03
1.154400000000006548e+04 5.088736499720357062e-03
1.154420000000006621e+04 5.488390225588427387e-03
1.154440000000006694e+04 6.046780875233880026e-03
1.154460000000006767e+04 6.647966406305362563e-03
1.154480000000006839e+04 7.111106559202122826e-03
1.154500000000006912e+04 7.349263472787618927e-03
1.154520000000006985e+04 7.543968577868201929e-03
1.154540000000007058e+04 7.872828305487239789e-03
1.154560000000007130e+04 8.299808025610465670e-03
1.154580000000007203e+04 8.756297813418066969e-03
1.154600000000007276e+04 9.254465929789791948e-03
1.154620000000007349e+04 9.751477070900644445e-03
1.154640000000007421e+04 1.024811237188178598e-02
1.154660000000007494e+04 1.072916015107109808e-02
1.154680000000007567e+04 1.125553777638469560e-02
1.154700000000007640e+04 1.187628898438536709e-02
1.154720000000007713e+04 1.246526073196866508e-02
1.154740000000007785e+04 1.290123239023730287e-02
1.154760000000007858e+04 1.328539075834633473e-02
1.154780000000007931e+04 1.376006600440477998e-02
1.154800000000008004e+04 1.442304755819276418e-02
1.154820000000008076e+04 1.523268630171470059e-02
1.154840000000008149e+04 1.620717248330493312e-02
1.154860000000008222e+04 1.722921604899955994e-02
1.154880000000008295e+04 1.816324201362187057e-02
1.154900000000008367e+04 1.891650646210951692e-02
1.154920000000008440e+04 1.959438681535750557e-02
1.154940000000008513e+04 2.024687218854184789e-02
1.154960000000008586e+04 2.094519808727696164e-02
1.154980000000008658e+04 2.173255372265869845e-02
1.155000000000008731e+04 2.268763852267165898e-02
1.155020000000008804e+04 2.378237156225970067e-02
1.155040000000008877e+04 2.506100498433051077e-02
1.155060000000008949e+04 2.638238193293515610e-02
1.155080000000009022e+04 2.761326141946187501e-02
1.155100000000009095e+04 2.869331101308122620e-02
1.155120000000009168e+04 2.968775775947132128e-02
1.155140000000009240e+04 3.067289968598416877e-02
1.155160000000009313e+04 3.167080335727672641e-02
1.155180000000009386e+04 3.270562529548778907e-02
1.155200000000009459e+04 3.387960844409669547e-02
1.155220000000009532e+04 3.515132897750162383e-02
1.155240000000009604e+04 3.652619087610851911e-02
1.155260000000009677e+04 3.800750437816904914e-02
1.155280000000009750e+04 3.963371154189206103e-02
1.155300000000009823e+04 4.141625966091884437e-02
1.155320000000009895e+04 4.325352420976265322e-02
1.155340000000009968e+04 4.500099026255520440e-02
1.155360000000010041e+04 4.675430624893738007e-02
1.155380000000010114e+04 4.864754337173535920e-02
1.155400000000010186e+04 5.075320368527841408e-02
1.155420000000010259e+04 5.303814847340208860e-02
1.155440000000010332e+04 5.543290700271549104e-02
1.155460000000010405e+04 5.794345412428308223e-02
1.155480000000010477e+04 6.050760360724606601e-02
1.155500000000010550e+04 6.309683425174335281e-02
1.155520000000010623e+04 6.588151129099437120e-02
1.155540000000010696e+04 6.890994394789007327e-02
1.155560000000010768e+04 7.222924079504093597e-02
1.155580000000010841e+04 7.580366015850920069e-02
1.155600000000010914e+04 7.957728267701395797e-02
1.155620000000010987e+04 8.356375437086777103e-02
1.155640000000011059e+04 8.762993835553879729e-02
1.155660000000011132e+04 9.185622290794800970e-02
1.155680000000011205e+04 9.629105398175703823e-02
1.155700000000011278e+04 1.009539815140166330e-01
1.155720000000011350e+04 1.059219404960312638e-01
1.155740000000011423e+04 1.110772538279185817e-01
1.155760000000011496e+04 1.165666505866229385e-01
1.155780000000011569e+04 1.224210604983552997e-01
1.155800000000011642e+04 1.286255049928532734e-01
1.155820000000011714e+04 1.352985185343961727e-01
1.155840000000011787e+04 1.422306552374896782e-01
1.155860000000011860e+04 1.496517890854746624e-01
1.155880000000011933e+04 1.575744444636170138e-01
1.155900000000012005e+04 1.659910754221294860e-01
1.155920000000012078e+04 1.752005573866897703e-01
1.155940000000012151e+04 1.850465924239104720e-01
1.155960000000012224e+04 1.957569445135464714e-01
1.155980000000012296e+04 2.072178833948861987e-01
1.156000000000012369e+04 2.193099616917725814e-01
1.156020000000012442e+04 2.324564410251521718e-01
1.156040000000012515e+04 2.463005400812203205e-01
1.156060000000012587e+04 2.613901932159631847e-01
1.156080000000012660e+04 2.777966976685283251e-01
1.156100000000012733e+04 2.955093297298791999e-01
1.156120000000012806e+04 3.150342862057161630e-01
1.156140000000012878e+04 3.357647522252068528e-01
1.156160000000012951e+04 3.584683149774544608e-01
1.156180000000013024e+04 3.831386129969003296e-01
1.156200000000013097e+04 4.096591259572909260e-01
1.156220000000013169e+04 4.390873031510230673e-01
1.156240000000013242e+04 4.708048596370296712e-01
1.156260000000013315e+04 5.056640804594920713e-01
1.156280000000013388e+04 5.435628553245561712e-01
1.156300000000013461e+04 5.839960718353891522e-01
1.156320000000013533e+04 6.279333003969896909e-01
1.156340000000013606e+04 6.743860242587977893e-01
1.156360000000013679e+04 7.237889180186650728e-01
1.156380000000013752e+04 7.763495526377517386e-01
1.156400000000013824e+04 8.310368355073627367e-01
1.156420000000013897e+04 8.877486100055780316e-01
1.156440000000013970e+04 9.457633472870200508e-01
1.156460000000014043e+04 1.003651915567173258e+00
1.156480000000014115e+04 1.061388222841426643e+00
1.156500000000014188e+04 1.117276802446023787e+00
1.156520000000014261e+04 1.169734038946801391e+00
1.156540000000014334e+04 1.219134856546598478e+00
1.156560000000014406e+04 1.262531567430290824e+00
1.156580000000014479e+04 1.299394517290915374e+00
1.156600000000014552e+04 1.329554262615601168e+00
1.156620000000014625e+04 1.351439202006965878e+00
1.156640000000014697e+04 1.366918014211608634e+00
1.156660000000014770e+04 1.375487238006035451e+00
1.156680000000014843e+04 1.377701874303013607e+00
1.156700000000014916e+04 1.376085404973583337e+00
1.156720000000014988e+04 1.369677802553037171e+00
1.156740000000015061e+04 1.360587454932909779e+00
1.156760000000015134e+04 1.349306725537877671e+00
1.156780000000015207e+04 1.335966622313159435e+00
1.156800000000015280e+04 1.321897913062912933e+00
1.156820000000015352e+04 1.306471727975676345e+00
1.156840000000015425e+04 1.290097263379977655e+00
1.156860000000015498e+04 1.273253055751294216e+00
1.156880000000015571e+04 1.256105645870268184e+00
1.156900000000015643e+04 1.239184217737311577e+00
1.156920000000015716e+04 1.222612302808273377e+00
1.156940000000015789e+04 1.206312866687802243e+00
1.156960000000015862e+04 1.190902075139166127e+00
1.156980000000015934e+04 1.176536523125744527e+00
1.157000000000016007e+04 1.163191832181036611e+00
1.157020000000016080e+04 1.151112213462360145e+00
1.157040000000016153e+04 1.140016674499107152e+00
1.157060000000016225e+04 1.129781124233638412e+00
1.157080000000016298e+04 1.119942632178838160e+00
1.157100000000016371e+04 1.110023871478165169e+00
1.157120000000016444e+04 1.100769822547721599e+00
1.157140000000016516e+04 1.092383602843454593e+00
1.157160000000016589e+04 1.084821880018865814e+00
1.157180000000016662e+04 1.077894333622038125e+00
1.157200000000016735e+04 1.071278449312357273e+00
1.157220000000016807e+04 1.064883908160061621e+00
1.157240000000016880e+04 1.058322192205028767e+00
1.157260000000016953e+04 1.051700019763289529e+00
1.157280000000017026e+04 1.045261634587641986e+00
1.157300000000017099e+04 1.039124978033023838e+00
1.157320000000017171e+04 1.033284466113000066e+00
1.157340000000017244e+04 1.027632370528323458e+00
1.157360000000017317e+04 1.022245970554137129e+00
1.157380000000017390e+04 1.017073172516799850e+00
1.157400000000017462e+04 1.012077136731368565e+00
1.157420000000017535e+04 1.007486511204391810e+00
1.157440000000017608e+04 1.003251673058906279e+00
1.157460000000017681e+04 9.995445330195191769e-01
1.157480000000017753e+04 9.963961311045435032e-01
1.157500000000017826e+04 9.937116614860868058e-01
1.157520000000017899e+04 9.915196288136678415e-01
1.157540000000017972e+04 9.894699491376188760e-01
1.157560000000018044e+04 9.878031795303842122e-01
1.157580000000018117e+04 9.866548389136414743e-01
1.157600000000018190e+04 9.859928508914352907e-01
1.157620000000018263e+04 9.859876566110160612e-01
1.157640000000018335e+04 9.864939334508937563e-01
1.157660000000018408e+04 9.875169959112961582e-01
1.157680000000018481e+04 9.888654089536983438e-01
1.157700000000018554e+04 9.903142034831016183e-01
1.157720000000018626e+04 9.922140687196672193e-01
1.157740000000018699e+04 9.946023492404904021e-01
1.157760000000018772e+04 9.974627774507487388e-01
1.157780000000018845e+04 1.000752889266785184e+00
1.157800000000018917e+04 1.004246271668325141e+00
1.157820000000018990e+04 1.007776661167620436e+00
1.157840000000019063e+04 1.011049641146115396e+00
1.157860000000019136e+04 1.014045088824874430e+00
1.157880000000019209e+04 1.016876813874411090e+00
1.157900000000019281e+04 1.019597469726561956e+00
1.157920000000019354e+04 1.022255712429598562e+00
1.157940000000019427e+04 1.025001182679494471e+00
1.157960000000019500e+04 1.027717067719719379e+00
1.157980000000019572e+04 1.030282187422473905e+00
1.158000000000019645e+04 1.032579630945166693e+00
1.158020000000019718e+04 1.034553759600539191e+00
1.158040000000019791e+04 1.036462103087089526e+00
1.158060000000019863e+04 1.037852267296623276e+00
1.158080000000019936e+04 1.038455241861739875e+00
1.158100000000020009e+04 1.038212273242195893e+00
1.158120000000020082e+04 1.037066665359864803e+00
1.158140000000020154e+04 1.035221409394087466e+00
1.158160000000020227e+04 1.032862569507284611e+00
1.158180000000020300e+04 1.030338942051852280e+00
1.158200000000020373e+04 1.028045131091438247e+00
1.158220000000020445e+04 1.025516067237454143e+00
1.158240000000020518e+04 1.022743658207688089e+00
1.158260000000020591e+04 1.019497571070104858e+00
1.158280000000020664e+04 1.015656068526750166e+00
1.158300000000020736e+04 1.011252495721357336e+00
1.158320000000020809e+04 1.006405681263570218e+00
1.158340000000020882e+04 1.001247172708352062e+00
1.158360000000020955e+04 9.961107166909040078e-01
1.158380000000021028e+04 9.911641567557086807e-01
1.158400000000021100e+04 9.866930633621282531e-01
1.158420000000021173e+04 9.827060396897857597e-01
1.158440000000021246e+04 9.791193986047328490e-01
1.158460000000021319e+04 9.760332263944343500e-01
1.158480000000021391e+04 9.733890656108494799e-01
1.158500000000021464e+04 9.710459529455675032e-01
1.158520000000021537e+04 9.691603536663655483e-01
1.158540000000021610e+04 9.676504113916956085e-01
1.158560000000021682e+04 9.664632445337892896e-01
1.158580000000021755e+04 9.655203468858798432e-01
1.158600000000021828e+04 9.646421485379672589e-01
1.158620000000021901e+04 9.638758741786319639e-01
1.158640000000021973e+04 9.630302241458094104e-01
1.158660000000022046e+04 9.622729450034226417e-01
1.158680000000022119e+04 9.617628744603370361e-01
1.158700000000022192e+04 9.615649009594312568e-01
1.158720000000022264e+04 9.616894525315184961e-01
1.158740000000022337e+04 9.621295328541250580e-01
1.158760000000022410e+04 9.627277400362277415e-01
1.158780000000022483e+04 9.632589298178748649e-01
1.158800000000022555e+04 9.635560441550776734e-01
1.158820000000022628e+04 9.638452339423939641e-01
1.158840000000022701e+04 9.641165444949661989e-01
1.158860000000022774e+04 9.646430235288291355e-01
1.158880000000022847e+04 9.656015451386721349e-01
1.158900000000022919e+04 9.671143851014161186e-01
1.158920000000022992e+04 9.691147366993012602e-01
1.158940000000023065e+04 9.714819739541262766e-01
1.158960000000023138e+04 9.740892541315371300e-01
1.158980000000023210e+04 9.767513662372082628e-01
1.159000000000023283e+04 9.792995966705242417e-01
1.159020000000023356e+04 9.819754524611747915e-01
1.159040000000023429e+04 9.847416147107326267e-01
1.159060000000023501e+04 9.878490267386899060e-01
1.159080000000023574e+04 9.914798487839597829e-01
1.159100000000023647e+04 9.956820538186239578e-01
1.159120000000023720e+04 1.000327126957075929e+00
1.159140000000023792e+04 1.005229960059616179e+00
1.159160000000023865e+04 1.010226713115538910e+00
1.159180000000023938e+04 1.015177296567367105e+00
1.159200000000024011e+04 1.019903687958899408e+00
1.159220000000024083e+04 1.024591397445781871e+00
1.159240000000024156e+04 1.029380841643174893e+00
1.159260000000024229e+04 1.034198053366522707e+00
1.159280000000024302e+04 1.038988894345452829e+00
1.159300000000024374e+04 1.043721350867810038e+00
1.159320000000024447e+04 1.048303043967966364e+00
1.159340000000024520e+04 1.052920314874981500e+00
1.159360000000024593e+04 1.057171433051114828e+00
1.159380000000024665e+04 1.060840863268315726e+00
1.159400000000024738e+04 1.063873402538751733e+00
1.159420000000024811e+04 1.066182043468850704e+00
1.159440000000024884e+04 1.068014415375200477e+00
1.159460000000024957e+04 1.069325817483771202e+00
1.159480000000025029e+04 1.070322252746813696e+00
1.159500000000025102e+04 1.071250331017858048e+00
1.159520000000025175e+04 1.071609043658163785e+00
1.159540000000025248e+04 1.071364554939370883e+00
1.159560000000025320e+04 1.070397701323531070e+00
1.159580000000025393e+04 1.068850853247595323e+00
1.159600000000025466e+04 1.066917471334288603e+00
1.159620000000025539e+04 1.064388310909895941e+00
1.159640000000025611e+04 1.061338781494356454e+00
1.159660000000025684e+04 1.057876517182801068e+00
1.159680000000025757e+04 1.054065787348009486e+00
1.159700000000025830e+04 1.050164596842100728e+00
1.159720000000025902e+04 1.046281855856175058e+00
1.159740000000025975e+04 1.042681947569691125e+00
1.159760000000026048e+04 1.039315484897677333e+00
1.159780000000026121e+04 1.036032481030249031e+00
1.159800000000026193e+04 1.032713624624371107e+00
1.159820000000026266e+04 1.029315847527853656e+00
1.159840000000026339e+04 1.025715459623248949e+00
1.159860000000026412e+04 1.022015359530795031e+00
1.159880000000026484e+04 1.018362448686934707e+00
1.159900000000026557e+04 1.014873353121022559e+00
1.159920000000026630e+04 1.011512220316632238e+00
1.159940000000026703e+04 1.008160643052110839e+00
1.159960000000026776e+04 1.004966106790288416e+00
1.159980000000026848e+04 1.001956278859278848e+00
1.160000000000026921e+04 9.991586635308882247e-01
1.160020000000026994e+04 9.967639438399389373e-01
1.160040000000027067e+04 9.948967544281898112e-01
1.160060000000027139e+04 9.933846988799960309e-01
1.160080000000027212e+04 9.919668433358650450e-01
1.160100000000027285e+04 9.903926837321433974e-01
1.160120000000027358e+04 9.887712868312392711e-01
1.160140000000027430e+04 9.870473123194050125e-01
1.160160000000027503e+04 9.853314681253217966e-01
1.160180000000027576e+04 9.837669996988991361e-01
1.160200000000027649e+04 9.824800908468158678e-01
1.160220000000027721e+04 9.813904270913829109e-01
1.160240000000027794e+04 9.804164384213813754e-01
1.160260000000027867e+04 9.795746380333654191e-01
1.160280000000027940e+04 9.789217828459797488e-01
1.160300000000028012e+04 9.783793814990036086e-01
1.160320000000028085e+04 9.778539263786691915e-01
1.160340000000028158e+04 9.772939755562969344e-01
1.160360000000028231e+04 9.765185800966587060e-01
1.160380000000028303e+04 9.754113192290296830e-01
1.160400000000028376e+04 9.739374868176220446e-01
1.160420000000028449e+04 9.722209957305332217e-01
1.160440000000028522e+04 9.703796296704888524e-01
1.160460000000028595e+04 9.685677058511175108e-01
1.160480000000028667e+04 9.669267172294528923e-01
1.160500000000028740e+04 9.655555171655845204e-01
1.160520000000028813e+04 9.642652675128321471e-01
1.160540000000028886e+04 9.629438121794873240e-01
1.160560000000028958e+04 9.615001585753129021e-01
1.160580000000029031e+04 9.599352026886220912e-01
1.160600000000029104e+04 9.581715117467799470e-01
1.160620000000029177e+04 9.561739822067911732e-01
1.160640000000029249e+04 9.537896996693087104e-01
1.160660000000029322e+04 9.512685059762016060e-01
1.160680000000029395e+04 9.487536315183537905e-01
1.160700000000029468e+04 9.464562766359320145e-01
1.160720000000029540e+04 9.445891494804129485e-01
1.160740000000029613e+04 9.433386269967332094e-01
1.160760000000029686e+04 9.426034644179790423e-01
1.160780000000029759e+04 9.421142714146820696e-01
1.160800000000029831e+04 9.415490298417037440e-01
1.160820000000029904e+04 9.408880322205127600e-01
1.160840000000029977e+04 9.402341023421030286e-01
1.160860000000030050e+04 9.395872402064748830e-01
1.160880000000030122e+04 9.389474458136283230e-01
